0.0	0.0
0.010000607418605907	0.0
0.020001214837211814	0.0
0.03000182225581772	0.0
0.04000242967442363	0.0
0.050003037093029536	0.0
0.06000364451163544	0.0
0.07000425193024135	0.0
0.08000485934884725	0.0
0.09000546676745316	0.0
0.10000607418605907	0.0
0.11000668160466498	0.0
0.12000728902327087	0.0
0.1300078964418768	0.0
0.1400085038604827	0.0
0.1500091112790886	0.0
0.1600097186976945	0.0
0.1700103261163004	0.0
0.18001093353490633	0.0
0.19001154095351222	0.0
0.20001214837211814	0.0
0.21001275579072404	0.0
0.22001336320932996	0.0
0.23001397062793585	0.0
0.24001457804654175	0.0
0.25001518546514767	0.0
0.2600157928837536	0.0
0.27001640030235946	0.0
0.2800170077209654	0.0
0.2900176151395713	0.0
0.3000182225581772	0.0
0.3100188299767831	0.0
0.320019437395389	0.0
0.33002004481399494	0.0
0.3400206522326008	0.0
0.35002125965120673	0.0
0.36002186706981265	0.0
0.3700224744884186	0.0
0.38002308190702444	0.0
0.39002368932563036	0.0
0.4000242967442363	0.0
0.41002490416284215	0.0
0.4200255115814481	0.0
0.430026119000054	0.0
0.4400267264186599	0.0
0.4500273338372658	0.0
0.4600279412558717	0.0
0.47002854867447763	0.0
0.4800291560930835	0.0
0.4900297635116894	0.0
0.5000303709302953	0.0
0.5100309783489012	0.0
0.5200315857675072	0.0
0.530032193186113	0.0
0.5400328006047189	0.0
0.5500334080233249	0.0
0.5600340154419308	0.0
0.5700346228605366	0.0
0.5800352302791426	0.0
0.5900358376977485	0.0
0.6000364451163545	0.0
0.6100370525349603	0.0
0.6200376599535662	0.0
0.6300382673721722	0.0
0.640038874790778	0.0
0.6500394822093839	0.0
0.6600400896279899	0.0
0.6700406970465957	0.0
0.6800413044652016	0.0
0.6900419118838076	0.0
0.7000425193024135	0.0
0.7100431267210194	0.0
0.7200437341396253	0.0
0.7300443415582312	0.0
0.7400449489768371	0.0
0.750045556395443	0.0
0.7600461638140489	0.0
0.7700467712326549	0.0
0.7800473786512607	0.0
0.7900479860698666	0.0
0.8000485934884726	0.0
0.8100492009070784	0.0
0.8200498083256843	0.0
0.8300504157442903	0.0
0.8400510231628961	0.0
0.8500516305815021	0.0
0.860052238000108	0.0
0.8700528454187139	0.0
0.8800534528373198	0.0
0.8900540602559257	0.0
0.9000546676745316	0.0
0.9100552750931376	0.0
0.9200558825117434	0.0
0.9300564899303493	0.0
0.9400570973489553	0.0
0.9500577047675611	0.0
0.960058312186167	0.0
0.970058919604773	0.0
0.9800595270233788	0.0
0.9900601344419848	0.0
1.0000607418605907	0.0
1.0100613492791966	0.0
1.0200619566978024	0.0
1.0300625641164085	0.0
1.0400631715350144	0.0
1.0500637789536202	0.0
1.060064386372226	0.0
1.070064993790832	0.0
1.0800656012094378	0.0
1.090066208628044	0.0
1.1000668160466498	0.0
1.1100674234652557	0.0
1.1200680308838615	0.0
1.1300686383024674	0.0
1.1400692457210733	0.0
1.1500698531396794	0.0
1.1600704605582852	0.0
1.170071067976891	0.0
1.180071675395497	0.0
1.1900722828141028	0.0
1.200072890232709	0.0
1.2100734976513148	0.0
1.2200741050699206	0.0
1.2300747124885265	0.0
1.2400753199071324	0.0
1.2500759273257382	0.0
1.2600765347443443	0.0
1.2700771421629502	0.0
1.280077749581556	0.0
1.290078357000162	0.0
1.3000789644187678	0.0
1.310079571837374	0.0
1.3200801792559798	0.0
1.3300807866745856	0.0
1.3400813940931915	0.0
1.3500820015117974	0.0
1.3600826089304032	0.0
1.3700832163490093	0.0
1.3800838237676152	0.0
1.390084431186221	0.0
1.400085038604827	0.0
1.4100856460234328	0.0
1.4200862534420389	0.0
1.4300868608606447	0.0
1.4400874682792506	0.0
1.4500880756978565	0.0
1.4600886831164623	0.0
1.4700892905350682	0.0
1.4800898979536743	0.0
1.4900905053722802	0.0
1.500091112790886	0.0
1.510091720209492	0.0
1.5200923276280978	0.0
1.5300929350467036	0.0
1.5400935424653097	0.0
1.5500941498839156	0.0
1.5600947573025215	0.0
1.5700953647211273	0.0
1.5800959721397332	0.0
1.5900965795583393	0.0
1.6000971869769451	0.0
1.610097794395551	0.0
1.6200984018141569	0.0
1.6300990092327627	0.0
1.6400996166513686	0.0
1.6501002240699747	0.0
1.6601008314885806	0.0
1.6701014389071864	0.0
1.6801020463257923	0.0
1.6901026537443982	0.0
1.7001032611630043	0.0
1.7101038685816101	0.0
1.720104476000216	0.0
1.7301050834188219	0.0
1.7401056908374277	0.0
1.7501062982560336	0.0
1.7601069056746397	0.0
1.7701075130932455	0.0
1.7801081205118514	0.0
1.7901087279304573	0.0
1.8001093353490631	0.0
1.8101099427676692	0.0
1.820110550186275	0.0
1.830111157604881	0.0
1.8401117650234868	0.0
1.8501123724420927	0.0
1.8601129798606986	0.0
1.8701135872793047	0.0
1.8801141946979105	0.0
1.8901148021165164	0.0
1.9001154095351223	0.0
1.9101160169537281	0.0
1.920116624372334	0.0
1.93011723179094	0.0
1.940117839209546	0.0
1.9501184466281518	0.0
1.9601190540467577	0.0
1.9701196614653635	0.0
1.9801202688839696	0.0
1.9901208763025755	0.0
2.0001214837211814	0.0
2.0101220911397872	0.0
2.020122698558393	0.0
2.030123305976999	0.0
2.040123913395605	0.0
2.0501245208142107	0.0
2.060125128232817	0.0
2.070125735651423	0.0
2.0801263430700287	0.0
2.0901269504886346	0.0
2.1001275579072405	0.0
2.1101281653258463	0.0
2.120128772744452	0.0
2.130129380163058	0.0
2.140129987581664	0.0
2.15013059500027	0.0
2.1601312024188757	0.0
2.1701318098374816	0.0
2.180132417256088	0.0
2.1901330246746937	0.0
2.2001336320932996	0.0
2.2101342395119055	0.0
2.2201348469305113	0.0
2.230135454349117	0.0
2.240136061767723	0.0
2.250136669186329	0.0
2.260137276604935	0.0
2.2701378840235407	0.0
2.2801384914421465	0.0
2.290139098860753	0.0
2.3001397062793587	0.0
2.3101403136979646	0.0
2.3201409211165704	0.0
2.3301415285351763	0.0
2.340142135953782	0.0
2.350142743372388	0.0
2.360143350790994	0.0
2.3701439582095998	0.0
2.3801445656282056	0.0
2.3901451730468115	0.0
2.400145780465418	0.0
2.4101463878840237	0.0
2.4201469953026296	0.0
2.4301476027212354	0.0
2.4401482101398413	0.0
2.450148817558447	0.0
2.460149424977053	0.0
2.470150032395659	0.0
2.4801506398142648	0.0
2.4901512472328706	0.0
2.5001518546514765	0.0
2.510152462070083	0.0
2.5201530694886887	0.0
2.5301536769072945	0.0
2.5401542843259004	0.0
2.5501548917445063	0.0
2.560155499163112	0.0
2.570156106581718	0.0
2.580156714000324	0.0
2.5901573214189297	0.0
2.6001579288375356	0.0
2.6101585362561415	0.0
2.620159143674748	0.0
2.6301597510933536	0.0
2.6401603585119595	0.0
2.6501609659305654	0.0
2.6601615733491712	0.0
2.670162180767777	0.0
2.680162788186383	0.0
2.690163395604989	0.0
2.7001640030235947	0.0
2.7101646104422006	0.0
2.7201652178608065	0.0
2.7301658252794128	0.0
2.7401664326980186	0.0
2.7501670401166245	0.0
2.7601676475352304	0.0
2.7701682549538362	0.0
2.780168862372442	0.0
2.790169469791048	0.0
2.800170077209654	0.0
2.8101706846282597	0.0
2.8201712920468656	0.0
2.8301718994654714	0.0
2.8401725068840777	0.0
2.8501731143026836	0.0
2.8601737217212895	0.0
2.8701743291398953	0.0
2.880174936558501	0.0
2.890175543977107	0.0
2.900176151395713	0.0
2.910176758814319	0.0
2.9201773662329247	0.0
2.9301779736515305	0.0
2.9401785810701364	0.0
2.9501791884887427	0.0
2.9601797959073486	0.0
2.9701804033259545	0.0
2.9801810107445603	0.0
2.990181618163166	0.0
3.000182225581772	0.0
3.010182833000378	0.0
3.020183440418984	0.0
3.0301840478375897	0.0
3.0401846552561955	0.0
3.0501852626748014	0.0
3.0601858700934073	0.0
3.0701864775120136	0.0
3.0801870849306194	0.0
3.0901876923492253	0.0
3.100188299767831	0.0
3.110188907186437	0.0
3.120189514605043	0.0
3.1301901220236488	0.0
3.1401907294422546	0.0
3.1501913368608605	0.0
3.1601919442794664	0.0
3.1701925516980722	0.0
3.1801931591166785	0.0
3.1901937665352844	0.0
3.2001943739538903	0.0
3.210194981372496	0.0
3.220195588791102	0.0
3.230196196209708	0.0
3.2401968036283137	0.0
3.2501974110469196	0.0
3.2601980184655255	0.0
3.2701986258841313	0.0
3.280199233302737	0.0
3.2901998407213435	0.0
3.3002004481399494	0.0
3.3102010555585553	0.0
3.320201662977161	0.0
3.330202270395767	0.0
3.340202877814373	0.0
3.3502034852329787	0.0
3.3602040926515846	0.0
3.3702047000701905	0.0
3.3802053074887963	0.0
3.390205914907402	0.0
3.4002065223260085	0.0
3.4102071297446144	0.0
3.4202077371632202	0.0
3.430208344581826	0.0
3.440208952000432	0.0
3.450209559419038	0.0
3.4602101668376437	0.0
3.4702107742562496	0.0
3.4802113816748554	0.0
3.4902119890934613	0.0
3.500212596512067	0.0
3.5102132039306735	0.0
3.5202138113492794	0.0
3.530214418767885	0.0
3.540215026186491	0.0
3.550215633605097	0.0
3.560216241023703	0.0
3.5702168484423087	0.0
3.5802174558609146	0.0
3.5902180632795204	0.0
3.6002186706981263	0.0
3.610219278116732	0.0
3.6202198855353385	0.0
3.6302204929539443	0.0
3.64022110037255	0.0
3.650221707791156	0.0
3.660222315209762	0.0
3.670222922628368	0.0
3.6802235300469737	0.0
3.6902241374655795	0.0
3.7002247448841854	0.0
3.7102253523027913	0.0
3.720225959721397	0.0
3.7302265671400034	0.0
3.7402271745586093	0.0
3.750227781977215	0.0
3.760228389395821	0.0
3.770228996814427	0.0
3.780229604233033	0.0
3.7902302116516386	0.0
3.8002308190702445	0.0
3.8102314264888504	0.0
3.8202320339074562	0.0
3.830232641326062	0.0
3.840233248744668	0.0
3.8502338561632743	0.0
3.86023446358188	0.0
3.870235071000486	231.0
3.880235678419092	231.0
3.8902362858376978	228.0
3.9002368932563036	228.0
3.9102375006749095	228.0
3.9202381080935154	228.0
3.9302387155121212	228.0
3.940239322930727	228.0
3.950239930349333	228.0
3.9602405377679393	228.0
3.970241145186545	228.0
3.980241752605151	228.0
3.990242360023757	228.0
4.000242967442363	228.0
4.010243574860969	228.0
4.0202441822795745	228.0
4.03024478969818	228.0
4.040245397116786	231.0
4.050246004535392	231.0
4.060246611953998	231.0
4.070247219372604	231.0
4.08024782679121	231.0
4.0902484342098155	231.0
4.100249041628421	228.0
4.110249649047027	228.0
4.120250256465634	226.0
4.13025086388424	223.0
4.140251471302846	220.0
4.150252078721452	215.0
4.1602526861400575	215.0
4.170253293558663	213.0
4.180253900977269	213.0
4.190254508395875	215.0
4.200255115814481	220.0
4.210255723233087	0.0
4.220256330651693	0.0
4.230256938070299	245.0
4.240257545488904	250.0
4.25025815290751	253.0
4.260258760326116	259.0
4.270259367744722	259.0
4.280259975163328	259.0
4.290260582581934	259.0
4.30026119000054	253.0
4.3102617974191455	250.0
4.320262404837751	245.0
4.330263012256357	239.0
4.340263619674963	236.0
4.35026422709357	234.0
4.360264834512176	231.0
4.370265441930782	228.0
4.3802660493493875	228.0
4.390266656767993	226.0
4.400267264186599	223.0
4.410267871605205	220.0
4.420268479023811	215.0
4.430269086442417	210.0
4.440269693861023	208.0
4.4502703012796285	208.0
4.460270908698234	210.0
4.47027151611684	210.0
4.480272123535446	220.0
4.490272730954052	0.0
4.500273338372658	248.0
4.510273945791264	262.0
4.52027455320987	268.0
4.5302751606284755	275.0
4.540275768047081	278.0
4.550276375465687	275.0
4.560276982884293	272.0
4.5702775903029	268.0
4.580278197721506	265.0
4.5902788051401116	262.0
4.600279412558717	259.0
4.610280019977323	256.0
4.620280627395929	250.0
4.630281234814535	248.0
4.640281842233141	245.0
4.650282449651747	242.0
4.660283057070353	239.0
4.6702836644889585	239.0
4.680284271907564	239.0
4.69028487932617	239.0
4.700285486744776	239.0
4.710286094163382	242.0
4.720286701581988	242.0
4.730287309000594	248.0
4.7402879164191996	0.0
4.750288523837805	262.0
4.760289131256411	268.0
4.770289738675017	275.0
4.780290346093623	281.0
4.79029095351223	284.0
4.800291560930836	284.0
4.8102921683494415	284.0
4.820292775768047	281.0
4.830293383186653	0.0
4.840293990605259	0.0
4.850294598023865	0.0
4.860295205442471	0.0
4.870295812861077	0.0
4.880296420279683	0.0
4.8902970276982884	0.0
4.900297635116894	231.0
4.9102982425355	0.0
4.920298849954106	0.0
4.930299457372712	0.0
4.940300064791318	0.0
4.950300672209924	0.0
4.9603012796285295	0.0
4.970301887047135	0.0
4.980302494465741	0.0
4.990303101884347	0.0
5.000303709302953	0.0
5.01030431672156	0.0
5.020304924140166	0.0
5.0303055315587715	0.0
5.040306138977377	0.0
5.050306746395983	0.0
5.060307353814589	0.0
5.070307961233195	0.0
5.080308568651801	0.0
5.090309176070407	0.0
5.1003097834890125	0.0
5.110310390907618	0.0
5.120310998326224	0.0
5.13031160574483	0.0
5.140312213163436	0.0
5.150312820582042	0.0
5.160313428000648	0.0
5.170314035419254	0.0
5.1803146428378595	0.0
5.190315250256465	0.0
5.200315857675071	0.0
5.210316465093677	185.0
5.220317072512283	0.0
5.230317679930889	0.0
5.240318287349496	0.0
5.250318894768101	0.0
5.260319502186707	0.0
5.270320109605313	0.0
5.280320717023919	0.0
5.290321324442525	0.0
5.300321931861131	0.0
5.310322539279737	0.0
5.3203231466983425	0.0
5.330323754116948	0.0
5.340324361535554	0.0
5.35032496895416	0.0
5.360325576372766	0.0
5.370326183791372	0.0
5.380326791209978	0.0
5.390327398628584	0.0
5.400328006047189	0.0
5.410328613465795	0.0
5.420329220884401	0.0
5.430329828303007	0.0
5.440330435721613	0.0
5.450331043140219	0.0
5.4603316505588255	0.0
5.470332257977431	0.0
5.480332865396037	0.0
5.490333472814643	0.0
5.500334080233249	0.0
5.510334687651855	0.0
5.520335295070461	0.0
5.530335902489067	0.0
5.5403365099076725	0.0
5.550337117326278	0.0
5.560337724744884	0.0
5.57033833216349	0.0
5.580338939582096	0.0
5.590339547000702	0.0
5.600340154419308	0.0
5.6103407618379135	0.0
5.620341369256519	0.0
5.630341976675125	0.0
5.640342584093731	0.0
5.650343191512337	0.0
5.660343798930943	0.0
5.670344406349549	0.0
5.6803450137681555	0.0
5.690345621186761	0.0
5.700346228605367	0.0
5.710346836023973	0.0
5.720347443442579	0.0
5.730348050861185	0.0
5.740348658279791	0.0
5.7503492656983966	0.0
5.760349873117002	0.0
5.770350480535608	0.0
5.780351087954214	0.0
5.79035169537282	0.0
5.800352302791426	0.0
5.810352910210032	0.0
5.820353517628638	0.0
5.8303541250472435	0.0
5.840354732465849	0.0
5.850355339884455	0.0
5.860355947303061	0.0
5.870356554721667	0.0
5.880357162140273	0.0
5.890357769558879	0.0
5.900358376977485	0.0
5.910358984396091	0.0
5.920359591814697	0.0
5.930360199233303	0.0
5.940360806651909	0.0
5.950361414070515	0.0
5.960362021489121	0.0
5.9703626289077265	0.0
5.980363236326332	0.0
5.990363843744938	0.0
6.000364451163544	0.0
6.01036505858215	0.0
6.020365666000756	0.0
6.030366273419362	0.0
6.040366880837968	0.0
6.0503674882565734	0.0
6.060368095675179	0.0
6.070368703093785	0.0
6.080369310512391	0.0
6.090369917930997	0.0
6.100370525349603	0.0
6.110371132768209	0.0
6.1203717401868145	0.0
6.130372347605421	0.0
6.140372955024027	0.0
6.150373562442633	0.0
6.160374169861239	0.0
6.170374777279845	0.0
6.180375384698451	0.0
6.1903759921170565	0.0
6.200376599535662	0.0
6.210377206954268	0.0
6.220377814372874	0.0
6.23037842179148	0.0
6.240379029210086	0.0
6.250379636628692	0.0
6.2603802440472975	0.0
6.270380851465903	0.0
6.280381458884509	0.0
6.290382066303115	0.0
6.300382673721721	190.0
6.310383281140327	187.0
6.320383888558933	0.0
6.330384495977539	0.0
6.3403851033961445	0.0
6.350385710814751	0.0
6.360386318233357	0.0
6.370386925651963	0.0
6.380387533070569	0.0
6.390388140489175	0.0
6.400388747907781	0.0
6.410389355326386	0.0
6.420389962744992	0.0
6.430390570163598	0.0
6.440391177582204	0.0
6.45039178500081	0.0
6.460392392419416	0.0
6.470392999838022	0.0
6.4803936072566275	0.0
6.490394214675233	0.0
6.500394822093839	0.0
6.510395429512445	0.0
6.520396036931051	0.0
6.530396644349657	0.0
6.540397251768263	0.0
6.550397859186869	0.0
6.560398466605474	0.0
6.570399074024081	0.0
6.580399681442687	0.0
6.590400288861293	0.0
6.600400896279899	0.0
6.610401503698505	0.0
6.6204021111171105	0.0
6.630402718535716	0.0
6.640403325954322	0.0
6.650403933372928	0.0
6.660404540791534	0.0
6.67040514821014	0.0
6.680405755628746	0.0
6.690406363047352	0.0
6.7004069704659575	0.0
6.710407577884563	0.0
6.720408185303169	0.0
6.730408792721775	0.0
6.740409400140381	0.0
6.750410007558987	0.0
6.760410614977593	0.0
6.7704112223961985	0.0
6.780411829814804	0.0
6.790412437233411	0.0
6.800413044652017	0.0
6.810413652070623	0.0
6.820414259489229	0.0
6.830414866907835	0.0
6.8404154743264405	0.0
6.850416081745046	0.0
6.860416689163652	0.0
6.870417296582258	0.0
6.880417904000864	0.0
6.89041851141947	0.0
6.900419118838076	0.0
6.9104197262566815	0.0
6.920420333675287	0.0
6.930420941093893	0.0
6.940421548512499	0.0
6.950422155931105	0.0
6.960422763349711	0.0
6.970423370768317	0.0
6.980423978186923	0.0
6.9904245856055285	0.0
7.000425193024134	0.0
7.01042580044274	0.0
7.020426407861347	0.0
7.030427015279953	0.0
7.040427622698559	0.0
7.050428230117165	0.0
7.06042883753577	0.0
7.070429444954376	0.0
7.080430052372982	0.0
7.090430659791588	0.0
7.100431267210194	0.0
7.1104318746288	0.0
7.120432482047406	0.0
7.1304330894660115	0.0
7.140433696884617	0.0
7.150434304303223	0.0
7.160434911721829	0.0
7.170435519140435	0.0
7.180436126559041	0.0
7.190436733977647	0.0
7.200437341396253	0.0
7.2104379488148584	0.0
7.220438556233464	0.0
7.23043916365207	0.0
7.240439771070677	0.0
7.250440378489283	0.0
7.260440985907889	0.0
7.2704415933264945	0.0
7.2804422007451	0.0
7.290442808163706	0.0
7.300443415582312	0.0
7.310444023000918	0.0
7.320444630419524	0.0
7.33044523783813	0.0
7.340445845256736	0.0
7.3504464526753415	0.0
7.360447060093947	0.0
7.370447667512553	0.0
7.380448274931159	0.0
7.390448882349765	0.0
7.400449489768371	0.0
7.410450097186977	0.0
7.4204507046055825	0.0
7.430451312024188	0.0
7.440451919442794	0.0
7.4504525268614	0.0
7.460453134280007	0.0
7.470453741698613	0.0
7.480454349117219	0.0
7.4904549565358245	0.0
7.50045556395443	0.0
7.510456171373036	0.0
7.520456778791642	0.0
7.530457386210248	0.0
7.540457993628854	0.0
7.55045860104746	0.0
7.560459208466066	0.0
7.570459815884671	0.0
7.580460423303277	0.0
7.590461030721883	0.0
7.600461638140489	0.0
7.610462245559095	0.0
7.620462852977701	0.0
7.630463460396307	0.0
7.6404640678149125	0.0
7.650464675233518	0.0
7.660465282652124	0.0
7.67046589007073	0.0
7.680466497489336	0.0
7.690467104907943	0.0
7.700467712326549	0.0
7.7104683197451545	0.0
7.72046892716376	0.0
7.730469534582366	0.0
7.740470142000972	0.0
7.750470749419578	0.0
7.760471356838184	0.0
7.77047196425679	0.0
7.7804725716753955	0.0
7.790473179094001	0.0
7.800473786512607	0.0
7.810474393931213	0.0
7.820475001349819	0.0
7.830475608768425	0.0
7.840476216187031	0.0
7.850476823605637	0.0
7.8604774310242425	0.0
7.870478038442848	0.0
7.880478645861454	0.0
7.89047925328006	0.0
7.900479860698666	0.0
7.910480468117273	0.0
7.9204810755358785	0.0
7.930481682954484	0.0
7.94048229037309	0.0
7.950482897791696	0.0
7.960483505210302	0.0
7.970484112628908	0.0
7.980484720047514	0.0
7.99048532746612	0.0
8.000485934884725	0.0
8.010486542303331	0.0
8.020487149721937	0.0
8.030487757140543	0.0
8.040488364559149	0.0
8.050488971977755	0.0
8.06048957939636	0.0
8.070490186814967	0.0
8.080490794233572	0.0
8.090491401652178	0.0
8.100492009070784	0.0
8.11049261648939	0.0
8.120493223907996	0.0
8.130493831326602	0.0
8.140494438745208	0.0
8.150495046163813	0.0
8.16049565358242	0.0
8.170496261001025	0.0
8.180496868419631	0.0
8.190497475838237	0.0
8.200498083256843	0.0
8.210498690675449	0.0
8.220499298094055	0.0
8.23049990551266	0.0
8.240500512931268	0.0
8.250501120349874	0.0
8.26050172776848	0.0
8.270502335187086	0.0
8.280502942605692	0.0
8.290503550024297	0.0
8.300504157442903	0.0
8.31050476486151	0.0
8.320505372280115	0.0
8.33050597969872	0.0
8.340506587117327	0.0
8.350507194535933	0.0
8.360507801954538	0.0
8.370508409373144	0.0
8.38050901679175	0.0
8.390509624210356	0.0
8.400510231628962	0.0
8.410510839047568	0.0
8.420511446466174	0.0
8.43051205388478	0.0
8.440512661303385	0.0
8.450513268721991	0.0
8.460513876140597	0.0
8.470514483559203	0.0
8.480515090977809	0.0
8.490515698396415	0.0
8.50051630581502	0.0
8.510516913233626	0.0
8.520517520652232	0.0
8.530518128070838	0.0
8.540518735489444	0.0
8.55051934290805	0.0
8.560519950326656	0.0
8.570520557745262	0.0
8.580521165163868	0.0
8.590521772582473	0.0
8.60052238000108	0.0
8.610522987419685	0.0
8.620523594838291	0.0
8.630524202256897	0.0
8.640524809675503	0.0
8.650525417094109	0.0
8.660526024512714	0.0
8.67052663193132	0.0
8.680527239349926	0.0
8.690527846768534	0.0
8.70052845418714	0.0
8.710529061605746	0.0
8.720529669024351	0.0
8.730530276442957	0.0
8.740530883861563	0.0
8.750531491280169	0.0
8.760532098698775	0.0
8.77053270611738	0.0
8.780533313535987	0.0
8.790533920954593	0.0
8.800534528373198	0.0
8.810535135791804	0.0
8.82053574321041	0.0
8.830536350629016	0.0
8.840536958047622	0.0
8.850537565466228	0.0
8.860538172884834	0.0
8.87053878030344	0.0
8.880539387722045	0.0
8.890539995140651	0.0
8.900540602559257	0.0
8.910541209977863	0.0
8.920541817396469	0.0
8.930542424815075	0.0
8.94054303223368	0.0
8.950543639652286	0.0
8.960544247070892	0.0
8.970544854489498	0.0
8.980545461908104	0.0
8.99054606932671	0.0
9.000546676745316	0.0
9.010547284163922	0.0
9.020547891582527	0.0
9.030548499001133	0.0
9.04054910641974	0.0
9.050549713838345	0.0
9.060550321256951	0.0
9.070550928675557	0.0
9.080551536094163	0.0
9.090552143512769	0.0
9.100552750931374	0.0
9.11055335834998	0.0
9.120553965768586	0.0
9.130554573187194	0.0
9.1405551806058	0.0
9.150555788024406	0.0
9.160556395443011	0.0
9.170557002861617	0.0
9.180557610280223	0.0
9.190558217698829	0.0
9.200558825117435	0.0
9.21055943253604	0.0
9.220560039954647	0.0
9.230560647373252	0.0
9.240561254791858	0.0
9.250561862210464	0.0
9.26056246962907	0.0
9.270563077047676	0.0
9.280563684466282	0.0
9.290564291884888	0.0
9.300564899303494	0.0
9.3105655067221	0.0
9.320566114140705	0.0
9.330566721559311	0.0
9.340567328977917	0.0
9.350567936396523	0.0
9.360568543815129	0.0
9.370569151233735	0.0
9.38056975865234	0.0
9.390570366070946	0.0
9.400570973489552	0.0
9.410571580908158	0.0
9.420572188326764	0.0
9.43057279574537	0.0
9.440573403163976	0.0
9.450574010582582	0.0
9.460574618001187	0.0
9.470575225419793	0.0
9.480575832838399	0.0
9.490576440257005	0.0
9.50057704767561	0.0
9.510577655094217	0.0
9.520578262512823	0.0
9.530578869931428	0.0
9.540579477350034	0.0
9.55058008476864	0.0
9.560580692187246	0.0
9.570581299605852	0.0
9.58058190702446	0.0
9.590582514443065	0.0
9.600583121861671	0.0
9.610583729280277	0.0
9.620584336698883	0.0
9.630584944117489	0.0
9.640585551536095	0.0
9.6505861589547	0.0
9.660586766373306	0.0
9.670587373791912	0.0
9.680587981210518	0.0
9.690588588629124	0.0
9.70058919604773	0.0
9.710589803466336	0.0
9.720590410884942	0.0
9.730591018303548	0.0
9.740591625722153	0.0
9.75059223314076	0.0
9.760592840559365	0.0
9.770593447977971	0.0
9.780594055396577	0.0
9.790594662815183	0.0
9.800595270233789	0.0
9.810595877652394	0.0
9.820596485071	0.0
9.830597092489606	0.0
9.840597699908212	0.0
9.850598307326818	0.0
9.860598914745424	0.0
9.87059952216403	0.0
9.880600129582636	0.0
9.890600737001241	0.0
9.900601344419847	0.0
9.910601951838453	0.0
9.920602559257059	0.0
9.930603166675665	0.0
9.94060377409427	0.0
9.950604381512877	0.0
9.960604988931482	0.0
9.970605596350088	0.0
9.980606203768694	0.0
9.9906068111873	0.0
10.000607418605906	0.0
10.010608026024512	0.0
10.02060863344312	0.0
10.030609240861725	0.0
10.040609848280331	0.0
10.050610455698937	0.0
10.060611063117543	0.0
10.070611670536149	0.0
10.080612277954755	0.0
10.09061288537336	0.0
10.100613492791966	0.0
10.110614100210572	0.0
10.120614707629178	0.0
10.130615315047784	0.0
10.14061592246639	0.0
10.150616529884996	0.0
10.160617137303602	0.0
10.170617744722207	0.0
10.180618352140813	0.0
10.19061895955942	0.0
10.200619566978025	0.0
10.210620174396631	0.0
10.220620781815237	0.0
10.230621389233843	0.0
10.240621996652449	201.0
10.250622604071054	201.0
10.26062321148966	203.0
10.270623818908266	203.0
10.280624426326872	203.0
10.290625033745478	203.0
10.300625641164084	203.0
10.31062624858269	203.0
10.320626856001295	203.0
10.330627463419901	203.0
10.340628070838507	203.0
10.350628678257113	201.0
10.360629285675719	201.0
10.370629893094325	199.0
10.38063050051293	196.0
10.390631107931537	194.0
10.400631715350142	192.0
10.410632322768748	190.0
10.420632930187354	187.0
10.43063353760596	185.0
10.440634145024566	183.0
10.450634752443172	181.0
10.460635359861778	181.0
10.470635967280385	179.0
10.480636574698991	177.0
10.490637182117597	177.0
10.500637789536203	175.0
10.510638396954809	173.0
10.520639004373415	173.0
10.53063961179202	171.0
10.540640219210626	169.0
10.550640826629232	167.0
10.560641434047838	167.0
10.570642041466444	165.0
10.58064264888505	165.0
10.590643256303656	165.0
10.600643863722262	165.0
10.610644471140867	167.0
10.620645078559473	169.0
10.63064568597808	171.0
10.640646293396685	171.0
10.65064690081529	173.0
10.660647508233897	175.0
10.670648115652503	175.0
10.680648723071108	175.0
10.690649330489714	175.0
10.70064993790832	173.0
10.710650545326926	173.0
10.720651152745532	171.0
10.730651760164138	169.0
10.740652367582744	167.0
10.75065297500135	167.0
10.760653582419955	167.0
10.770654189838561	167.0
10.780654797257167	167.0
10.790655404675773	169.0
10.800656012094379	173.0
10.810656619512985	177.0
10.82065722693159	179.0
10.830657834350196	183.0
10.840658441768802	187.0
10.850659049187408	192.0
10.860659656606014	196.0
10.87066026402462	199.0
10.880660871443226	201.0
10.890661478861832	201.0
10.900662086280438	203.0
10.910662693699045	203.0
10.920663301117651	203.0
10.930663908536257	201.0
10.940664515954863	201.0
10.950665123373469	201.0
10.960665730792075	201.0
10.97066633821068	201.0
10.980666945629286	201.0
10.990667553047892	201.0
11.000668160466498	201.0
11.010668767885104	201.0
11.02066937530371	203.0
11.030669982722316	203.0
11.040670590140921	203.0
11.050671197559527	203.0
11.060671804978133	201.0
11.070672412396739	199.0
11.080673019815345	196.0
11.09067362723395	194.0
11.100674234652557	194.0
11.110674842071163	194.0
11.120675449489768	194.0
11.130676056908374	196.0
11.14067666432698	199.0
11.150677271745586	199.0
11.160677879164192	201.0
11.170678486582798	201.0
11.180679094001404	201.0
11.19067970142001	201.0
11.200680308838615	203.0
11.210680916257221	203.0
11.220681523675827	203.0
11.230682131094433	203.0
11.240682738513039	201.0
11.250683345931645	201.0
11.26068395335025	201.0
11.270684560768856	201.0
11.280685168187462	201.0
11.290685775606068	201.0
11.300686383024674	201.0
11.31068699044328	199.0
11.320687597861886	199.0
11.330688205280492	196.0
11.340688812699097	192.0
11.350689420117703	190.0
11.360690027536311	187.0
11.370690634954917	185.0
11.380691242373523	181.0
11.390691849792129	179.0
11.400692457210734	175.0
11.41069306462934	173.0
11.420693672047946	171.0
11.430694279466552	169.0
11.440694886885158	169.0
11.450695494303764	169.0
11.46069610172237	169.0
11.470696709140975	171.0
11.480697316559581	171.0
11.490697923978187	173.0
11.500698531396793	175.0
11.510699138815399	177.0
11.520699746234005	181.0
11.53070035365261	183.0
11.540700961071217	187.0
11.550701568489822	0.0
11.560702175908428	196.0
11.570702783327034	201.0
11.58070339074564	201.0
11.590703998164246	203.0
11.600704605582852	203.0
11.610705213001458	203.0
11.620705820420064	201.0
11.63070642783867	201.0
11.640707035257275	201.0
11.650707642675881	201.0
11.660708250094487	201.0
11.670708857513093	201.0
11.680709464931699	201.0
11.690710072350305	201.0
11.70071067976891	201.0
11.710711287187516	203.0
11.720711894606122	203.0
11.730712502024728	203.0
11.740713109443334	201.0
11.75071371686194	201.0
11.760714324280546	201.0
11.770714931699152	199.0
11.780715539117757	196.0
11.790716146536363	196.0
11.80071675395497	194.0
11.810717361373577	194.0
11.820717968792183	194.0
11.830718576210788	196.0
11.840719183629394	199.0
11.850719791048	203.0
11.860720398466606	206.0
11.870721005885212	210.0
11.880721613303818	215.0
11.890722220722424	0.0
11.90072282814103	228.0
11.910723435559635	231.0
11.920724042978241	231.0
11.930724650396847	231.0
11.940725257815453	228.0
11.950725865234059	228.0
11.960726472652665	228.0
11.97072708007127	226.0
11.980727687489876	226.0
11.990728294908482	226.0
12.000728902327088	226.0
12.010729509745694	226.0
12.0207301171643	226.0
12.030730724582906	228.0
12.040731332001512	228.0
12.050731939420118	228.0
12.060732546838723	228.0
12.07073315425733	228.0
12.080733761675935	228.0
12.090734369094541	228.0
12.100734976513147	228.0
12.110735583931753	228.0
12.120736191350359	228.0
12.130736798768964	0.0
12.14073740618757	0.0
12.150738013606176	0.0
12.160738621024782	226.0
12.170739228443388	226.0
12.180739835861994	226.0
12.1907404432806	226.0
12.200741050699206	226.0
12.210741658117811	226.0
12.220742265536417	226.0
12.230742872955023	226.0
12.240743480373629	226.0
12.250744087792237	226.0
12.260744695210843	226.0
12.270745302629448	223.0
12.280745910048054	223.0
12.29074651746666	220.0
12.300747124885266	220.0
12.310747732303872	223.0
12.320748339722478	226.0
12.330748947141084	0.0
12.34074955455969	0.0
12.350750161978295	0.0
12.360750769396901	0.0
12.370751376815507	0.0
12.380751984234113	262.0
12.390752591652719	265.0
12.400753199071325	268.0
12.41075380648993	268.0
12.420754413908536	265.0
12.430755021327142	265.0
12.440755628745748	262.0
12.450756236164354	259.0
12.46075684358296	253.0
12.470757451001566	250.0
12.480758058420172	245.0
12.490758665838777	242.0
12.500759273257383	239.0
12.51075988067599	234.0
12.520760488094595	231.0
12.530761095513201	231.0
12.540761702931807	231.0
12.550762310350413	228.0
12.560762917769019	228.0
12.570763525187624	228.0
12.58076413260623	228.0
12.590764740024836	228.0
12.600765347443442	231.0
12.610765954862048	234.0
12.620766562280654	236.0
12.63076716969926	242.0
12.640767777117865	248.0
12.650768384536471	253.0
12.660768991955077	259.0
12.670769599373683	265.0
12.680770206792289	268.0
12.690770814210897	272.0
12.700771421629502	268.0
12.710772029048108	268.0
12.720772636466714	265.0
12.73077324388532	265.0
12.740773851303926	262.0
12.750774458722532	256.0
12.760775066141138	253.0
12.770775673559744	248.0
12.78077628097835	242.0
12.790776888396955	239.0
12.800777495815561	239.0
12.810778103234167	234.0
12.820778710652773	234.0
12.830779318071379	231.0
12.840779925489985	228.0
12.85078053290859	228.0
12.860781140327196	228.0
12.870781747745802	228.0
12.880782355164408	228.0
12.890782962583014	228.0
12.90078357000162	228.0
12.910784177420226	231.0
12.920784784838832	231.0
12.930785392257437	234.0
12.940785999676043	239.0
12.95078660709465	245.0
12.960787214513255	256.0
12.97078782193186	262.0
12.980788429350467	268.0
12.990789036769073	272.0
13.000789644187678	272.0
13.010790251606284	272.0
13.02079085902489	272.0
13.030791466443496	272.0
13.040792073862102	272.0
13.050792681280708	272.0
13.060793288699314	272.0
13.07079389611792	272.0
13.080794503536525	272.0
13.090795110955131	272.0
13.100795718373737	272.0
13.110796325792343	272.0
13.120796933210949	272.0
13.130797540629555	272.0
13.140798148048162	272.0
13.150798755466768	275.0
13.160799362885374	275.0
13.17079997030398	275.0
13.180800577722586	275.0
13.190801185141192	275.0
13.200801792559798	275.0
13.210802399978403	275.0
13.22080300739701	275.0
13.230803614815615	275.0
13.240804222234221	275.0
13.250804829652827	272.0
13.260805437071433	272.0
13.270806044490039	272.0
13.280806651908645	272.0
13.29080725932725	272.0
13.300807866745856	272.0
13.310808474164462	272.0
13.320809081583068	272.0
13.330809689001674	272.0
13.34081029642028	272.0
13.350810903838886	272.0
13.360811511257491	272.0
13.370812118676097	272.0
13.380812726094703	272.0
13.390813333513309	272.0
13.400813940931915	272.0
13.41081454835052	272.0
13.420815155769127	272.0
13.430815763187733	272.0
13.440816370606338	272.0
13.450816978024944	272.0
13.46081758544355	272.0
13.470818192862156	272.0
13.480818800280762	272.0
13.490819407699368	272.0
13.500820015117974	272.0
13.51082062253658	272.0
13.520821229955185	272.0
13.530821837373791	272.0
13.540822444792397	268.0
13.550823052211003	268.0
13.560823659629609	265.0
13.570824267048215	265.0
13.580824874466822	259.0
13.590825481885428	256.0
13.600826089304034	250.0
13.61082669672264	242.0
13.620827304141246	236.0
13.630827911559852	231.0
13.640828518978457	228.0
13.650829126397063	223.0
13.66082973381567	220.0
13.670830341234275	220.0
13.680830948652881	223.0
13.690831556071487	228.0
13.700832163490093	236.0
13.710832770908699	245.0
13.720833378327304	253.0
13.73083398574591	259.0
13.740834593164516	268.0
13.750835200583122	272.0
13.760835808001728	272.0
13.770836415420334	272.0
13.78083702283894	272.0
13.790837630257545	268.0
13.800838237676151	265.0
13.810838845094757	262.0
13.820839452513363	256.0
13.830840059931969	253.0
13.840840667350575	250.0
13.85084127476918	245.0
13.860841882187787	242.0
13.870842489606392	239.0
13.880843097024998	239.0
13.890843704443604	236.0
13.90084431186221	236.0
13.910844919280816	236.0
13.920845526699422	236.0
13.930846134118028	239.0
13.940846741536634	245.0
13.95084734895524	250.0
13.960847956373845	262.0
13.970848563792451	278.0
13.980849171211057	288.0
13.990849778629663	291.0
14.000850386048269	294.0
14.010850993466875	291.0
14.02085160088548	288.0
14.030852208304088	272.0
14.040852815722694	256.0
14.0508534231413	245.0
14.060854030559906	234.0
14.070854637978512	231.0
14.080855245397117	0.0
14.090855852815723	0.0
14.10085646023433	228.0
14.110857067652935	228.0
14.12085767507154	228.0
14.130858282490147	228.0
14.140858889908753	228.0
14.150859497327358	228.0
14.160860104745964	228.0
14.17086071216457	228.0
14.180861319583176	228.0
14.190861927001782	228.0
14.200862534420388	226.0
14.210863141838994	226.0
14.2208637492576	226.0
14.230864356676205	228.0
14.240864964094811	228.0
14.250865571513417	231.0
14.260866178932023	231.0
14.270866786350629	234.0
14.280867393769235	234.0
14.29086800118784	234.0
14.300868608606446	0.0
14.310869216025052	0.0
14.320869823443658	0.0
14.330870430862264	0.0
14.34087103828087	0.0
14.350871645699476	0.0
14.360872253118082	0.0
14.370872860536688	0.0
14.380873467955293	201.0
14.3908740753739	201.0
14.400874682792505	201.0
14.410875290211111	0.0
14.420875897629717	0.0
14.430876505048323	0.0
14.440877112466929	0.0
14.450877719885534	0.0
14.46087832730414	0.0
14.470878934722748	0.0
14.480879542141354	0.0
14.49088014955996	0.0
14.500880756978566	0.0
14.510881364397171	0.0
14.520881971815777	0.0
14.530882579234383	0.0
14.540883186652989	0.0
14.550883794071595	0.0
14.5608844014902	0.0
14.570885008908807	0.0
14.580885616327413	0.0
14.590886223746018	0.0
14.600886831164624	0.0
14.61088743858323	0.0
14.620888046001836	0.0
14.630888653420442	0.0
14.640889260839048	0.0
14.650889868257654	0.0
14.66089047567626	0.0
14.670891083094865	0.0
14.680891690513471	0.0
14.690892297932077	0.0
14.700892905350683	0.0
14.710893512769289	0.0
14.720894120187895	0.0
14.7308947276065	0.0
14.740895335025106	0.0
14.750895942443712	0.0
14.760896549862318	0.0
14.770897157280924	0.0
14.78089776469953	0.0
14.790898372118136	0.0
14.800898979536742	0.0
14.810899586955347	0.0
14.820900194373953	0.0
14.83090080179256	0.0
14.840901409211165	0.0
14.850902016629771	0.0
14.860902624048377	0.0
14.870903231466983	0.0
14.880903838885589	0.0
14.890904446304194	0.0
14.9009050537228	0.0
14.910905661141406	0.0
14.920906268560014	0.0
14.93090687597862	0.0
14.940907483397226	0.0
14.950908090815831	0.0
14.960908698234437	0.0
14.970909305653043	0.0
14.980909913071649	0.0
14.990910520490255	0.0
15.00091112790886	0.0
15.010911735327467	0.0
15.020912342746072	0.0
15.030912950164678	0.0
15.040913557583284	0.0
15.05091416500189	0.0
15.060914772420496	218.0
15.070915379839102	220.0
15.080915987257708	220.0
15.090916594676314	220.0
15.10091720209492	220.0
15.110917809513525	223.0
15.120918416932131	223.0
15.130919024350737	223.0
15.140919631769343	223.0
15.150920239187949	223.0
15.160920846606555	223.0
15.17092145402516	223.0
15.180922061443766	220.0
15.190922668862372	220.0
15.200923276280978	220.0
15.210923883699584	220.0
15.22092449111819	220.0
15.230925098536796	220.0
15.240925705955402	220.0
15.250926313374007	220.0
15.260926920792613	223.0
15.27092752821122	223.0
15.280928135629825	223.0
15.29092874304843	223.0
15.300929350467037	226.0
15.310929957885643	226.0
15.320930565304248	226.0
15.330931172722854	226.0
15.34093178014146	226.0
15.350932387560066	226.0
15.360932994978672	226.0
15.37093360239728	226.0
15.380934209815885	226.0
15.390934817234491	223.0
15.400935424653097	223.0
15.410936032071703	223.0
15.420936639490309	223.0
15.430937246908915	226.0
15.44093785432752	226.0
15.450938461746127	228.0
15.460939069164732	231.0
15.470939676583338	234.0
15.480940284001944	234.0
15.49094089142055	234.0
15.500941498839156	231.0
15.510942106257762	228.0
15.520942713676368	223.0
15.530943321094973	220.0
15.54094392851358	218.0
15.550944535932185	215.0
15.560945143350791	213.0
15.570945750769397	210.0
15.580946358188003	213.0
15.590946965606609	215.0
15.600947573025215	218.0
15.61094818044382	218.0
15.620948787862426	220.0
15.630949395281032	220.0
15.640950002699638	220.0
15.650950610118244	220.0
15.66095121753685	220.0
15.670951824955456	223.0
15.680952432374061	223.0
15.690953039792667	223.0
15.700953647211273	223.0
15.710954254629879	223.0
15.720954862048485	223.0
15.73095546946709	223.0
15.740956076885697	223.0
15.750956684304303	223.0
15.760957291722908	223.0
15.770957899141514	223.0
15.78095850656012	223.0
15.790959113978726	223.0
15.800959721397332	223.0
15.81096032881594	223.0
15.820960936234545	223.0
15.830961543653151	223.0
15.840962151071757	223.0
15.850962758490363	223.0
15.860963365908969	223.0
15.870963973327575	223.0
15.88096458074618	223.0
15.890965188164786	223.0
15.900965795583392	226.0
15.910966403001998	226.0
15.920967010420604	226.0
15.93096761783921	226.0
15.940968225257816	226.0
15.950968832676422	226.0
15.960969440095027	226.0
15.970970047513633	223.0
15.98097065493224	223.0
15.990971262350845	220.0
16.00097186976945	218.0
16.010972477188055	215.0
16.020973084606663	210.0
16.03097369202527	210.0
16.040974299443874	210.0
16.050974906862482	213.0
16.060975514281086	223.0
16.070976121699694	234.0
16.080976729118298	245.0
16.090977336536906	256.0
16.10097794395551	265.0
16.110978551374117	272.0
16.12097915879272	278.0
16.13097976621133	278.0
16.140980373629933	272.0
16.15098098104854	265.0
16.160981588467145	262.0
16.170982195885752	256.0
16.180982803304357	248.0
16.190983410722964	242.0
16.20098401814157	234.0
16.210984625560176	228.0
16.22098523297878	226.0
16.230985840397388	226.0
16.24098644781599	223.0
16.2509870552346	223.0
16.260987662653204	223.0
16.27098827007181	223.0
16.280988877490415	220.0
16.290989484909023	220.0
16.300990092327627	218.0
16.310990699746235	215.0
16.32099130716484	210.0
16.330991914583446	210.0
16.34099252200205	210.0
16.350993129420658	218.0
16.360993736839262	228.0
16.37099434425787	242.0
16.380994951676474	259.0
16.39099555909508	268.0
16.400996166513686	275.0
16.410996773932293	278.0
16.420997381350897	278.0
16.430997988769505	272.0
16.44099859618811	265.0
16.450999203606717	259.0
16.46099981102532	253.0
16.47100041844393	248.0
16.481001025862536	242.0
16.49100163328114	236.0
16.501002240699748	236.0
16.511002848118352	234.0
16.52100345553696	234.0
16.531004062955564	236.0
16.54100467037417	236.0
16.551005277792775	239.0
16.561005885211383	239.0
16.571006492629987	242.0
16.581007100048595	242.0
16.5910077074672	245.0
16.601008314885807	250.0
16.61100892230441	256.0
16.62100952972302	265.0
16.631010137141622	275.0
16.64101074456023	262.0
16.651011351978834	291.0
16.66101195939744	298.0
16.671012566816046	298.0
16.681013174234653	294.0
16.691013781653258	291.0
16.701014389071865	242.0
16.71101499649047	236.0
16.721015603909077	226.0
16.73101621132768	218.0
16.74101681874629	215.0
16.751017426164893	218.0
16.7610180335835	220.0
16.771018641002104	223.0
16.781019248420712	226.0
16.791019855839316	226.0
16.801020463257924	226.0
16.811021070676528	226.0
16.821021678095136	226.0
16.83102228551374	226.0
16.841022892932347	226.0
16.85102350035095	228.0
16.86102410776956	228.0
16.871024715188163	228.0
16.88102532260677	228.0
16.891025930025375	228.0
16.901026537443983	228.0
16.911027144862587	228.0
16.921027752281194	226.0
16.931028359699802	228.0
16.941028967118406	228.0
16.951029574537014	228.0
16.961030181955618	228.0
16.971030789374225	231.0
16.98103139679283	231.0
16.991032004211437	231.0
17.00103261163004	231.0
17.01103321904865	231.0
17.021033826467253	228.0
17.03103443388586	226.0
17.041035041304465	220.0
17.051035648723072	215.0
17.061036256141676	210.0
17.071036863560284	203.0
17.081037470978888	199.0
17.091038078397496	194.0
17.1010386858161	192.0
17.111039293234708	190.0
17.12103990065331	190.0
17.13104050807192	192.0
17.141041115490523	194.0
17.15104172290913	196.0
17.161042330327735	199.0
17.171042937746343	201.0
17.181043545164947	201.0
17.191044152583554	203.0
17.20104476000216	203.0
17.211045367420766	203.0
17.22104597483937	206.0
17.231046582257978	206.0
17.241047189676582	206.0
17.25104779709519	206.0
17.261048404513794	206.0
17.2710490119324	0.0
17.281049619351005	0.0
17.291050226769613	0.0
17.301050834188217	0.0
17.311051441606825	0.0
17.32105204902543	0.0
17.331052656444037	203.0
17.34105326386264	203.0
17.35105387128125	201.0
17.361054478699852	201.0
17.37105508611846	201.0
17.381055693537068	201.0
17.391056300955672	201.0
17.40105690837428	201.0
17.411057515792884	201.0
17.42105812321149	201.0
17.431058730630095	201.0
17.441059338048703	201.0
17.451059945467307	201.0
17.461060552885915	201.0
17.47106116030452	201.0
17.481061767723126	201.0
17.49106237514173	203.0
17.501062982560338	203.0
17.511063589978942	203.0
17.52106419739755	203.0
17.531064804816154	203.0
17.54106541223476	203.0
17.551066019653366	201.0
17.561066627071973	201.0
17.571067234490577	199.0
17.581067841909185	199.0
17.59106844932779	199.0
17.601069056746397	199.0
17.611069664165	199.0
17.62107027158361	199.0
17.631070879002213	199.0
17.64107148642082	201.0
17.651072093839424	201.0
17.661072701258032	203.0
17.671073308676636	203.0
17.681073916095244	203.0
17.691074523513848	203.0
17.701075130932455	201.0
17.71107573835106	199.0
17.721076345769667	194.0
17.73107695318827	190.0
17.74107756060688	187.0
17.751078168025483	183.0
17.76107877544409	183.0
17.771079382862695	181.0
17.781079990281302	183.0
17.791080597699906	183.0
17.801081205118514	185.0
17.81108181253712	190.0
17.821082419955726	192.0
17.831083027374333	196.0
17.841083634792938	199.0
17.851084242211545	201.0
17.86108484963015	201.0
17.871085457048757	203.0
17.88108606446736	203.0
17.89108667188597	203.0
17.901087279304573	203.0
17.91108788672318	203.0
17.921088494141785	0.0
17.931089101560392	0.0
17.941089708978996	0.0
17.951090316397604	0.0
17.961090923816208	0.0
17.971091531234816	0.0
17.98109213865342	0.0
17.991092746072027	0.0
18.00109335349063	0.0
18.01109396090924	0.0
18.021094568327843	0.0
18.03109517574645	0.0
18.041095783165055	0.0
18.051096390583663	0.0
18.061096998002267	0.0
18.071097605420874	0.0
18.08109821283948	0.0
18.091098820258086	0.0
18.10109942767669	0.0
18.111100035095298	0.0
18.121100642513902	0.0
18.13110124993251	0.0
18.141101857351114	0.0
18.15110246476972	0.0
18.161103072188325	0.0
18.171103679606933	0.0
18.181104287025537	0.0
18.191104894444145	0.0
18.20110550186275	0.0
18.211106109281356	0.0
18.22110671669996	0.0
18.231107324118568	0.0
18.241107931537172	0.0
18.25110853895578	0.0
18.261109146374388	0.0
18.27110975379299	0.0
18.2811103612116	0.0
18.291110968630203	0.0
18.30111157604881	0.0
18.311112183467415	0.0
18.321112790886023	0.0
18.331113398304627	0.0
18.341114005723234	0.0
18.35111461314184	0.0
18.361115220560446	0.0
18.37111582797905	0.0
18.381116435397658	0.0
18.391117042816262	0.0
18.40111765023487	0.0
18.411118257653474	0.0
18.42111886507208	0.0
18.431119472490685	0.0
18.441120079909293	0.0
18.451120687327897	0.0
18.461121294746505	0.0
18.47112190216511	0.0
18.481122509583717	0.0
18.49112311700232	0.0
18.50112372442093	0.0
18.511124331839532	0.0
18.52112493925814	0.0
18.531125546676744	0.0
18.541126154095352	0.0
18.551126761513956	0.0
18.561127368932564	0.0
18.571127976351168	0.0
18.581128583769775	0.0
18.59112919118838	0.0
18.601129798606987	0.0
18.61113040602559	0.0
18.6211310134442	0.0
18.631131620862803	0.0
18.64113222828141	0.0
18.651132835700015	0.0
18.661133443118622	0.0
18.671134050537226	0.0
18.681134657955834	0.0
18.691135265374438	0.0
18.701135872793046	0.0
18.711136480211653	0.0
18.721137087630257	0.0
18.731137695048865	0.0
18.74113830246747	0.0
18.751138909886077	0.0
18.76113951730468	0.0
18.77114012472329	0.0
18.781140732141893	0.0
18.7911413395605	0.0
18.801141946979104	0.0
18.811142554397712	0.0
18.821143161816316	0.0
18.831143769234924	0.0
18.841144376653528	0.0
18.851144984072135	0.0
18.86114559149074	0.0
18.871146198909347	0.0
18.88114680632795	0.0
18.89114741374656	0.0
18.901148021165163	0.0
18.91114862858377	0.0
18.921149236002375	0.0
18.931149843420982	0.0
18.941150450839586	0.0
18.951151058258194	0.0
18.961151665676798	0.0
18.971152273095406	0.0
18.98115288051401	0.0
18.991153487932618	0.0
19.00115409535122	0.0
19.01115470276983	0.0
19.021155310188433	0.0
19.03115591760704	0.0
19.041156525025645	0.0
19.051157132444253	0.0
19.061157739862857	0.0
19.071158347281465	0.0
19.08115895470007	0.0
19.091159562118676	0.0
19.10116016953728	0.0
19.111160776955888	0.0
19.121161384374492	0.0
19.1311619917931	0.0
19.141162599211704	0.0
19.15116320663031	0.0
19.16116381404892	0.0
19.171164421467523	0.0
19.18116502888613	0.0
19.191165636304735	0.0
19.201166243723343	0.0
19.211166851141947	0.0
19.221167458560554	0.0
19.23116806597916	0.0
19.241168673397766	0.0
19.25116928081637	0.0
19.261169888234978	0.0
19.271170495653582	192.0
19.28117110307219	196.0
19.291171710490794	199.0
19.3011723179094	201.0
19.311172925328005	203.0
19.321173532746613	203.0
19.331174140165217	206.0
19.341174747583825	203.0
19.35117535500243	201.0
19.361175962421036	199.0
19.37117656983964	194.0
19.381177177258248	192.0
19.391177784676852	187.0
19.40117839209546	185.0
19.411178999514064	181.0
19.42117960693267	181.0
19.431180214351276	179.0
19.441180821769883	177.0
19.451181429188487	177.0
19.461182036607095	175.0
19.4711826440257	173.0
19.481183251444307	171.0
19.49118385886291	171.0
19.50118446628152	169.0
19.511185073700123	169.0
19.52118568111873	169.0
19.531186288537334	169.0
19.541186895955942	167.0
19.551187503374546	167.0
19.561188110793154	167.0
19.571188718211758	167.0
19.581189325630366	169.0
19.591189933048973	169.0
19.601190540467577	171.0
19.611191147886185	173.0
19.62119175530479	175.0
19.631192362723397	179.0
19.641192970142	181.0
19.65119357756061	183.0
19.661194184979212	183.0
19.67119479239782	183.0
19.681195399816424	183.0
19.691196007235032	181.0
19.701196614653636	181.0
19.711197222072244	179.0
19.721197829490848	177.0
19.731198436909455	0.0
19.74119904432806	0.0
19.751199651746667	0.0
19.76120025916527	0.0
19.77120086658388	0.0
19.781201474002483	0.0
19.79120208142109	0.0
19.801202688839695	0.0
19.811203296258302	0.0
19.821203903676906	0.0
19.831204511095514	0.0
19.841205118514118	0.0
19.851205725932726	0.0
19.86120633335133	0.0
19.871206940769937	0.0
19.88120754818854	0.0
19.89120815560715	0.0
19.901208763025753	0.0
19.91120937044436	0.0
19.921209977862965	0.0
19.931210585281573	0.0
19.941211192700177	0.0
19.951211800118784	0.0
19.96121240753739	0.0
19.971213014955996	0.0
19.9812136223746	0.0
19.991214229793208	0.0
20.001214837211812	0.0
20.01121544463042	0.0
20.021216052049024	0.0
20.03121665946763	0.0
20.04121726688624	0.0
20.051217874304843	0.0
20.06121848172345	0.0
20.071219089142055	0.0
20.081219696560662	0.0
20.091220303979267	0.0
20.101220911397874	167.0
20.11122151881648	167.0
20.121222126235086	167.0
20.13122273365369	167.0
20.141223341072298	167.0
20.1512239484909	167.0
20.16122455590951	167.0
20.171225163328113	0.0
20.18122577074672	0.0
20.191226378165325	0.0
20.201226985583933	0.0
20.211227593002537	0.0
20.221228200421145	0.0
20.23122880783975	0.0
20.241229415258356	0.0
20.25123002267696	165.0
20.261230630095568	165.0
20.271231237514172	165.0
20.28123184493278	165.0
20.291232452351384	165.0
20.30123305976999	167.0
20.311233667188596	0.0
20.321234274607203	0.0
20.331234882025807	0.0
20.341235489444415	0.0
20.35123609686302	0.0
20.361236704281627	0.0
20.37123731170023	0.0
20.38123791911884	0.0
20.391238526537443	0.0
20.40123913395605	0.0
20.411239741374654	0.0
20.421240348793262	0.0
20.431240956211866	0.0
20.441241563630474	0.0
20.451242171049078	0.0
20.461242778467685	0.0
20.47124338588629	0.0
20.481243993304897	0.0
20.491244600723505	0.0
20.50124520814211	0.0
20.511245815560716	0.0
20.52124642297932	0.0
20.531247030397928	0.0
20.541247637816532	0.0
20.55124824523514	0.0
20.561248852653744	0.0
20.57124946007235	0.0
20.581250067490956	0.0
20.591250674909563	0.0
20.601251282328167	0.0
20.611251889746775	0.0
20.62125249716538	0.0
20.631253104583987	0.0
20.64125371200259	0.0
20.6512543194212	0.0
20.661254926839803	0.0
20.67125553425841	0.0
20.681256141677014	0.0
20.691256749095622	0.0
20.701257356514226	0.0
20.711257963932834	0.0
20.721258571351438	0.0
20.731259178770046	0.0
20.74125978618865	0.0
20.751260393607257	0.0
20.76126100102586	0.0
20.77126160844447	0.0
20.781262215863073	0.0
20.79126282328168	0.0
20.801263430700285	0.0
20.811264038118892	0.0
20.821264645537497	0.0
20.831265252956104	0.0
20.84126586037471	0.0
20.851266467793316	0.0
20.86126707521192	0.0
20.871267682630528	0.0
20.88126829004913	0.0
20.89126889746774	0.0
20.901269504886343	0.0
20.91127011230495	0.0
20.921270719723555	0.0
20.931271327142163	0.0
20.94127193456077	0.0
20.951272541979375	0.0
20.961273149397982	0.0
20.971273756816586	0.0
20.981274364235194	0.0
20.991274971653798	0.0
21.001275579072406	0.0
21.01127618649101	0.0
21.021276793909617	0.0
21.03127740132822	0.0
21.04127800874683	0.0
21.051278616165433	0.0
21.06127922358404	0.0
21.071279831002645	0.0
21.081280438421253	0.0
21.091281045839857	0.0
21.101281653258464	0.0
21.11128226067707	0.0
21.121282868095676	0.0
21.13128347551428	0.0
21.141284082932888	0.0
21.151284690351492	0.0
21.1612852977701	0.0
21.171285905188704	0.0
21.18128651260731	0.0
21.191287120025915	0.0
21.201287727444523	0.0
21.211288334863127	0.0
21.221288942281735	0.0
21.23128954970034	0.0
21.241290157118947	0.0
21.25129076453755	0.0
21.26129137195616	0.0
21.271291979374762	0.0
21.28129258679337	0.0
21.291293194211974	0.0
21.30129380163058	0.0
21.311294409049186	0.0
21.321295016467793	0.0
21.331295623886398	0.0
21.341296231305005	0.0
21.35129683872361	0.0
21.361297446142217	0.0
21.37129805356082	0.0
21.38129866097943	0.0
21.391299268398036	0.0
21.40129987581664	0.0
21.411300483235248	0.0
21.421301090653852	0.0
21.43130169807246	0.0
21.441302305491064	0.0
21.45130291290967	0.0
21.461303520328276	0.0
21.471304127746883	0.0
21.481304735165487	0.0
21.491305342584095	0.0
21.5013059500027	0.0
21.511306557421307	0.0
21.52130716483991	0.0
21.53130777225852	0.0
21.541308379677123	0.0
21.55130898709573	0.0
21.561309594514334	0.0
21.571310201932942	0.0
21.581310809351546	0.0
21.591311416770154	0.0
21.601312024188758	0.0
21.611312631607365	0.0
21.62131323902597	0.0
21.631313846444577	0.0
21.64131445386318	0.0
21.65131506128179	0.0
21.661315668700393	0.0
21.671316276119	0.0
21.681316883537605	0.0
21.691317490956212	0.0
21.701318098374816	0.0
21.711318705793424	0.0
21.721319313212028	0.0
21.731319920630636	0.0
21.74132052804924	0.0
21.751321135467848	0.0
21.76132174288645	203.0
21.77132235030506	203.0
21.781322957723663	203.0
21.79132356514227	203.0
21.801324172560875	201.0
21.811324779979483	201.0
21.82132538739809	201.0
21.831325994816694	201.0
21.841326602235302	201.0
21.851327209653906	201.0
21.861327817072514	201.0
21.871328424491118	201.0
21.881329031909726	201.0
21.89132963932833	201.0
21.901330246746937	201.0
21.91133085416554	203.0
21.92133146158415	203.0
21.931332069002753	203.0
21.94133267642136	203.0
21.951333283839965	203.0
21.961333891258572	203.0
21.971334498677177	203.0
21.981335106095784	203.0
21.99133571351439	203.0
22.001336320932996	203.0
22.0113369283516	203.0
22.021337535770208	203.0
22.031338143188812	201.0
22.04133875060742	201.0
22.051339358026024	201.0
22.06133996544463	201.0
22.071340572863235	199.0
22.081341180281843	199.0
22.091341787700447	199.0
22.101342395119055	196.0
22.11134300253766	196.0
22.121343609956266	194.0
22.13134421737487	192.0
22.141344824793478	190.0
22.151345432212082	187.0
22.16134603963069	187.0
22.171346647049294	185.0
22.1813472544679	183.0
22.191347861886506	179.0
22.201348469305113	177.0
22.211349076723717	175.0
22.221349684142325	173.0
22.23135029156093	173.0
22.241350898979537	171.0
22.25135150639814	169.0
22.26135211381675	167.0
22.271352721235356	167.0
22.28135332865396	167.0
22.291353936072568	167.0
22.301354543491172	167.0
22.31135515090978	169.0
22.321355758328384	169.0
22.33135636574699	171.0
22.341356973165595	173.0
22.351357580584203	173.0
22.361358188002807	175.0
22.371358795421415	177.0
22.38135940284002	177.0
22.391360010258627	177.0
22.40136061767723	177.0
22.41136122509584	177.0
22.421361832514442	175.0
22.43136243993305	175.0
22.441363047351654	173.0
22.45136365477026	171.0
22.461364262188866	169.0
22.471364869607473	167.0
22.481365477026078	167.0
22.491366084444685	165.0
22.50136669186329	165.0
22.511367299281897	167.0
22.5213679067005	171.0
22.53136851411911	175.0
22.541369121537713	179.0
22.55136972895632	183.0
22.561370336374925	187.0
22.571370943793532	190.0
22.581371551212136	194.0
22.591372158630744	199.0
22.601372766049348	201.0
22.611373373467956	203.0
22.62137398088656	203.0
22.631374588305167	203.0
22.64137519572377	201.0
22.65137580314238	201.0
22.661376410560983	201.0
22.67137701797959	201.0
22.681377625398195	201.0
22.691378232816803	201.0
22.701378840235407	201.0
22.711379447654014	201.0
22.721380055072622	203.0
22.731380662491226	203.0
22.741381269909834	203.0
22.751381877328438	203.0
22.761382484747045	201.0
22.77138309216565	199.0
22.781383699584257	196.0
22.79138430700286	192.0
22.80138491442147	187.0
22.811385521840073	185.0
22.82138612925868	185.0
22.831386736677285	187.0
22.841387344095892	192.0
22.851387951514496	196.0
22.861388558933104	199.0
22.871389166351708	201.0
22.881389773770316	201.0
22.89139038118892	203.0
22.901390988607528	203.0
22.91139159602613	203.0
22.92139220344474	203.0
22.931392810863343	203.0
22.94139341828195	203.0
22.951394025700555	203.0
22.961394633119163	203.0
22.971395240537767	203.0
22.981395847956374	203.0
22.99139645537498	206.0
23.001397062793586	206.0
23.01139767021219	206.0
23.021398277630798	206.0
23.031398885049402	206.0
23.04139949246801	203.0
23.051400099886614	201.0
23.06140070730522	199.0
23.071401314723825	192.0
23.081401922142433	190.0
23.091402529561037	187.0
23.101403136979645	183.0
23.11140374439825	181.0
23.121404351816857	179.0
23.13140495923546	175.0
23.14140556665407	171.0
23.151406174072672	167.0
23.16140678149128	165.0
23.171407388909888	161.0
23.181407996328492	159.0
23.1914086037471	158.0
23.201409211165704	159.0
23.21140981858431	161.0
23.221410426002915	167.0
23.231411033421523	171.0
23.241411640840127	175.0
23.251412248258735	179.0
23.26141285567734	181.0
23.271413463095946	185.0
23.28141407051455	190.0
23.291414677933158	194.0
23.301415285351762	196.0
23.31141589277037	199.0
23.321416500188974	201.0
23.33141710760758	201.0
23.341417715026186	201.0
23.351418322444793	201.0
23.361418929863397	201.0
23.371419537282005	201.0
23.38142014470061	201.0
23.391420752119217	201.0
23.40142135953782	201.0
23.41142196695643	201.0
23.421422574375033	201.0
23.43142318179364	203.0
23.441423789212244	203.0
23.451424396630852	203.0
23.461425004049456	203.0
23.471425611468064	201.0
23.481426218886668	201.0
23.491426826305275	199.0
23.50142743372388	196.0
23.511428041142487	194.0
23.52142864856109	192.0
23.5314292559797	192.0
23.541429863398303	192.0
23.55143047081691	194.0
23.561431078235515	196.0
23.571431685654122	201.0
23.581432293072726	206.0
23.591432900491334	208.0
23.60143350790994	213.0
23.611434115328546	215.0
23.621434722747154	220.0
23.631435330165758	226.0
23.641435937584365	226.0
23.65143654500297	228.0
23.661437152421577	228.0
23.67143775984018	226.0
23.68143836725879	226.0
23.691438974677393	226.0
23.701439582096	226.0
23.711440189514605	226.0
23.721440796933212	226.0
23.731441404351816	226.0
23.741442011770424	226.0
23.751442619189028	226.0
23.761443226607636	226.0
23.77144383402624	226.0
23.781444441444847	226.0
23.79144504886345	226.0
23.80144565628206	226.0
23.811446263700663	226.0
23.82144687111927	226.0
23.831447478537875	223.0
23.841448085956483	223.0
23.851448693375087	223.0
23.861449300793694	223.0
23.8714499082123	223.0
23.881450515630906	223.0
23.89145112304951	226.0
23.901451730468118	226.0
23.911452337886722	226.0
23.92145294530533	228.0
23.931453552723934	228.0
23.94145416014254	231.0
23.951454767561145	231.0
23.961455374979753	234.0
23.971455982398357	234.0
23.981456589816965	234.0
23.99145719723557	234.0
24.001457804654176	234.0
24.01145841207278	234.0
24.021459019491388	234.0
24.031459626909992	231.0
24.0414602343286	231.0
24.051460841747208	231.0
24.06146144916581	231.0
24.07146205658442	234.0
24.081462664003023	236.0
24.09146327142163	239.0
24.101463878840235	245.0
24.111464486258843	250.0
24.121465093677447	253.0
24.131465701096054	259.0
24.14146630851466	262.0
24.151466915933266	265.0
24.16146752335187	265.0
24.171468130770478	265.0
24.181468738189082	265.0
24.19146934560769	262.0
24.201469953026294	259.0
24.2114705604449	256.0
24.221471167863506	253.0
24.231471775282113	248.0
24.241472382700717	245.0
24.251472990119325	239.0
24.26147359753793	234.0
24.271474204956537	231.0
24.28147481237514	228.0
24.29147541979375	226.0
24.301476027212352	226.0
24.31147663463096	226.0
24.321477242049564	228.0
24.331477849468172	231.0
24.341478456886776	0.0
24.351479064305384	0.0
24.361479671723988	242.0
24.371480279142595	248.0
24.3814808865612	253.0
24.391481493979807	259.0
24.40148210139841	265.0
24.41148270881702	268.0
24.421483316235623	272.0
24.43148392365423	272.0
24.441484531072835	272.0
24.451485138491442	268.0
24.461485745910046	268.0
24.471486353328654	265.0
24.481486960747258	262.0
24.491487568165866	256.0
24.501488175584473	253.0
24.511488783003077	245.0
24.521489390421685	239.0
24.53148999784029	234.0
24.541490605258897	231.0
24.5514912126775	228.0
24.56149182009611	226.0
24.571492427514713	223.0
24.58149303493332	220.0
24.591493642351924	223.0
24.601494249770532	226.0
24.611494857189136	228.0
24.621495464607744	231.0
24.631496072026348	234.0
24.641496679444955	236.0
24.65149728686356	242.0
24.661497894282167	245.0
24.67149850170077	253.0
24.68149910911938	259.0
24.691499716537983	265.0
24.70150032395659	268.0
24.711500931375195	268.0
24.721501538793802	268.0
24.731502146212407	272.0
24.741502753631014	272.0
24.75150336104962	272.0
24.761503968468226	272.0
24.77150457588683	272.0
24.781505183305438	272.0
24.79150579072404	272.0
24.80150639814265	272.0
24.811507005561253	272.0
24.82150761297986	272.0
24.831508220398465	272.0
24.841508827817073	0.0
24.851509435235677	0.0
24.861510042654285	0.0
24.87151065007289	0.0
24.881511257491496	0.0
24.8915118649101	0.0
24.901512472328708	0.0
24.911513079747312	0.0
24.92151368716592	0.0
24.931514294584524	268.0
24.94151490200313	0.0
24.95151550942174	0.0
24.961516116840343	0.0
24.97151672425895	0.0
24.981517331677555	0.0
24.991517939096163	0.0
25.001518546514767	0.0
25.011519153933374	0.0
25.02151976135198	0.0
25.031520368770586	0.0
25.04152097618919	0.0
25.051521583607798	0.0
25.061522191026402	0.0
25.07152279844501	0.0
25.081523405863614	275.0
25.09152401328222	275.0
25.101524620700825	275.0
25.111525228119433	275.0
25.121525835538037	275.0
25.131526442956645	275.0
25.14152705037525	275.0
25.151527657793856	275.0
25.16152826521246	0.0
25.171528872631068	0.0
25.181529480049672	275.0
25.19153008746828	275.0
25.201530694886884	0.0
25.21153130230549	272.0
25.221531909724096	268.0
25.231532517142703	268.0
25.241533124561307	265.0
25.251533731979915	262.0
25.26153433939852	259.0
25.271534946817127	253.0
25.28153555423573	245.0
25.29153616165434	239.0
25.301536769072943	234.0
25.31153737649155	231.0
25.321537983910154	228.0
25.331538591328762	228.0
25.341539198747366	231.0
25.351539806165974	234.0
25.361540413584578	239.0
25.371541021003186	248.0
25.381541628421793	256.0
25.391542235840397	262.0
25.401542843259005	268.0
25.41154345067761	275.0
25.421544058096217	281.0
25.43154466551482	281.0
25.44154527293343	284.0
25.451545880352032	0.0
25.46154648777064	0.0
25.471547095189244	0.0
25.481547702607852	0.0
25.491548310026456	259.0
25.501548917445064	256.0
25.511549524863668	250.0
25.521550132282275	248.0
25.53155073970088	245.0
25.541551347119487	242.0
25.55155195453809	242.0
25.5615525619567	239.0
25.571553169375303	242.0
25.58155377679391	242.0
25.591554384212515	242.0
25.601554991631122	245.0
25.611555599049726	250.0
25.621556206468334	259.0
25.631556813886938	268.0
25.641557421305546	278.0
25.65155802872415	284.0
25.661558636142757	288.0
25.67155924356136	294.0
25.68155985097997	294.0
25.691560458398573	288.0
25.70156106581718	278.0
25.711561673235785	262.0
25.721562280654393	250.0
25.731562888072997	239.0
25.741563495491604	234.0
25.75156410291021	231.0
25.761564710328816	228.0
25.77156531774742	228.0
25.781565925166028	228.0
25.791566532584632	228.0
25.80156714000324	228.0
25.811567747421844	228.0
25.82156835484045	228.0
25.83156896225906	228.0
25.841569569677663	228.0
25.85157017709627	228.0
25.861570784514875	228.0
25.871571391933482	228.0
25.881571999352087	228.0
25.891572606770694	228.0
25.9015732141893	231.0
25.911573821607906	231.0
25.92157442902651	234.0
25.931575036445118	234.0
25.94157564386372	236.0
25.95157625128233	236.0
25.961576858700933	234.0
25.97157746611954	231.0
25.981578073538145	223.0
25.991578680956753	215.0
26.001579288375357	206.0
26.011579895793965	201.0
26.02158050321257	196.0
26.031581110631176	192.0
26.04158171804978	190.0
26.051582325468388	192.0
26.061582932886992	194.0
26.0715835403056	199.0
26.081584147724204	203.0
26.09158475514281	206.0
26.101585362561416	0.0
26.111585969980023	0.0
26.121586577398627	0.0
26.131587184817235	0.0
26.14158779223584	0.0
26.151588399654447	0.0
26.16158900707305	0.0
26.17158961449166	0.0
26.181590221910263	0.0
26.19159082932887	0.0
26.201591436747474	0.0
26.211592044166082	0.0
26.221592651584686	0.0
26.231593259003294	0.0
26.241593866421898	0.0
26.251594473840505	0.0
26.26159508125911	0.0
26.271595688677717	0.0
26.281596296096325	0.0
26.29159690351493	0.0
26.301597510933536	0.0
26.31159811835214	0.0
26.321598725770748	0.0
26.331599333189352	0.0
26.34159994060796	0.0
26.351600548026564	0.0
26.36160115544517	0.0
26.371601762863776	0.0
26.381602370282383	0.0
26.391602977700988	0.0
26.401603585119595	0.0
26.4116041925382	0.0
26.421604799956807	0.0
26.43160540737541	0.0
26.44160601479402	0.0
26.451606622212623	0.0
26.46160722963123	0.0
26.471607837049834	0.0
26.481608444468442	0.0
26.491609051887046	0.0
26.501609659305654	0.0
26.511610266724258	0.0
26.521610874142866	0.0
26.53161148156147	0.0
26.541612088980077	0.0
26.55161269639868	0.0
26.56161330381729	0.0
26.571613911235893	0.0
26.5816145186545	0.0
26.591615126073105	0.0
26.601615733491712	0.0
26.611616340910317	234.0
26.621616948328924	234.0
26.63161755574753	234.0
26.641618163166136	0.0
26.65161877058474	0.0
26.661619378003348	236.0
26.671619985421952	236.0
26.68162059284056	236.0
26.691621200259164	236.0
26.70162180767777	236.0
26.711622415096375	236.0
26.721623022514983	236.0
26.73162362993359	0.0
26.741624237352195	0.0
26.751624844770802	0.0
26.761625452189406	236.0
26.771626059608014	236.0
26.781626667026618	236.0
26.791627274445226	236.0
26.80162788186383	236.0
26.811628489282437	236.0
26.82162909670104	236.0
26.83162970411965	236.0
26.841630311538253	234.0
26.85163091895686	234.0
26.861631526375465	234.0
26.871632133794073	234.0
26.881632741212677	234.0
26.891633348631284	234.0
26.90163395604989	231.0
26.911634563468496	231.0
26.9216351708871	231.0
26.931635778305708	231.0
26.941636385724312	231.0
26.95163699314292	231.0
26.961637600561524	231.0
26.97163820798013	231.0
26.981638815398735	231.0
26.991639422817343	231.0
27.001640030235947	231.0
27.011640637654555	231.0
27.02164124507316	231.0
27.031641852491767	231.0
27.04164245991037	228.0
27.05164306732898	228.0
27.061643674747582	223.0
27.07164428216619	220.0
27.081644889584794	215.0
27.0916454970034	213.0
27.101646104422006	210.0
27.111646711840613	210.0
27.121647319259218	213.0
27.131647926677825	223.0
27.14164853409643	236.0
27.151649141515037	248.0
27.161649748933645	256.0
27.17165035635225	262.0
27.181650963770856	272.0
27.19165157118946	278.0
27.201652178608068	281.0
27.211652786026672	281.0
27.22165339344528	281.0
27.231654000863884	278.0
27.24165460828249	275.0
27.251655215701096	268.0
27.261655823119703	259.0
27.271656430538307	253.0
27.281657037956915	245.0
27.29165764537552	236.0
27.301658252794127	231.0
27.31165886021273	226.0
27.32165946763134	220.0
27.331660075049943	218.0
27.34166068246855	215.0
27.351661289887154	215.0
27.361661897305762	218.0
27.371662504724366	220.0
27.381663112142974	226.0
27.391663719561578	234.0
27.401664326980185	239.0
27.41166493439879	245.0
27.421665541817397	253.0
27.431666149236	259.0
27.44166675665461	262.0
27.451667364073213	268.0
27.46166797149182	268.0
27.471668578910425	272.0
27.481669186329032	272.0
27.491669793747636	272.0
27.501670401166244	268.0
27.511671008584848	268.0
27.521671616003456	268.0
27.53167222342206	268.0
27.541672830840668	268.0
27.55167343825927	268.0
27.56167404567788	268.0
27.571674653096483	272.0
27.58167526051509	272.0
27.591675867933695	272.0
27.601676475352303	272.0
27.61167708277091	272.0
27.621677690189514	272.0
27.631678297608122	272.0
27.641678905026726	272.0
27.651679512445334	272.0
27.661680119863938	272.0
27.671680727282546	272.0
27.68168133470115	272.0
27.691681942119757	272.0
27.70168254953836	272.0
27.71168315695697	272.0
27.721683764375573	272.0
27.73168437179418	272.0
27.741684979212785	272.0
27.751685586631393	272.0
27.761686194049997	272.0
27.771686801468604	272.0
27.78168740888721	272.0
27.791688016305816	272.0
27.80168862372442	272.0
27.811689231143028	272.0
27.821689838561632	272.0
27.83169044598024	272.0
27.841691053398844	272.0
27.85169166081745	272.0
27.861692268236055	272.0
27.871692875654663	272.0
27.881693483073267	272.0
27.891694090491875	272.0
27.90169469791048	272.0
27.911695305329086	268.0
27.92169591274769	268.0
27.931696520166298	268.0
27.941697127584902	268.0
27.95169773500351	268.0
27.961698342422114	272.0
27.97169894984072	272.0
27.981699557259326	272.0
27.991700164677933	272.0
28.001700772096537	272.0
28.011701379515145	272.0
28.02170198693375	272.0
28.031702594352357	268.0
28.04170320177096	268.0
28.05170380918957	268.0
28.061704416608176	265.0
28.07170502402678	262.0
28.081705631445388	262.0
28.091706238863992	256.0
28.1017068462826	253.0
28.111707453701204	248.0
28.12170806111981	245.0
28.131708668538415	239.0
28.141709275957023	234.0
28.151709883375627	228.0
28.161710490794235	228.0
28.17171109821284	223.0
28.181711705631447	218.0
28.19171231305005	215.0
28.20171292046866	218.0
28.211713527887262	218.0
28.22171413530587	223.0
28.231714742724474	228.0
28.24171535014308	234.0
28.251715957561686	239.0
28.261716564980293	248.0
28.271717172398898	256.0
28.281717779817505	262.0
28.29171838723611	268.0
28.301718994654717	272.0
28.31171960207332	275.0
28.32172020949193	278.0
28.331720816910533	278.0
28.34172142432914	275.0
28.351722031747745	272.0
28.361722639166352	268.0
28.371723246584956	265.0
28.381723854003564	262.0
28.391724461422168	259.0
28.401725068840776	256.0
28.41172567625938	250.0
28.421726283677987	245.0
28.43172689109659	239.0
28.4417274985152	236.0
28.451728105933803	234.0
28.46172871335241	228.0
28.471729320771015	228.0
28.481729928189623	228.0
28.491730535608227	228.0
28.501731143026834	228.0
28.511731750445442	231.0
28.521732357864046	234.0
28.531732965282654	239.0
28.541733572701258	245.0
28.551734180119865	250.0
28.56173478753847	256.0
28.571735394957077	259.0
28.58173600237568	265.0
28.59173660979429	268.0
28.601737217212893	272.0
28.6117378246315	275.0
28.621738432050105	275.0
28.631739039468712	272.0
28.641739646887316	272.0
28.651740254305924	272.0
28.661740861724528	272.0
28.671741469143136	272.0
28.68174207656174	272.0
28.691742683980348	272.0
28.70174329139895	272.0
28.71174389881756	272.0
28.721744506236163	272.0
28.73174511365477	272.0
28.741745721073375	268.0
28.751746328491983	268.0
28.761746935910587	265.0
28.771747543329194	262.0
28.7817481507478	262.0
28.791748758166406	259.0
28.80174936558501	256.0
28.811749973003618	250.0
28.821750580422222	248.0
28.83175118784083	0.0
28.841751795259434	0.0
28.85175240267804	0.0
28.861753010096646	0.0
28.871753617515253	0.0
28.881754224933857	0.0
28.891754832352465	0.0
28.90175543977107	0.0
28.911756047189677	0.0
28.92175665460828	0.0
28.93175726202689	0.0
28.941757869445496	0.0
28.9517584768641	0.0
28.961759084282708	0.0
28.971759691701312	0.0
28.98176029911992	228.0
28.991760906538524	228.0
29.00176151395713	228.0
29.011762121375735	228.0
29.021762728794343	231.0
29.031763336212947	234.0
29.041763943631555	236.0
29.05176455105016	242.0
29.061765158468766	245.0
29.07176576588737	248.0
29.081766373305978	248.0
29.091766980724582	248.0
29.10176758814319	248.0
29.111768195561794	245.0
29.1217688029804	0.0
29.131769410399006	0.0
29.141770017817613	0.0
29.151770625236217	0.0
29.161771232654825	0.0
29.17177184007343	0.0
29.181772447492037	0.0
29.19177305491064	0.0
29.20177366232925	0.0
29.211774269747853	0.0
29.22177487716646	0.0
29.231775484585064	0.0
29.241776092003672	228.0
29.251776699422276	228.0
29.261777306840884	228.0
29.271777914259488	228.0
29.281778521678095	228.0
29.2917791290967	228.0
29.301779736515307	228.0
29.31178034393391	228.0
29.32178095135252	228.0
29.331781558771123	231.0
29.34178216618973	234.0
29.351782773608335	236.0
29.361783381026942	239.0
29.371783988445546	242.0
29.381784595864154	245.0
29.391785203282762	248.0
29.401785810701366	248.0
29.411786418119974	248.0
29.421787025538578	248.0
29.431787632957185	248.0
29.44178824037579	248.0
29.451788847794397	245.0
29.461789455213	245.0
29.47179006263161	242.0
29.481790670050213	239.0
29.49179127746882	236.0
29.501791884887425	236.0
29.511792492306032	234.0
29.521793099724636	231.0
29.531793707143244	228.0
29.541794314561848	226.0
29.551794921980456	223.0
29.56179552939906	220.0
29.571796136817667	215.0
29.58179674423627	213.0
29.59179735165488	210.0
29.601797959073483	208.0
29.61179856649209	206.0
29.621799173910695	206.0
29.631799781329303	206.0
29.641800388747907	203.0
29.651800996166514	203.0
29.66180160358512	203.0
29.671802211003726	206.0
29.68180281842233	206.0
29.691803425840938	206.0
29.701804033259542	206.0
29.71180464067815	206.0
29.721805248096754	206.0
29.73180585551536	206.0
29.741806462933965	206.0
29.751807070352573	203.0
29.761807677771177	203.0
29.771808285189785	203.0
29.78180889260839	201.0
29.791809500026996	201.0
29.8018101074456	201.0
29.811810714864208	201.0
29.821811322282812	201.0
29.83181192970142	203.0
29.841812537120028	203.0
29.85181314453863	206.0
29.86181375195724	208.0
29.871814359375843	213.0
29.88181496679445	218.0
29.891815574213055	223.0
29.901816181631663	228.0
29.911816789050267	231.0
29.921817396468875	234.0
29.93181800388748	234.0
29.941818611306086	234.0
29.95181921872469	234.0
29.961819826143298	234.0
29.971820433561902	231.0
29.98182104098051	231.0
29.991821648399114	228.0
30.00182225581772	228.0
30.011822863236326	228.0
30.021823470654933	226.0
30.031824078073537	226.0
30.041824685492145	226.0
30.05182529291075	226.0
30.061825900329357	226.0
30.07182650774796	226.0
30.08182711516657	226.0
30.091827722585172	228.0
30.10182833000378	228.0
30.111828937422384	231.0
30.121829544840992	231.0
30.131830152259596	231.0
30.141830759678204	231.0
30.151831367096808	231.0
30.161831974515415	228.0
30.17183258193402	226.0
30.181833189352627	226.0
30.19183379677123	223.0
30.20183440418984	223.0
30.211835011608443	226.0
30.22183561902705	226.0
30.231836226445655	228.0
30.241836833864262	228.0
30.251837441282866	228.0
30.261838048701474	231.0
30.271838656120078	228.0
30.281839263538686	228.0
30.291839870957293	223.0
30.301840478375897	218.0
30.311841085794505	213.0
30.32184169321311	210.0
30.331842300631717	208.0
30.34184290805032	208.0
30.35184351546893	210.0
30.361844122887533	213.0
30.37184473030614	215.0
30.381845337724744	223.0
30.391845945143352	226.0
30.401846552561956	228.0
30.411847159980564	228.0
30.421847767399168	228.0
30.431848374817775	228.0
30.44184898223638	228.0
30.451849589654987	228.0
30.46185019707359	228.0
30.4718508044922	228.0
30.481851411910803	228.0
30.49185201932941	226.0
30.501852626748015	223.0
30.511853234166622	218.0
30.521853841585227	215.0
30.531854449003834	210.0
30.54185505642244	208.0
30.551855663841046	206.0
30.56185627125965	201.0
30.571856878678258	199.0
30.58185748609686	196.0
30.59185809351547	192.0
30.601858700934073	190.0
30.61185930835268	187.0
30.621859915771285	183.0
30.631860523189893	181.0
30.641861130608497	177.0
30.651861738027105	173.0
30.66186234544571	169.0
30.671862952864316	167.0
30.68186356028292	165.0
30.691864167701528	165.0
30.701864775120132	165.0
30.71186538253874	0.0
30.721865989957344	165.0
30.73186659737595	165.0
30.74186720479456	165.0
30.751867812213163	167.0
30.76186841963177	171.0
30.771869027050375	175.0
30.781869634468983	0.0
30.791870241887587	185.0
30.801870849306194	192.0
30.8118714567248	196.0
30.821872064143406	0.0
30.83187267156201	0.0
30.841873278980618	0.0
30.851873886399222	208.0
30.86187449381783	208.0
30.871875101236434	208.0
30.88187570865504	208.0
30.891876316073645	0.0
30.901876923492253	0.0
30.911877530910857	0.0
30.921878138329465	0.0
30.93187874574807	0.0
30.941879353166676	0.0
30.95187996058528	0.0
30.961880568003888	0.0
30.971881175422492	0.0
30.9818817828411	0.0
30.991882390259704	201.0
31.00188299767831	201.0
31.011883605096916	201.0
31.021884212515523	199.0
31.031884819934128	196.0
31.041885427352735	194.0
31.05188603477134	192.0
31.061886642189947	192.0
31.07188724960855	194.0
31.08188785702716	196.0
31.091888464445763	201.0
31.10188907186437	206.0
31.111889679282974	208.0
31.121890286701582	213.0
31.131890894120186	0.0
31.141891501538794	0.0
31.151892108957398	0.0
31.161892716376006	0.0
31.171893323794613	0.0
31.181893931213217	0.0
31.191894538631825	0.0
31.20189514605043	0.0
31.211895753469037	0.0
31.22189636088764	0.0
31.23189696830625	0.0
31.241897575724852	0.0
31.25189818314346	0.0
31.261898790562064	0.0
31.271899397980672	0.0
31.281900005399276	0.0
31.291900612817884	0.0
31.301901220236488	0.0
31.311901827655095	0.0
31.3219024350737	0.0
31.331903042492307	0.0
31.34190364991091	0.0
31.35190425732952	0.0
31.361904864748123	0.0
31.37190547216673	0.0
31.381906079585335	0.0
31.391906687003942	0.0
31.401907294422546	0.0
31.411907901841154	0.0
31.421908509259758	0.0
31.431909116678366	0.0
31.44190972409697	0.0
31.451910331515577	0.0
31.46191093893418	0.0
31.47191154635279	223.0
31.481912153771393	223.0
31.49191276119	220.0
31.501913368608605	220.0
31.511913976027213	215.0
31.521914583445817	213.0
31.531915190864424	0.0
31.54191579828303	0.0
31.551916405701636	0.0
31.56191701312024	0.0
31.571917620538848	0.0
31.581918227957452	245.0
31.59191883537606	250.0
31.601919442794664	256.0
31.61192005021327	259.0
31.62192065763188	262.0
31.631921265050483	265.0
31.64192187246909	265.0
31.651922479887695	262.0
31.661923087306302	262.0
31.671923694724907	256.0
31.681924302143514	253.0
31.69192490956212	248.0
31.701925516980726	242.0
31.71192612439933	236.0
31.721926731817938	231.0
31.73192733923654	226.0
31.74192794665515	218.0
31.751928554073753	215.0
31.76192916149236	215.0
31.771929768910965	215.0
31.781930376329573	220.0
31.791930983748177	228.0
31.801931591166785	0.0
31.81193219858539	0.0
31.821932806003996	0.0
31.8319334134226	0.0
31.841934020841208	0.0
31.851934628259812	278.0
31.86193523567842	278.0
31.871935843097024	0.0
31.88193645051563	0.0
31.891937057934236	0.0
31.901937665352843	0.0
31.911938272771447	0.0
31.921938880190055	0.0
31.93193948760866	0.0
31.941940095027267	0.0
31.95194070244587	0.0
31.96194130986448	0.0
31.971941917283083	0.0
31.98194252470169	0.0
31.991943132120294	0.0
32.0019437395389	0.0
32.011944346957506	0.0
32.02194495437611	0.0
32.03194556179472	0.0
32.041946169213325	0.0
32.05194677663193	0.0
32.06194738405054	0.0
32.071947991469145	0.0
32.08194859888775	0.0
32.09194920630635	0.0
32.101949813724964	0.0
32.11195042114357	0.0
32.12195102856217	0.0
32.131951635980776	0.0
32.14195224339939	0.0
32.15195285081799	0.0
32.161953458236596	0.0
32.1719540656552	0.0
32.18195467307381	0.0
32.191955280492415	0.0
32.20195588791102	0.0
32.21195649532962	0.0
32.221957102748235	0.0
32.23195771016684	0.0
32.24195831758544	0.0
32.25195892500405	0.0
32.26195953242266	294.0
32.27196013984126	298.0
32.281960747259866	301.0
32.29196135467847	305.0
32.30196196209708	312.0
32.311962569515686	319.0
32.32196317693429	331.0
32.331963784352894	350.0
32.341964391771505	363.0
32.35196499919011	367.0
32.36196560660871	363.0
32.37196621402732	363.0
32.38196682144593	358.0
32.39196742886453	358.0
32.40196803628314	354.0
32.41196864370174	354.0
32.42196925112035	350.0
32.431969858538956	346.0
32.44197046595756	342.0
32.451971073376164	338.0
32.461971680794775	334.0
32.47197228821338	334.0
32.48197289563198	334.0
32.49197350305059	334.0
32.5019741104692	331.0
32.5119747178878	331.0
32.52197532530641	334.0
32.53197593272502	334.0
32.54197654014362	334.0
32.551977147562226	338.0
32.56197775498083	346.0
32.57197836239944	354.0
32.581978969818046	358.0
32.59197957723665	363.0
32.601980184655254	367.0
32.611980792073865	363.0
32.62198139949247	363.0
32.63198200691107	358.0
32.64198261432968	354.0
32.65198322174829	350.0
32.66198382916689	342.0
32.6719844365855	338.0
32.6819850440041	331.0
32.69198565142271	327.0
32.701986258841316	319.0
32.71198686625992	312.0
32.721987473678524	305.0
32.731988081097136	294.0
32.74198868851574	291.0
32.751989295934344	284.0
32.76198990335295	278.0
32.77199051077156	278.0
32.78199111819016	275.0
32.79199172560877	272.0
32.80199233302737	272.0
32.81199294044598	268.0
32.82199354786459	268.0
32.83199415528319	272.0
32.841994762701795	272.0
32.851995370120406	275.0
32.86199597753901	281.0
32.871996584957614	291.0
32.88199719237622	301.0
32.89199779979483	316.0
32.90199840721343	331.0
32.91199901463204	350.0
32.92199962205064	371.0
32.93200022946925	380.0
32.94200083688786	384.0
32.95200144430646	384.0
32.96200205172507	380.0
32.972002659143676	371.0
32.98200326656228	363.0
32.992003873980885	350.0
33.002004481399496	342.0
33.0120050888181	334.0
33.022005696236704	334.0
33.03200630365531	334.0
33.04200691107392	331.0
33.05200751849252	331.0
33.06200812591113	334.0
33.07200873332973	334.0
33.08200934074834	338.0
33.09200994816695	338.0
33.10201055558555	342.0
33.112011163004155	350.0
33.122011770422766	354.0
33.13201237784137	358.0
33.142012985259974	363.0
33.15201359267858	367.0
33.16201420009719	371.0
33.172014807515794	371.0
33.1820154149344	367.0
33.192016022353	363.0
33.20201662977161	358.0
33.21201723719022	354.0
33.22201784460882	346.0
33.232018452027425	342.0
33.24201905944604	338.0
33.25201966686464	338.0
33.262020274283245	334.0
33.27202088170185	334.0
33.28202148912046	334.0
33.292022096539064	334.0
33.30202270395767	338.0
33.31202331137627	338.0
33.32202391879488	342.0
33.33202452621349	350.0
33.34202513363209	354.0
33.352025741050696	363.0
33.36202634846931	367.0
33.37202695588791	375.0
33.382027563306515	384.0
33.39202817072512	393.0
33.40202877814373	398.0
33.412029385562334	398.0
33.42202999298094	402.0
33.43203060039955	402.0
33.442031207818154	402.0
33.45203181523676	402.0
33.46203242265536	402.0
33.47203303007397	402.0
33.48203363749258	402.0
33.49203424491118	402.0
33.502034852329786	402.0
33.5120354597484	402.0
33.522036067167	402.0
33.532036674585605	402.0
33.54203728200421	402.0
33.55203788942282	402.0
33.562038496841424	402.0
33.57203910426003	402.0
33.58203971167863	402.0
33.592040319097244	402.0
33.60204092651585	402.0
33.61204153393445	402.0
33.622042141353056	398.0
33.63204274877167	398.0
33.64204335619027	398.0
33.652043963608875	398.0
33.66204457102748	398.0
33.67204517844609	398.0
33.682045785864695	398.0
33.6920463932833	398.0
33.7020470007019	402.0
33.712047608120514	402.0
33.72204821553912	402.0
33.73204882295772	402.0
33.742049430376326	402.0
33.75205003779494	402.0
33.76205064521354	402.0
33.772051252632146	407.0
33.78205186005075	407.0
33.79205246746936	402.0
33.802053074887965	402.0
33.81205368230657	402.0
33.82205428972517	402.0
33.832054897143784	402.0
33.84205550456239	398.0
33.85205611198099	398.0
33.862056719399604	398.0
33.87205732681821	398.0
33.88205793423681	398.0
33.892058541655416	398.0
33.90205914907403	398.0
33.91205975649263	398.0
33.922060363911235	398.0
33.93206097132984	398.0
33.94206157874845	398.0
33.952062186167055	398.0
33.96206279358566	398.0
33.97206340100426	398.0
33.982064008422874	398.0
33.99206461584148	398.0
34.00206522326008	398.0
34.01206583067869	398.0
34.0220664380973	398.0
34.0320670455159	398.0
34.042067652934506	398.0
34.05206826035311	402.0
34.06206886777172	402.0
34.072069475190325	402.0
34.08207008260893	402.0
34.09207069002753	398.0
34.102071297446145	393.0
34.11207190486475	380.0
34.12207251228335	367.0
34.13207311970196	354.0
34.14207372712057	0.0
34.15207433453917	0.0
34.162074941957776	0.0
34.17207554937638	0.0
34.18207615679499	0.0
34.192076764213596	0.0
34.2020773716322	0.0
34.212077979050804	402.0
34.222078586469415	407.0
34.23207919388802	407.0
34.24207980130662	407.0
34.25208040872523	407.0
34.26208101614384	407.0
34.27208162356244	407.0
34.28208223098105	407.0
34.29208283839966	407.0
34.30208344581826	407.0
34.312084053236866	407.0
34.32208466065547	407.0
34.33208526807408	407.0
34.342085875492685	407.0
34.35208648291129	407.0
34.362087090329894	407.0
34.372087697748505	402.0
34.38208830516711	402.0
34.39208891258571	402.0
34.40208952000432	402.0
34.41209012742293	398.0
34.42209073484153	398.0
34.43209134226014	393.0
34.44209194967874	389.0
34.45209255709735	380.0
34.462093164515956	375.0
34.47209377193456	363.0
34.482094379353164	354.0
34.492094986771775	346.0
34.50209559419038	338.0
34.51209620160898	331.0
34.52209680902759	327.0
34.5320974164462	327.0
34.5420980238648	327.0
34.55209863128341	327.0
34.56209923870201	331.0
34.57209984612062	334.0
34.582100453539226	346.0
34.59210106095783	363.0
34.602101668376434	375.0
34.612102275795046	389.0
34.62210288321365	398.0
34.632103490632254	402.0
34.64210409805086	407.0
34.65210470546947	407.0
34.66210531288807	402.0
34.67210592030668	398.0
34.68210652772528	393.0
34.69210713514389	384.0
34.7021077425625	375.0
34.7121083499811	371.0
34.722108957399705	367.0
34.732109564818316	363.0
34.74211017223692	354.0
34.752110779655524	350.0
34.762111387074135	346.0
34.77211199449274	338.0
34.782112601911344	338.0
34.79211320932995	334.0
34.80211381674856	334.0
34.81211442416716	334.0
34.82211503158577	334.0
34.83211563900437	334.0
34.84211624642298	338.0
34.852116853841586	342.0
34.86211746126019	350.0
34.872118068678795	363.0
34.882118676097406	371.0
34.89211928351601	380.0
34.902119890934614	393.0
34.91212049835322	398.0
34.92212110577183	402.0
34.93212171319043	402.0
34.94212232060904	402.0
34.95212292802764	398.0
34.96212353544625	393.0
34.97212414286486	389.0
34.98212475028346	384.0
34.992125357702065	375.0
35.002125965120676	371.0
35.01212657253928	367.0
35.022127179957884	363.0
35.03212778737649	354.0
35.0421283947951	350.0
35.052129002213704	346.0
35.06212960963231	342.0
35.07213021705091	338.0
35.08213082446952	338.0
35.09213143188813	338.0
35.10213203930673	338.0
35.112132646725335	338.0
35.12213325414395	338.0
35.13213386156255	338.0
35.142134468981155	338.0
35.15213507639976	334.0
35.16213568381837	334.0
35.172136291236974	334.0
35.18213689865558	334.0
35.19213750607419	338.0
35.20213811349279	338.0
35.2121387209114	338.0
35.22213932833	342.0
35.23213993574861	346.0
35.24214054316722	350.0
35.25214115058582	358.0
35.262141758004425	358.0
35.272142365423036	363.0
35.28214297284164	363.0
35.292143580260245	363.0
35.30214418767885	363.0
35.31214479509746	358.0
35.322145402516064	358.0
35.33214600993467	354.0
35.34214661735327	346.0
35.35214722477188	342.0
35.36214783219049	338.0
35.37214843960909	331.0
35.382149047027696	327.0
35.39214965444631	323.0
35.40215026186491	316.0
35.412150869283515	312.0
35.42215147670212	308.0
35.43215208412073	301.0
35.442152691539334	294.0
35.45215329895794	291.0
35.46215390637654	284.0
35.472154513795154	281.0
35.48215512121376	275.0
35.49215572863236	272.0
35.502156336050966	268.0
35.51215694346958	268.0
35.52215755088818	265.0
35.532158158306785	265.0
35.54215876572539	268.0
35.552159373144	268.0
35.562159980562605	268.0
35.57216058798121	268.0
35.58216119539981	268.0
35.592161802818424	268.0
35.60216241023703	268.0
35.61216301765563	268.0
35.62216362507424	268.0
35.63216423249285	268.0
35.64216483991145	265.0
35.652165447330056	265.0
35.66216605474867	265.0
35.67216666216727	262.0
35.682167269585875	262.0
35.69216787700448	262.0
35.70216848442309	262.0
35.712169091841695	262.0
35.7221696992603	262.0
35.7321703066789	259.0
35.742170914097514	259.0
35.75217152151612	253.0
35.76217212893472	248.0
35.772172736353326	242.0
35.78217334377194	239.0
35.79217395119054	239.0
35.802174558609146	242.0
35.81217516602775	245.0
35.82217577344636	250.0
35.832176380864965	253.0
35.84217698828357	253.0
35.85217759570217	259.0
35.862178203120784	262.0
35.87217881053939	262.0
35.88217941795799	265.0
35.8921800253766	265.0
35.90218063279521	265.0
35.91218124021381	265.0
35.922181847632416	265.0
35.93218245505102	265.0
35.94218306246963	265.0
35.952183669888235	265.0
35.96218427730684	265.0
35.97218488472544	265.0
35.982185492144055	265.0
35.99218609956266	265.0
36.00218670698126	265.0
36.01218731439987	262.0
36.02218792181848	262.0
36.03218852923708	262.0
36.042189136655686	259.0
36.05218974407429	259.0
36.0621903514929	253.0
36.072190958911506	250.0
36.08219156633011	245.0
36.09219217374872	236.0
36.102192781167325	226.0
36.11219338858593	215.0
36.12219399600453	210.0
36.132194603423144	208.0
36.14219521084175	206.0
36.15219581826035	208.0
36.16219642567896	210.0
36.17219703309757	215.0
36.18219764051617	220.0
36.192198247934776	231.0
36.20219885535338	239.0
36.21219946277199	248.0
36.222200070190596	256.0
36.2322006776092	262.0
36.242201285027804	265.0
36.252201892446415	268.0
36.26220249986502	272.0
36.27220310728362	268.0
36.28220371470223	268.0
36.29220432212084	265.0
36.30220492953944	259.0
36.31220553695805	256.0
36.32220614437665	250.0
36.33220675179526	245.0
36.342207359213866	239.0
36.35220796663247	228.0
36.362208574051074	223.0
36.372209181469685	218.0
36.38220978888829	215.0
36.39221039630689	215.0
36.4022110037255	218.0
36.41221161114411	226.0
36.42221221856271	236.0
36.43221282598132	250.0
36.44221343339992	268.0
36.45221404081853	281.0
36.462214648237136	288.0
36.47221525565574	291.0
36.482215863074344	291.0
36.492216470492956	291.0
36.50221707791156	281.0
36.512217685330164	265.0
36.522218292748775	245.0
36.53221890016738	213.0
36.54221950758598	203.0
36.55222011500459	199.0
36.5622207224232	199.0
36.5722213298418	201.0
36.58222193726041	201.0
36.59222254467901	203.0
36.60222315209762	206.0
36.612223759516226	208.0
36.62222436693483	210.0
36.632224974353434	213.0
36.642225581772045	215.0
36.65222618919065	220.0
36.662226796609254	226.0
36.67222740402786	228.0
36.68222801144647	234.0
36.69222861886507	234.0
36.70222922628368	236.0
36.71222983370228	236.0
36.72223044112089	236.0
36.7322310485395	239.0
36.7422316559581	239.0
36.752232263376705	239.0
36.762232870795316	239.0
36.77223347821392	239.0
36.782234085632524	239.0
36.79223469305113	239.0
36.80223530046974	239.0
36.81223590788834	239.0
36.82223651530695	239.0
36.83223712272555	239.0
36.84223773014416	236.0
36.85223833756277	234.0
36.86223894498137	231.0
36.872239552399975	228.0
36.882240159818586	226.0
36.89224076723719	223.0
36.902241374655794	220.0
36.9122419820744	218.0
36.92224258949301	218.0
36.932243196911614	220.0
36.94224380433022	220.0
36.95224441174882	223.0
36.96224501916743	223.0
36.97224562658604	226.0
36.98224623400464	226.0
36.99224684142325	226.0
37.00224744884186	226.0
37.01224805626046	226.0
37.022248663679065	223.0
37.032249271097676	223.0
37.04224987851628	223.0
37.052250485934884	223.0
37.06225109335349	223.0
37.0722517007721	223.0
37.082252308190704	223.0
37.09225291560931	226.0
37.10225352302791	226.0
37.11225413044652	226.0
37.12225473786513	226.0
37.13225534528373	226.0
37.142255952702335	226.0
37.15225656012095	223.0
37.16225716753955	218.0
37.172257774958155	215.0
37.18225838237676	213.0
37.19225898979537	208.0
37.202259597213974	203.0
37.21226020463258	201.0
37.22226081205118	199.0
37.23226141946979	199.0
37.2422620268884	199.0
37.252262634307	201.0
37.262263241725606	203.0
37.27226384914422	206.0
37.28226445656282	208.0
37.292265063981425	208.0
37.30226567140003	208.0
37.31226627881864	0.0
37.322266886237244	0.0
37.33226749365585	0.0
37.34226810107445	0.0
37.352268708493064	0.0
37.36226931591167	0.0
37.37226992333027	0.0
37.382270530748876	0.0
37.39227113816749	0.0
37.40227174558609	0.0
37.412272353004695	0.0
37.42227296042331	0.0
37.43227356784191	0.0
37.442274175260515	0.0
37.45227478267912	0.0
37.46227539009773	0.0
37.472275997516334	0.0
37.48227660493494	0.0
37.49227721235354	0.0
37.502277819772154	0.0
37.51227842719076	0.0
37.52227903460936	0.0
37.532279642027966	0.0
37.54228024944658	0.0
37.55228085686518	0.0
37.562281464283785	0.0
37.57228207170239	0.0
37.582282679121	0.0
37.592283286539605	0.0
37.60228389395821	0.0
37.61228450137681	0.0
37.622285108795424	0.0
37.63228571621403	0.0
37.64228632363263	0.0
37.652286931051236	0.0
37.66228753846985	0.0
37.67228814588845	0.0
37.682288753307056	0.0
37.69228936072566	0.0
37.70228996814427	0.0
37.712290575562875	0.0
37.72229118298148	0.0
37.73229179040008	231.0
37.742292397818694	231.0
37.7522930052373	234.0
37.7622936126559	231.0
37.77229422007451	231.0
37.78229482749312	231.0
37.79229543491172	231.0
37.802296042330326	231.0
37.81229664974893	231.0
37.82229725716754	228.0
37.832297864586145	228.0
37.84229847200475	228.0
37.85229907942336	228.0
37.862299686841965	228.0
37.87230029426057	228.0
37.88230090167917	228.0
37.892301509097784	228.0
37.90230211651639	228.0
37.91230272393499	228.0
37.922303331353596	231.0
37.93230393877221	231.0
37.94230454619081	231.0
37.952305153609416	231.0
37.96230576102802	231.0
37.97230636844663	231.0
37.982306975865235	231.0
37.99230758328384	231.0
38.00230819070244	231.0
38.012308798121055	231.0
38.02230940553966	231.0
38.03231001295826	231.0
38.04231062037687	231.0
38.05231122779548	234.0
38.06231183521408	234.0
38.072312442632686	234.0
38.08231305005129	234.0
38.0923136574699	234.0
38.102314264888506	234.0
38.11231487230711	234.0
38.122315479725714	234.0
38.132316087144325	234.0
38.14231669456293	234.0
38.15231730198153	231.0
38.16231790940014	231.0
38.17231851681875	231.0
38.18231912423735	228.0
38.19231973165596	226.0
38.20232033907456	220.0
38.21232094649317	215.0
38.222321553911776	213.0
38.23232216133038	210.0
38.242322768748984	213.0
38.252323376167595	218.0
38.2623239835862	226.0
38.2723245910048	236.0
38.28232519842341	242.0
38.29232580584202	250.0
38.30232641326062	256.0
38.31232702067923	262.0
38.32232762809784	268.0
38.33232823551644	272.0
38.342328842935046	275.0
38.35232945035365	272.0
38.36233005777226	272.0
38.372330665190866	268.0
38.38233127260947	265.0
38.392331880028074	262.0
38.402332487446685	256.0
38.41233309486529	250.0
38.42233370228389	245.0
38.4323343097025	236.0
38.44233491712111	231.0
38.45233552453971	228.0
38.46233613195832	223.0
38.47233673937692	220.0
38.48233734679553	218.0
38.492337954214136	218.0
38.50233856163274	220.0
38.512339169051344	223.0
38.522339776469956	226.0
38.53234038388856	234.0
38.542340991307164	239.0
38.55234159872577	248.0
38.56234220614438	253.0
38.57234281356298	259.0
38.58234342098159	262.0
38.59234402840019	268.0
38.6023446358188	268.0
38.61234524323741	272.0
38.62234585065601	272.0
38.632346458074615	272.0
38.642347065493226	268.0
38.65234767291183	268.0
38.662348280330434	268.0
38.67234888774904	268.0
38.68234949516765	268.0
38.69235010258625	268.0
38.70235071000486	268.0
38.71235131742346	268.0
38.72235192484207	272.0
38.73235253226068	272.0
38.74235313967928	272.0
38.75235374709789	272.0
38.762354354516496	272.0
38.7723549619351	272.0
38.782355569353705	272.0
38.792356176772316	272.0
38.80235678419092	272.0
38.812357391609524	272.0
38.82235799902813	272.0
38.83235860644674	272.0
38.84235921386534	272.0
38.85235982128395	272.0
38.86236042870255	272.0
38.87236103612116	272.0
38.88236164353977	272.0
38.89236225095837	272.0
38.902362858376975	272.0
38.912363465795586	272.0
38.92236407321419	272.0
38.932364680632794	272.0
38.9423652880514	272.0
38.95236589547001	272.0
38.962366502888614	272.0
38.97236711030722	272.0
38.98236771772582	272.0
38.99236832514443	272.0
39.00236893256304	272.0
39.01236953998164	272.0
39.022370147400245	272.0
39.03237075481886	272.0
39.04237136223746	272.0
39.052371969656065	272.0
39.06237257707467	272.0
39.07237318449328	268.0
39.082373791911884	268.0
39.09237439933049	268.0
39.10237500674909	268.0
39.1123756141677	268.0
39.12237622158631	268.0
39.13237682900491	268.0
39.142377436423516	268.0
39.15237804384213	268.0
39.16237865126073	268.0
39.172379258679335	272.0
39.182379866097946	272.0
39.19238047351655	272.0
39.202381080935155	272.0
39.21238168835376	268.0
39.22238229577237	268.0
39.232382903190974	268.0
39.24238351060958	265.0
39.25238411802818	265.0
39.26238472544679	262.0
39.2723853328654	259.0
39.282385940284	256.0
39.292386547702606	253.0
39.30238715512122	248.0
39.31238776253982	245.0
39.322388369958425	239.0
39.33238897737703	234.0
39.34238958479564	228.0
39.352390192214244	223.0
39.36239079963285	220.0
39.37239140705145	220.0
39.382392014470064	220.0
39.39239262188867	223.0
39.40239322930727	226.0
39.412393836725876	231.0
39.42239444414449	236.0
39.43239505156309	242.0
39.442395658981695	250.0
39.4523962664003	262.0
39.46239687381891	272.0
39.472397481237515	278.0
39.48239808865612	281.0
39.49239869607472	281.0
39.502399303493334	281.0
39.51239991091194	281.0
39.52240051833054	275.0
39.532401125749146	268.0
39.54240173316776	265.0
39.55240234058636	259.0
39.562402948004966	253.0
39.57240355542357	248.0
39.58240416284218	245.0
39.592404770260785	239.0
39.60240537767939	236.0
39.61240598509799	234.0
39.622406592516604	231.0
39.63240719993521	228.0
39.64240780735381	226.0
39.652408414772424	226.0
39.66240902219103	226.0
39.67240962960963	223.0
39.682410237028236	223.0
39.69241084444685	223.0
39.70241145186545	223.0
39.712412059284055	228.0
39.72241266670266	236.0
39.73241327412127	242.0
39.742413881539875	250.0
39.75241448895848	256.0
39.76241509637708	262.0
39.772415703795694	268.0
39.7824163112143	275.0
39.7924169186329	278.0
39.80241752605151	278.0
39.81241813347012	278.0
39.82241874088872	278.0
39.832419348307326	278.0
39.84241995572593	275.0
39.85242056314454	272.0
39.862421170563145	268.0
39.87242177798175	268.0
39.88242238540035	265.0
39.892422992818965	265.0
39.90242360023757	262.0
39.91242420765617	259.0
39.92242481507478	259.0
39.93242542249339	256.0
39.94242602991199	253.0
39.952426637330596	250.0
39.9624272447492	248.0
39.97242785216781	242.0
39.982428459586416	239.0
39.99242906700502	236.0
40.002429674423624	234.0
40.012430281842235	234.0
40.02243088926084	231.0
40.03243149667944	231.0
40.04243210409805	231.0
40.05243271151666	228.0
40.06243331893526	228.0
40.07243392635387	228.0
40.08243453377248	228.0
40.09243514119108	228.0
40.102435748609686	228.0
40.11243635602829	228.0
40.1224369634469	228.0
40.132437570865505	228.0
40.14243817828411	228.0
40.152438785702714	228.0
40.162439393121325	231.0
40.17244000053993	234.0
40.18244060795853	236.0
40.19244121537714	239.0
40.20244182279575	242.0
40.21244243021435	245.0
40.22244303763296	245.0
40.23244364505156	248.0
40.24244425247017	245.0
40.252444859888776	245.0
40.26244546730738	242.0
40.272446074725984	239.0
40.282446682144595	234.0
40.2924472895632	231.0
40.3024478969818	231.0
40.31244850440041	228.0
40.32244911181902	228.0
40.33244971923762	228.0
40.34245032665623	228.0
40.35245093407483	228.0
40.36245154149344	228.0
40.372452148912046	226.0
40.38245275633065	226.0
40.392453363749254	226.0
40.402453971167866	226.0
40.41245457858647	226.0
40.422455186005074	226.0
40.43245579342368	226.0
40.44245640084229	226.0
40.45245700826089	226.0
40.4624576156795	226.0
40.4724582230981	228.0
40.48245883051671	228.0
40.49245943793532	231.0
40.50246004535392	234.0
40.512460652772525	234.0
40.522461260191136	236.0
40.53246186760974	239.0
40.542462475028344	239.0
40.552463082446955	242.0
40.56246368986556	242.0
40.572464297284164	242.0
40.58246490470277	239.0
40.59246551212138	239.0
40.60246611953998	236.0
40.61246672695859	236.0
40.62246733437719	236.0
40.6324679417958	234.0
40.642468549214406	234.0
40.65246915663301	231.0
40.662469764051615	228.0
40.672470371470226	226.0
40.68247097888883	223.0
40.692471586307434	220.0
40.70247219372604	218.0
40.71247280114465	215.0
40.72247340856325	213.0
40.73247401598186	208.0
40.74247462340046	206.0
40.75247523081907	203.0
40.76247583823768	203.0
40.77247644565628	201.0
40.782477053074885	199.0
40.792477660493496	199.0
40.8024782679121	196.0
40.812478875330704	196.0
40.82247948274931	196.0
40.83248009016792	196.0
40.842480697586524	196.0
40.85248130500513	196.0
40.86248191242373	199.0
40.87248251984234	199.0
40.88248312726095	201.0
40.89248373467955	201.0
40.902484342098155	203.0
40.91248494951677	203.0
40.92248555693537	201.0
40.932486164353975	201.0
40.94248677177258	201.0
40.95248737919119	199.0
40.962487986609794	196.0
40.9724885940284	196.0
40.98248920144701	196.0
40.992489808865614	196.0
41.00249041628422	196.0
41.01249102370282	199.0
41.02249163112143	201.0
41.03249223854004	203.0
41.04249284595864	208.0
41.052493453377245	210.0
41.062494060795856	215.0
41.07249466821446	220.0
41.082495275633065	226.0
41.09249588305167	228.0
41.10249649047028	228.0
41.112497097888884	231.0
41.12249770530749	231.0
41.13249831272609	231.0
41.1424989201447	228.0
41.15249952756331	228.0
41.16250013498191	228.0
41.172500742400516	228.0
41.18250134981913	228.0
41.19250195723773	228.0
41.202502564656335	228.0
41.21250317207494	228.0
41.22250377949355	228.0
41.232504386912154	228.0
41.24250499433076	228.0
41.25250560174936	228.0
41.262506209167974	226.0
41.27250681658658	228.0
41.28250742400518	228.0
41.292508031423786	228.0
41.3025086388424	228.0
41.312509246261	228.0
41.322509853679605	228.0
41.33251046109821	228.0
41.34251106851682	228.0
41.352511675935425	228.0
41.36251228335403	228.0
41.37251289077263	228.0
41.382513498191244	228.0
41.39251410560985	228.0
41.40251471302845	228.0
41.41251532044706	228.0
41.42251592786567	226.0
41.43251653528427	223.0
41.442517142702876	218.0
41.45251775012149	215.0
41.46251835754009	213.0
41.472518964958695	213.0
41.4825195723773	213.0
41.49252017979591	218.0
41.502520787214515	226.0
41.51252139463312	231.0
41.52252200205172	234.0
41.532522609470334	234.0
41.54252321688894	234.0
41.55252382430754	234.0
41.562524431726146	234.0
41.57252503914476	231.0
41.58252564656336	231.0
41.592526253981966	231.0
41.60252686140057	231.0
41.61252746881918	228.0
41.622528076237785	228.0
41.63252868365639	223.0
41.64252929107499	220.0
41.652529898493604	215.0
41.66253050591221	210.0
41.67253111333081	208.0
41.68253172074942	206.0
41.69253232816803	203.0
41.70253293558663	199.0
41.712533543005236	196.0
41.72253415042384	192.0
41.73253475784245	187.0
41.742535365261055	183.0
41.75253597267966	179.0
41.76253658009826	175.0
41.772537187516875	169.0
41.78253779493548	165.0
41.79253840235408	161.0
41.80253900977269	159.0
41.8125396171913	159.0
41.8225402246099	161.0
41.832540832028506	161.0
41.84254143944711	163.0
41.85254204686572	167.0
41.862542654284326	169.0
41.87254326170293	171.0
41.88254386912154	173.0
41.892544476540145	177.0
41.90254508395875	181.0
41.91254569137735	183.0
41.922546298795965	187.0
41.93254690621457	192.0
41.94254751363317	196.0
41.95254812105178	199.0
41.96254872847039	201.0
41.97254933588899	203.0
41.982549943307596	203.0
41.9925505507262	203.0
42.00255115814481	203.0
42.012551765563416	203.0
42.02255237298202	203.0
42.032552980400624	203.0
42.042553587819235	203.0
42.05255419523784	203.0
42.06255480265644	203.0
42.07255541007505	203.0
42.08255601749366	203.0
42.09255662491226	203.0
42.10255723233087	203.0
42.11255783974947	203.0
42.12255844716808	201.0
42.132559054586686	201.0
42.14255966200529	199.0
42.152560269423894	199.0
42.162560876842505	196.0
42.17256148426111	199.0
42.18256209167971	201.0
42.19256269909832	203.0
42.20256330651693	208.0
42.21256391393553	213.0
42.22256452135414	218.0
42.23256512877274	223.0
42.24256573619135	0.0
42.252566343609956	0.0
42.26256695102856	234.0
42.272567558447165	234.0
42.282568165865776	231.0
42.29256877328438	0.0
42.302569380702984	0.0
42.312569988121595	0.0
42.3225705955402	0.0
42.3325712029588	0.0
42.34257181037741	0.0
42.35257241779602	0.0
42.36257302521462	0.0
42.37257363263323	0.0
42.38257424005183	0.0
42.39257484747044	0.0
42.402575454889046	0.0
42.41257606230765	0.0
42.422576669726254	0.0
42.432577277144865	0.0
42.44257788456347	0.0
42.452578491982074	0.0
42.46257909940068	0.0
42.47257970681929	0.0
42.48258031423789	0.0
42.4925809216565	0.0
42.5025815290751	0.0
42.51258213649371	0.0
42.52258274391232	0.0
42.53258335133092	0.0
42.542583958749525	0.0
42.552584566168136	0.0
42.56258517358674	226.0
42.572585781005344	223.0
42.58258638842395	223.0
42.59258699584256	223.0
42.60258760326116	223.0
42.61258821067977	223.0
42.62258881809837	226.0
42.63258942551698	228.0
42.64259003293559	231.0
42.65259064035419	239.0
42.662591247772795	245.0
42.672591855191406	253.0
42.68259246261001	259.0
42.692593070028614	262.0
42.70259367744722	265.0
42.71259428486583	268.0
42.722594892284434	265.0
42.73259549970304	265.0
42.74259610712164	262.0
42.75259671454025	259.0
42.76259732195886	253.0
42.77259792937746	250.0
42.78259853679607	245.0
42.79259914421468	239.0
42.80259975163328	234.0
42.812600359051885	228.0
42.822600966470496	223.0
42.8326015738891	220.0
42.842602181307704	218.0
42.85260278872631	218.0
42.86260339614492	220.0
42.872604003563524	223.0
42.88260461098213	231.0
42.89260521840073	239.0
42.90260582581934	248.0
42.91260643323795	259.0
42.92260704065655	268.0
42.932607648075155	272.0
42.94260825549377	275.0
42.95260886291237	272.0
42.962609470330975	265.0
42.97261007774958	259.0
42.98261068516819	0.0
42.992611292586794	0.0
43.0026119000054	0.0
43.012612507424	0.0
43.02261311484261	0.0
43.03261372226122	0.0
43.04261432967982	0.0
43.052614937098426	0.0
43.06261554451704	0.0
43.07261615193564	0.0
43.082616759354245	0.0
43.09261736677285	0.0
43.10261797419146	0.0
43.112618581610064	0.0
43.12261918902867	0.0
43.13261979644727	0.0
43.142620403865884	0.0
43.15262101128449	0.0
43.16262161870309	0.0
43.172622226121696	0.0
43.18262283354031	0.0
43.19262344095891	0.0
43.202624048377515	0.0
43.21262465579613	0.0
43.22262526321473	0.0
43.232625870633335	0.0
43.24262647805194	0.0
43.25262708547055	0.0
43.262627692889154	0.0
43.27262830030776	0.0
43.28262890772636	0.0
43.292629515144974	284.0
43.30263012256358	284.0
43.31263072998218	0.0
43.322631337400786	0.0
43.3326319448194	305.0
43.342632552238	334.0
43.352633159656605	342.0
43.36263376707521	350.0
43.37263437449382	354.0
43.382634981912425	354.0
43.39263558933103	350.0
43.40263619674963	346.0
43.412636804168244	342.0
43.42263741158685	338.0
43.43263801900545	334.0
43.442638626424056	331.0
43.45263923384267	327.0
43.46263984126127	327.0
43.472640448679876	327.0
43.48264105609848	327.0
43.49264166351709	327.0
43.502642270935695	331.0
43.5126428783543	331.0
43.5226434857729	331.0
43.532644093191514	331.0
43.54264470061012	334.0
43.55264530802872	334.0
43.56264591544733	338.0
43.57264652286594	342.0
43.58264713028454	346.0
43.592647737703146	354.0
43.60264834512175	358.0
43.61264895254036	0.0
43.622649559958965	0.0
43.63265016737757	0.0
43.64265077479618	0.0
43.652651382214785	0.0
43.66265198963339	0.0
43.67265259705199	0.0
43.682653204470604	346.0
43.69265381188921	342.0
43.70265441930781	334.0
43.71265502672642	331.0
43.72265563414503	327.0
43.73265624156363	323.0
43.742656848982236	316.0
43.75265745640084	308.0
43.76265806381945	305.0
43.772658671238055	298.0
43.78265927865666	294.0
43.79265988607526	288.0
43.802660493493875	284.0
43.81266110091248	281.0
43.82266170833108	278.0
43.83266231574969	275.0
43.8426629231683	275.0
43.8526635305869	272.0
43.862664138005506	272.0
43.87266474542411	268.0
43.88266535284272	268.0
43.892665960261326	268.0
43.90266656767993	268.0
43.912667175098534	265.0
43.922667782517145	265.0
43.93266838993575	268.0
43.94266899735435	268.0
43.95266960477296	272.0
43.96267021219157	275.0
43.97267081961017	288.0
43.98267142702878	301.0
43.99267203444738	319.0
44.00267264186599	331.0
44.012673249284596	346.0
44.0226738567032	358.0
44.032674464121804	367.0
44.042675071540415	367.0
44.05267567895902	367.0
44.062676286377624	363.0
44.07267689379623	354.0
44.08267750121484	346.0
44.09267810863344	338.0
44.10267871605205	331.0
44.11267932347066	327.0
44.12267993088926	323.0
44.132680538307866	323.0
44.14268114572647	323.0
44.15268175314508	323.0
44.162682360563686	327.0
44.17268296798229	331.0
44.182683575400894	334.0
44.192684182819505	342.0
44.20268479023811	350.0
44.21268539765671	358.0
44.22268600507532	367.0
44.23268661249393	371.0
44.24268721991253	371.0
44.25268782733114	371.0
44.26268843474974	367.0
44.27268904216835	363.0
44.282689649586956	358.0
44.29269025700556	354.0
44.302690864424164	346.0
44.312691471842776	342.0
44.32269207926138	338.0
44.332692686679984	334.0
44.34269329409859	331.0
44.3526939015172	331.0
44.3626945089358	327.0
44.37269511635441	327.0
44.38269572377301	331.0
44.39269633119162	331.0
44.40269693861023	334.0
44.41269754602883	342.0
44.422698153447435	346.0
44.432698760866046	354.0
44.44269936828465	367.0
44.452699975703254	371.0
44.46270058312186	380.0
44.47270119054047	384.0
44.48270179795907	393.0
44.49270240537768	393.0
44.50270301279628	398.0
44.51270362021489	398.0
44.5227042276335	398.0
44.5327048350521	398.0
44.54270544247071	398.0
44.552706049889316	398.0
44.56270665730792	398.0
44.572707264726525	398.0
44.582707872145136	402.0
44.59270847956374	402.0
44.602709086982344	402.0
44.61270969440095	402.0
44.62271030181956	402.0
44.63271090923816	402.0
44.64271151665677	402.0
44.65271212407537	402.0
44.66271273149398	398.0
44.67271333891259	398.0
44.68271394633119	398.0
44.692714553749795	398.0
44.702715161168406	398.0
44.71271576858701	398.0
44.722716376005614	398.0
44.73271698342422	398.0
44.74271759084283	398.0
44.752718198261434	398.0
44.76271880568004	398.0
44.77271941309864	398.0
44.78272002051725	398.0
44.79272062793586	398.0
44.80272123535446	0.0
44.812721842773065	0.0
44.82272245019168	0.0
44.83272305761028	398.0
44.842723665028885	0.0
44.85272427244749	398.0
44.8627248798661	398.0
44.872725487284704	0.0
44.88272609470331	0.0
44.89272670212191	0.0
44.90272730954052	0.0
44.91272791695913	0.0
44.92272852437773	398.0
44.932729131796336	398.0
44.94272973921495	398.0
44.95273034663355	398.0
44.962730954052155	402.0
44.972731561470766	402.0
44.98273216888937	402.0
44.992732776307975	402.0
45.00273338372658	402.0
45.01273399114519	402.0
45.022734598563794	402.0
45.0327352059824	402.0
45.042735813401	402.0
45.05273642081961	402.0
45.06273702823822	402.0
45.07273763565682	402.0
45.082738243075426	402.0
45.09273885049404	402.0
45.10273945791264	402.0
45.112740065331245	402.0
45.12274067274985	402.0
45.13274128016846	402.0
45.142741887587064	402.0
45.15274249500567	402.0
45.16274310242427	402.0
45.172743709842884	402.0
45.18274431726149	402.0
45.19274492468009	402.0
45.202745532098696	402.0
45.21274613951731	402.0
45.22274674693591	402.0
45.232747354354515	402.0
45.24274796177312	402.0
45.25274856919173	402.0
45.262749176610335	402.0
45.27274978402894	402.0
45.28275039144754	398.0
45.292750998866154	393.0
45.30275160628476	389.0
45.31275221370336	380.0
45.322752821121966	367.0
45.33275342854058	0.0
45.34275403595918	0.0
45.352754643377786	0.0
45.36275525079639	0.0
45.372755858215	0.0
45.382756465633605	0.0
45.39275707305221	0.0
45.40275768047081	0.0
45.412758287889424	402.0
45.42275889530803	398.0
45.43275950272663	393.0
45.442760110145244	393.0
45.45276071756385	393.0
45.46276132498245	398.0
45.472761932401056	398.0
45.48276253981967	398.0
45.49276314723827	402.0
45.502763754656876	402.0
45.51276436207548	402.0
45.52276496949409	402.0
45.532765576912695	402.0
45.5427661843313	402.0
45.5527667917499	402.0
45.562767399168514	402.0
45.57276800658712	398.0
45.58276861400572	398.0
45.59276922142433	398.0
45.60276982884294	393.0
45.61277043626154	389.0
45.622771043680146	384.0
45.63277165109875	380.0
45.64277225851736	375.0
45.652772865935965	371.0
45.66277347335457	363.0
45.67277408077317	354.0
45.682774688191785	346.0
45.69277529561039	338.0
45.70277590302899	331.0
45.7127765104476	327.0
45.72277711786621	323.0
45.73277772528481	323.0
45.742778332703416	327.0
45.75277894012202	331.0
45.76277954754063	338.0
45.772780154959236	346.0
45.78278076237784	358.0
45.792781369796444	371.0
45.802781977215055	380.0
45.81278258463366	389.0
45.82278319205226	398.0
45.83278379947087	407.0
45.84278440688948	407.0
45.85278501430808	407.0
45.86278562172669	407.0
45.8727862291453	402.0
45.8827868365639	393.0
45.892787443982506	384.0
45.90278805140111	375.0
45.91278865881972	371.0
45.922789266238325	363.0
45.93278987365693	358.0
45.942790481075534	354.0
45.952791088494145	346.0
45.96279169591275	342.0
45.97279230333135	338.0
45.98279291074996	334.0
45.99279351816857	334.0
46.00279412558717	334.0
46.01279473300578	331.0
46.02279534042438	331.0
46.03279594784299	331.0
46.042796555261596	331.0
46.0527971626802	334.0
46.062797770098804	338.0
46.072798377517415	346.0
46.08279898493602	363.0
46.09279959235462	371.0
46.10280019977323	380.0
46.11280080719184	389.0
46.12280141461044	398.0
46.13280202202905	402.0
46.14280262944765	407.0
46.15280323686626	402.0
46.162803844284866	402.0
46.17280445170347	398.0
46.182805059122074	389.0
46.192805666540686	384.0
46.20280627395929	375.0
46.212806881377894	371.0
46.2228074887965	363.0
46.23280809621511	354.0
46.24280870363371	350.0
46.25280931105232	346.0
46.26280991847092	342.0
46.27281052588953	338.0
46.28281113330814	338.0
46.29281174072674	338.0
46.302812348145345	338.0
46.312812955563956	338.0
46.32281356298256	338.0
46.332814170401164	338.0
46.342814777819775	338.0
46.35281538523838	338.0
46.362815992656984	338.0
46.37281660007559	338.0
46.3828172074942	338.0
46.3928178149128	338.0
46.40281842233141	338.0
46.41281902975001	342.0
46.42281963716862	346.0
46.43282024458723	354.0
46.44282085200583	363.0
46.452821459424435	367.0
46.462822066843046	367.0
46.47282267426165	367.0
46.482823281680254	363.0
46.49282388909886	354.0
46.50282449651747	346.0
46.51282510393607	334.0
46.52282571135468	319.0
46.53282631877328	305.0
46.54282692619189	291.0
46.5528275336105	281.0
46.5628281410291	275.0
46.572828748447705	272.0
46.582829355866316	268.0
46.59282996328492	268.0
46.602830570703524	268.0
46.61283117812213	265.0
46.62283178554074	265.0
46.632832392959344	265.0
46.64283300037795	265.0
46.65283360779655	265.0
46.66283421521516	265.0
46.67283482263377	265.0
46.68283543005237	265.0
46.692836037470975	265.0
46.70283664488959	265.0
46.71283725230819	268.0
46.722837859726795	268.0
46.7328384671454	268.0
46.74283907456401	268.0
46.752839681982614	268.0
46.76284028940122	268.0
46.77284089681983	268.0
46.782841504238434	268.0
46.79284211165704	268.0
46.80284271907564	0.0
46.81284332649425	0.0
46.82284393391286	0.0
46.83284454133146	0.0
46.842845148750065	0.0
46.852845756168676	0.0
46.86284636358728	0.0
46.872846971005885	0.0
46.88284757842449	0.0
46.8928481858431	0.0
46.902848793261704	268.0
46.91284940068031	268.0
46.92285000809891	268.0
46.93285061551752	268.0
46.94285122293613	268.0
46.95285183035473	268.0
46.962852437773336	268.0
46.97285304519195	0.0
46.98285365261055	0.0
46.992854260029155	265.0
47.00285486744776	262.0
47.01285547486637	259.0
47.022856082284974	256.0
47.03285668970358	256.0
47.04285729712218	256.0
47.052857904540794	256.0
47.0628585119594	259.0
47.072859119378	265.0
47.082859726796606	268.0
47.09286033421522	268.0
47.10286094163382	272.0
47.112861549052425	272.0
47.12286215647103	272.0
47.13286276388964	272.0
47.142863371308245	272.0
47.15286397872685	272.0
47.16286458614545	272.0
47.172865193564064	272.0
47.18286580098267	268.0
47.19286640840127	268.0
47.20286701581988	268.0
47.21286762323849	268.0
47.22286823065709	268.0
47.232868838075696	268.0
47.24286944549431	265.0
47.25287005291291	262.0
47.262870660331515	262.0
47.27287126775012	259.0
47.28287187516873	253.0
47.292872482587335	250.0
47.30287309000594	248.0
47.31287369742454	239.0
47.322874304843154	234.0
47.33287491226176	226.0
47.34287551968036	218.0
47.352876127098966	215.0
47.36287673451758	213.0
47.37287734193618	210.0
47.382877949354786	210.0
47.39287855677339	213.0
47.402879164192	220.0
47.412879771610605	236.0
47.42288037902921	248.0
47.43288098644781	256.0
47.442881593866424	265.0
47.45288220128503	272.0
47.46288280870363	278.0
47.47288341612224	278.0
47.48288402354085	278.0
47.49288463095945	275.0
47.502885238378056	272.0
47.51288584579666	265.0
47.52288645321527	262.0
47.532887060633875	256.0
47.54288766805248	248.0
47.55288827547108	242.0
47.562888882889695	234.0
47.5728894903083	228.0
47.5828900977269	226.0
47.59289070514551	223.0
47.60289131256412	220.0
47.61289191998272	223.0
47.622892527401326	226.0
47.63289313481993	234.0
47.64289374223854	245.0
47.652894349657146	259.0
47.66289495707575	288.0
47.67289556449436	294.0
47.682896171912965	301.0
47.69289677933157	305.0
47.70289738675017	305.0
47.712897994168785	301.0
47.72289860158739	291.0
47.73289920900599	281.0
47.7428998164246	253.0
47.75290042384321	228.0
47.76290103126181	220.0
47.772901638680416	220.0
47.78290224609902	220.0
47.79290285351763	220.0
47.802903460936236	220.0
47.81290406835484	223.0
47.822904675773444	223.0
47.832905283192055	226.0
47.84290589061066	228.0
47.85290649802926	231.0
47.86290710544787	231.0
47.87290771286648	234.0
47.88290832028508	234.0
47.89290892770369	236.0
47.90290953512229	236.0
47.9129101425409	236.0
47.922910749959506	239.0
47.93291135737811	239.0
47.942911964796714	239.0
47.952912572215325	239.0
47.96291317963393	239.0
47.97291378705253	239.0
47.98291439447114	239.0
47.99291500188975	239.0
48.00291560930835	242.0
48.01291621672696	242.0
48.02291682414556	242.0
48.03291743156417	245.0
48.042918038982776	245.0
48.05291864640138	242.0
48.062919253819985	242.0
48.072919861238596	239.0
48.0829204686572	239.0
48.092921076075804	234.0
48.102921683494415	231.0
48.11292229091302	228.0
48.12292289833162	226.0
48.13292350575023	223.0
48.14292411316884	223.0
48.15292472058744	226.0
48.16292532800605	226.0
48.17292593542465	226.0
48.18292654284326	226.0
48.192927150261866	226.0
48.20292775768047	226.0
48.212928365099074	226.0
48.222928972517686	223.0
48.23292957993629	223.0
48.242930187354894	223.0
48.2529307947735	223.0
48.26293140219211	223.0
48.27293200961071	226.0
48.28293261702932	226.0
48.29293322444792	226.0
48.30293383186653	226.0
48.31293443928514	228.0
48.32293504670374	228.0
48.332935654122345	228.0
48.342936261540956	228.0
48.35293686895956	226.0
48.362937476378164	223.0
48.37293808379677	218.0
48.38293869121538	213.0
48.39293929863398	206.0
48.40293990605259	201.0
48.41294051347119	196.0
48.4229411208898	194.0
48.43294172830841	194.0
48.44294233572701	196.0
48.452942943145615	199.0
48.462943550564226	201.0
48.47294415798283	203.0
48.482944765401434	203.0
48.49294537282004	203.0
48.50294598023865	203.0
48.512946587657254	0.0
48.52294719507586	0.0
48.53294780249447	0.0
48.54294840991307	0.0
48.55294901733168	0.0
48.56294962475028	0.0
48.57295023216889	0.0
48.5829508395875	0.0
48.5929514470061	0.0
48.602952054424705	0.0
48.612952661843316	0.0
48.62295326926192	0.0
48.632953876680524	0.0
48.64295448409913	0.0
48.65295509151774	0.0
48.662955698936344	0.0
48.67295630635495	0.0
48.68295691377355	0.0
48.69295752119216	0.0
48.70295812861077	0.0
48.71295873602937	0.0
48.722959343447975	0.0
48.73295995086659	0.0
48.74296055828519	0.0
48.752961165703795	0.0
48.7629617731224	0.0
48.77296238054101	0.0
48.782962987959614	0.0
48.79296359537822	0.0
48.80296420279682	0.0
48.81296481021543	0.0
48.82296541763404	0.0
48.83296602505264	0.0
48.842966632471246	334.0
48.85296723988986	334.0
48.86296784730846	338.0
48.872968454727065	342.0
48.88296906214567	346.0
48.89296966956428	358.0
48.902970276982884	384.0
48.91297088440149	389.0
48.92297149182009	393.0
48.932972099238704	398.0
48.94297270665731	393.0
48.95297331407591	393.0
48.962973921494516	393.0
48.97297452891313	393.0
48.98297513633173	393.0
48.992975743750335	393.0
49.00297635116895	393.0
49.01297695858755	393.0
49.022977566006155	393.0
49.03297817342476	398.0
49.04297878084337	398.0
49.052979388261974	402.0
49.06297999568058	402.0
49.07298060309918	402.0
49.082981210517794	407.0
49.0929818179364	407.0
49.102982425355	407.0
49.112983032773606	407.0
49.12298364019222	402.0
49.13298424761082	402.0
49.142984855029425	402.0
49.15298546244803	402.0
49.16298606986664	402.0
49.172986677285245	398.0
49.18298728470385	398.0
49.19298789212245	398.0
49.202988499541064	398.0
49.21298910695967	398.0
49.22298971437827	393.0
49.232990321796876	393.0
49.24299092921549	389.0
49.25299153663409	384.0
49.262992144052696	380.0
49.2729927514713	371.0
49.28299335888991	358.0
49.292993966308515	342.0
49.30299457372712	327.0
49.31299518114572	316.0
49.322995788564334	312.0
49.33299639598294	312.0
49.34299700340154	316.0
49.35299761082015	323.0
49.36299821823876	331.0
49.37299882565736	342.0
49.382999433075966	350.0
49.39300004049457	363.0
49.40300064791318	371.0
49.413001255331785	380.0
49.42300186275039	384.0
49.433002470169	393.0
49.443003077587605	398.0
49.45300368500621	398.0
49.46300429242481	398.0
49.473004899843424	398.0
49.48300550726203	398.0
49.49300611468063	398.0
49.50300672209924	398.0
49.51300732951785	398.0
49.52300793693645	398.0
49.533008544355056	398.0
49.54300915177366	398.0
49.55300975919227	398.0
49.563010366610875	398.0
49.57301097402948	398.0
49.58301158144808	398.0
49.593012188866695	398.0
49.6030127962853	402.0
49.6130134037039	402.0
49.62301401112251	402.0
49.63301461854112	402.0
49.64301522595972	402.0
49.653015833378326	398.0
49.66301644079693	398.0
49.67301704821554	393.0
49.683017655634146	393.0
49.69301826305275	389.0
49.703018870471354	380.0
49.713019477889965	375.0
49.72302008530857	367.0
49.73302069272717	363.0
49.74302130014578	354.0
49.75302190756439	350.0
49.76302251498299	346.0
49.7730231224016	338.0
49.7830237298202	338.0
49.79302433723881	334.0
49.803024944657416	331.0
49.81302555207602	327.0
49.823026159494624	316.0
49.833026766913235	308.0
49.84302737433184	301.0
49.853027981750444	298.0
49.86302858916905	291.0
49.87302919658766	288.0
49.88302980400626	288.0
49.89303041142487	0.0
49.90303101884348	346.0
49.91303162626208	350.0
49.923032233680686	358.0
49.93303284109929	358.0
49.9430334485179	363.0
49.953034055936506	363.0
49.96303466335511	363.0
49.973035270773714	358.0
49.983035878192325	354.0
49.99303648561093	354.0
50.00303709302953	350.0
50.01303770044814	346.0
50.02303830786675	346.0
50.03303891528535	342.0
50.04303952270396	338.0
50.05304013012256	338.0
50.06304073754117	338.0
50.073041344959776	338.0
50.08304195237838	338.0
50.093042559796984	338.0
50.103043167215596	338.0
50.1130437746342	338.0
50.123044382052804	338.0
50.13304498947141	338.0
50.14304559689002	334.0
50.15304620430862	334.0
50.16304681172723	334.0
50.17304741914583	334.0
50.18304802656444	334.0
50.19304863398305	334.0
50.20304924140165	334.0
50.213049848820255	338.0
50.223050456238866	342.0
50.23305106365747	346.0
50.243051671076074	350.0
50.25305227849468	354.0
50.26305288591329	358.0
50.27305349333189	358.0
50.2830541007505	354.0
50.2930547081691	354.0
50.30305531558771	350.0
50.31305592300632	346.0
50.32305653042492	342.0
50.33305713784353	338.0
50.343057745262136	338.0
50.35305835268074	338.0
50.363058960099345	338.0
50.373059567517956	338.0
50.38306017493656	338.0
50.393060782355164	334.0
50.40306138977377	334.0
50.41306199719238	334.0
50.42306260461098	334.0
50.43306321202959	334.0
50.44306381944819	334.0
50.4530644268668	334.0
50.46306503428541	334.0
50.47306564170401	338.0
50.483066249122615	342.0
50.493066856541226	346.0
50.50306746395983	350.0
50.513068071378434	350.0
50.52306867879704	354.0
50.53306928621565	354.0
50.543069893634254	354.0
50.55307050105286	354.0
50.56307110847146	350.0
50.57307171589007	346.0
50.58307232330868	342.0
50.59307293072728	338.0
50.603073538145885	334.0
50.6130741455645	331.0
50.6230747529831	323.0
50.633075360401705	316.0
50.64307596782031	308.0
50.65307657523892	301.0
50.663077182657524	294.0
50.67307779007613	288.0
50.68307839749473	281.0
50.69307900491334	278.0
50.70307961233195	275.0
50.71308021975055	272.0
50.723080827169156	268.0
50.73308143458777	268.0
50.74308204200637	268.0
50.753082649424975	265.0
50.763083256843586	265.0
50.77308386426219	265.0
50.783084471680795	268.0
50.7930850790994	268.0
50.80308568651801	268.0
50.813086293936614	268.0
50.82308690135522	265.0
50.83308750877382	265.0
50.84308811619243	259.0
50.85308872361104	256.0
50.86308933102964	253.0
50.873089938448246	250.0
50.88309054586686	250.0
50.89309115328546	253.0
50.903091760704065	253.0
50.91309236812267	259.0
50.92309297554128	265.0
50.933093582959884	278.0
50.94309419037849	288.0
50.95309479779709	301.0
50.963095405215704	312.0
50.97309601263431	327.0
50.98309662005291	338.0
50.993097227471516	342.0
51.00309783489013	342.0
51.01309844230873	342.0
51.023099049727335	342.0
51.03309965714594	338.0
51.04310026456455	338.0
51.053100871983155	334.0
51.06310147940176	334.0
51.07310208682036	334.0
51.083102694238974	334.0
51.09310330165758	334.0
51.10310390907618	334.0
51.113104516494786	334.0
51.1231051239134	334.0
51.133105731332	338.0
51.143106338750606	338.0
51.15310694616921	338.0
51.16310755358782	342.0
51.173108161006425	346.0
51.18310876842503	350.0
51.19310937584363	354.0
51.203109983262244	358.0
51.21311059068085	358.0
51.22311119809945	358.0
51.233111805518064	354.0
51.24311241293667	346.0
51.25311302035527	334.0
51.263113627773876	323.0
51.27311423519249	305.0
51.28311484261109	281.0
51.293115450029696	265.0
51.3031160574483	259.0
51.31311666486691	256.0
51.323117272285515	259.0
51.33311787970412	262.0
51.34311848712272	272.0
51.353119094541334	281.0
51.36311970195994	291.0
51.37312030937854	301.0
51.38312091679715	308.0
51.39312152421576	316.0
51.40312213163436	319.0
51.413122739052966	323.0
51.42312334647157	331.0
51.43312395389018	334.0
51.443124561308785	334.0
51.45312516872739	334.0
51.46312577614599	338.0
51.473126383564605	338.0
51.48312699098321	338.0
51.49312759840181	338.0
51.50312820582042	342.0
51.51312881323903	342.0
51.52312942065763	342.0
51.533130028076236	342.0
51.54313063549484	342.0
51.55313124291345	342.0
51.563131850332056	342.0
51.57313245775066	342.0
51.583133065169264	338.0
51.593133672587875	334.0
51.60313428000648	331.0
51.61313488742508	323.0
51.62313549484369	312.0
51.6331361022623	298.0
51.6431367096809	284.0
51.65313731709951	272.0
51.66313792451812	262.0
51.67313853193672	259.0
51.683139139355326	259.0
51.69313974677393	259.0
51.70314035419254	262.0
51.713140961611145	265.0
51.72314156902975	265.0
51.733142176448354	268.0
51.743142783866965	268.0
51.75314339128557	268.0
51.76314399870417	268.0
51.77314460612278	268.0
51.78314521354139	268.0
51.79314582095999	268.0
51.8031464283786	272.0
51.8131470357972	272.0
51.82314764321581	272.0
51.833148250634416	272.0
51.84314885805302	272.0
51.853149465471624	272.0
51.863150072890235	272.0
51.87315068030884	268.0
51.88315128772744	265.0
51.89315189514605	259.0
51.90315250256466	256.0
51.91315310998326	248.0
51.92315371740187	242.0
51.93315432482047	242.0
51.94315493223908	242.0
51.953155539657686	248.0
51.96315614707629	253.0
51.973156754494894	262.0
51.983157361913506	265.0
51.99315796933211	265.0
52.003158576750714	268.0
52.01315918416932	268.0
52.02315979158793	268.0
52.03316039900653	268.0
52.04316100642514	268.0
52.05316161384374	268.0
52.06316222126235	268.0
52.07316282868096	268.0
52.08316343609956	268.0
52.093164043518165	268.0
52.103164650936776	268.0
52.11316525835538	268.0
52.123165865773984	268.0
52.133166473192595	268.0
52.1431670806112	268.0
52.153167688029804	268.0
52.16316829544841	265.0
52.17316890286702	265.0
52.18316951028562	265.0
52.19317011770423	262.0
52.20317072512283	259.0
52.21317133254144	253.0
52.22317193996005	248.0
52.23317254737865	242.0
52.243173154797255	234.0
52.253173762215866	228.0
52.26317436963447	223.0
52.273174977053074	218.0
52.28317558447168	215.0
52.29317619189029	215.0
52.30317679930889	218.0
52.3131774067275	220.0
52.3231780141461	226.0
52.33317862156471	234.0
52.34317922898332	242.0
52.35317983640192	250.0
52.363180443820525	256.0
52.373181051239136	265.0
52.38318165865774	272.0
52.393182266076344	275.0
52.40318287349495	275.0
52.41318348091356	272.0
52.423184088332164	272.0
52.43318469575077	268.0
52.44318530316937	265.0
52.45318591058798	262.0
52.46318651800659	259.0
52.47318712542519	256.0
52.483187732843795	250.0
52.49318834026241	250.0
52.50318894768101	248.0
52.513189555099615	245.0
52.52319016251822	242.0
52.53319076993683	239.0
52.543191377355434	236.0
52.55319198477404	236.0
52.56319259219265	236.0
52.573193199611254	239.0
52.58319380702986	245.0
52.59319441444846	250.0
52.60319502186707	259.0
52.61319562928568	268.0
52.62319623670428	281.0
52.633196844122885	291.0
52.643197451541496	294.0
52.6531980589601	291.0
52.663198666378705	288.0
52.67319927379731	275.0
52.68319988121592	259.0
52.693200488634524	245.0
52.70320109605313	236.0
52.71320170347173	234.0
52.72320231089034	231.0
52.73320291830895	231.0
52.74320352572755	231.0
52.753204133146156	228.0
52.76320474056477	228.0
52.77320534798337	228.0
52.783205955401975	228.0
52.79320656282058	228.0
52.80320717023919	228.0
52.813207777657794	228.0
52.8232083850764	226.0
52.833208992495	226.0
52.843209599913614	226.0
52.85321020733222	226.0
52.86321081475082	226.0
52.873211422169426	226.0
52.88321202958804	226.0
52.89321263700664	226.0
52.903213244425245	226.0
52.91321385184385	226.0
52.92321445926246	226.0
52.933215066681065	226.0
52.94321567409967	226.0
52.95321628151827	226.0
52.963216888936884	226.0
52.97321749635549	226.0
52.98321810377409	226.0
52.9932187111927	226.0
53.00321931861131	226.0
53.01321992602991	226.0
53.023220533448516	226.0
53.03322114086713	226.0
53.04322174828573	226.0
53.053222355704335	226.0
53.06322296312294	226.0
53.07322357054155	226.0
53.083224177960155	226.0
53.09322478537876	226.0
53.10322539279736	226.0
53.113226000215974	226.0
53.12322660763458	226.0
53.13322721505318	226.0
53.143227822471786	226.0
53.1532284298904	228.0
53.163229037309	231.0
53.173229644727606	236.0
53.18323025214621	242.0
53.19323085956482	248.0
53.203231466983425	253.0
53.21323207440203	259.0
53.22323268182063	265.0
53.233233289239244	272.0
53.24323389665785	272.0
53.25323450407645	272.0
53.26323511149506	272.0
53.27323571891367	268.0
53.28323632633227	265.0
53.293236933750876	265.0
53.30323754116948	262.0
53.31323814858809	256.0
53.323238756006695	250.0
53.3332393634253	248.0
53.343239970843904	242.0
53.353240578262515	239.0
53.36324118568112	234.0
53.37324179309972	231.0
53.38324240051833	228.0
53.39324300793694	226.0
53.40324361535554	226.0
53.413244222774146	226.0
53.42324483019275	226.0
53.43324543761136	226.0
53.443246045029966	228.0
53.45324665244857	231.0
53.46324725986718	234.0
53.473247867285785	239.0
53.48324847470439	245.0
53.49324908212299	250.0
53.503249689541605	256.0
53.51325029696021	262.0
53.52325090437881	265.0
53.53325151179742	268.0
53.54325211921603	268.0
53.55325272663463	272.0
53.563253334053236	272.0
53.57325394147184	268.0
53.58325454889045	268.0
53.593255156309056	268.0
53.60325576372766	268.0
53.613256371146264	268.0
53.623256978564875	268.0
53.63325758598348	268.0
53.64325819340208	268.0
53.65325880082069	265.0
53.6632594082393	265.0
53.6732600156579	265.0
53.68326062307651	265.0
53.69326123049511	265.0
53.70326183791372	265.0
53.713262445332326	268.0
53.72326305275093	268.0
53.733263660169534	268.0
53.743264267588145	268.0
53.75326487500675	268.0
53.76326548242535	268.0
53.77326608984396	268.0
53.78326669726257	268.0
53.79326730468117	268.0
53.80326791209978	268.0
53.81326851951838	0.0
53.82326912693699	265.0
53.833269734355596	265.0
53.8432703417742	262.0
53.853270949192805	259.0
53.863271556611416	0.0
53.87327216403002	0.0
53.883272771448624	0.0
53.893273378867235	245.0
53.90327398628584	242.0
53.91327459370444	0.0
53.92327520112305	0.0
53.93327580854166	0.0
53.94327641596026	234.0
53.95327702337887	231.0
53.96327763079747	231.0
53.97327823821608	231.0
53.983278845634686	228.0
53.99327945305329	228.0
54.003280060471894	226.0
54.013280667890506	226.0
54.02328127530911	226.0
54.033281882727714	223.0
54.04328249014632	223.0
54.05328309756493	223.0
54.06328370498353	223.0
54.07328431240214	226.0
54.08328491982074	226.0
54.09328552723935	228.0
54.10328613465796	231.0
54.11328674207656	234.0
54.123287349495165	236.0
54.133287956913776	239.0
54.14328856433238	242.0
54.153289171750984	242.0
54.16328977916959	245.0
54.1732903865882	242.0
54.1832909940068	242.0
54.19329160142541	239.0
54.20329220884401	236.0
54.21329281626262	234.0
54.22329342368123	231.0
54.23329403109983	228.0
54.243294638518435	228.0
54.253295245937046	226.0
54.26329585335565	226.0
54.273296460774255	226.0
54.28329706819286	226.0
54.29329767561147	226.0
54.303298283030074	226.0
54.31329889044868	226.0
54.32329949786729	226.0
54.33330010528589	228.0
54.3433007127045	228.0
54.3533013201231	228.0
54.36330192754171	228.0
54.37330253496032	231.0
54.38330314237892	231.0
54.393303749797525	234.0
54.403304357216136	236.0
54.41330496463474	239.0
54.423305572053344	242.0
54.43330617947195	245.0
54.44330678689056	245.0
54.453307394309164	245.0
54.46330800172777	245.0
54.47330860914637	245.0
54.48330921656498	245.0
54.49330982398359	245.0
54.50331043140219	245.0
54.513311038820795	245.0
54.52331164623941	245.0
54.53331225365801	245.0
54.543312861076615	248.0
54.55331346849522	248.0
54.56331407591383	245.0
54.573314683332434	245.0
54.58331529075104	245.0
54.59331589816964	242.0
54.60331650558825	239.0
54.61331711300686	236.0
54.62331772042546	234.0
54.633318327844066	231.0
54.64331893526268	228.0
54.65331954268128	226.0
54.663320150099885	220.0
54.67332075751849	215.0
54.6833213649371	213.0
54.693321972355704	208.0
54.70332257977431	206.0
54.71332318719291	206.0
54.723323794611524	203.0
54.73332440203013	203.0
54.74332500944873	201.0
54.753325616867336	201.0
54.76332622428595	201.0
54.77332683170455	201.0
54.783327439123156	201.0
54.79332804654177	203.0
54.80332865396037	206.0
54.813329261378975	210.0
54.82332986879758	213.0
54.83333047621619	218.0
54.843331083634794	223.0
54.8533316910534	226.0
54.863332298472	228.0
54.873332905890614	228.0
54.88333351330922	228.0
54.89333412072782	228.0
54.903334728146426	228.0
54.91333533556504	226.0
54.92333594298364	226.0
54.933336550402245	223.0
54.94333715782085	223.0
54.95333776523946	223.0
54.963338372658065	223.0
54.97333898007667	223.0
54.98333958749527	223.0
54.993340194913884	226.0
55.00334080233249	226.0
55.01334140975109	226.0
55.023342017169696	226.0
55.03334262458831	226.0
55.04334323200691	226.0
55.053343839425516	226.0
55.06334444684412	226.0
55.07334505426273	226.0
55.083345661681335	226.0
55.09334626909994	226.0
55.10334687651854	226.0
55.113347483937154	226.0
55.12334809135576	226.0
55.13334869877436	226.0
55.14334930619297	226.0
55.15334991361158	226.0
55.16335052103018	226.0
55.173351128448786	226.0
55.18335173586739	226.0
55.193352343286	226.0
55.203352950704605	228.0
55.21335355812321	228.0
55.22335416554182	228.0
55.233354772960425	228.0
55.24335538037903	228.0
55.25335598779763	228.0
55.263356595216244	228.0
55.27335720263485	226.0
55.28335781005345	223.0
55.29335841747206	220.0
55.30335902489067	218.0
55.31335963230927	215.0
55.323360239727876	213.0
55.33336084714648	213.0
55.34336145456509	213.0
55.353362061983695	215.0
55.3633626694023	223.0
55.3733632768209	234.0
55.383363884239515	242.0
55.39336449165812	253.0
55.40336509907672	262.0
55.41336570649533	272.0
55.42336631391394	278.0
55.43336692133254	281.0
55.443367528751146	281.0
55.45336813616975	278.0
55.46336874358836	275.0
55.473369351006966	272.0
55.48336995842557	268.0
55.493370565844174	265.0
55.503371173262785	259.0
55.51337178068139	256.0
55.52337238809999	250.0
55.5333729955186	248.0
55.54337360293721	242.0
55.55337421035581	236.0
55.56337481777442	231.0
55.57337542519302	226.0
55.58337603261163	223.0
55.593376640030236	220.0
55.60337724744884	218.0
55.613377854867444	215.0
55.623378462286055	215.0
55.63337906970466	215.0
55.643379677123264	220.0
55.65338028454187	223.0
55.66338089196048	228.0
55.67338149937908	234.0
55.68338210679769	239.0
55.6933827142163	245.0
55.7033833216349	250.0
55.71338392905351	256.0
55.72338453647211	259.0
55.73338514389072	265.0
55.743385751309326	268.0
55.75338635872793	272.0
55.763386966146534	272.0
55.773387573565145	272.0
55.78338818098375	272.0
55.79338878840235	272.0
55.80338939582096	272.0
55.81339000323957	272.0
55.82339061065817	272.0
55.83339121807678	272.0
55.84339182549538	272.0
55.85339243291399	268.0
55.863393040332596	268.0
55.8733936477512	268.0
55.883394255169804	268.0
55.893394862588416	268.0
55.90339547000702	268.0
55.913396077425624	268.0
55.92339668484423	268.0
55.93339729226284	268.0
55.94339789968144	268.0
55.95339850710005	268.0
55.96339911451865	268.0
55.97339972193726	268.0
55.98340032935587	268.0
55.99340093677447	268.0
56.003401544193075	268.0
56.013402151611686	268.0
56.02340275903029	268.0
56.033403366448894	268.0
56.0434039738675	268.0
56.05340458128611	265.0
56.063405188704714	265.0
56.07340579612332	265.0
56.08340640354192	265.0
56.09340701096053	265.0
56.10340761837914	265.0
56.11340822579774	265.0
56.12340883321635	265.0
56.133409440634956	265.0
56.14341004805356	265.0
56.153410655472165	265.0
56.163411262890776	265.0
56.17341187030938	268.0
56.183412477727984	268.0
56.19341308514659	272.0
56.2034136925652	272.0
56.2134142999838	272.0
56.22341490740241	272.0
56.23341551482101	272.0
56.24341612223962	272.0
56.25341672965823	268.0
56.26341733707683	268.0
56.273417944495435	268.0
56.283418551914046	268.0
56.29341915933265	268.0
56.303419766751254	268.0
56.31342037416986	272.0
56.32342098158847	275.0
56.333421589007074	275.0
56.34342219642568	275.0
56.35342280384428	275.0
56.36342341126289	272.0
56.3734240186815	268.0
56.3834246261001	268.0
56.393425233518705	265.0
56.40342584093732	262.0
56.41342644835592	259.0
56.423427055774525	259.0
56.43342766319313	256.0
56.44342827061174	250.0
56.453428878030344	248.0
56.46342948544895	245.0
56.47343009286755	245.0
56.48343070028616	248.0
56.49343130770477	262.0
56.50343191512337	291.0
56.513432522541976	312.0
56.52343312996059	327.0
56.53343373737919	346.0
56.543434344797795	358.0
56.553434952216406	363.0
56.56343555963501	363.0
56.573436167053615	358.0
56.58343677447222	354.0
56.59343738189083	350.0
56.603437989309434	342.0
56.61343859672804	338.0
56.62343920414664	338.0
56.63343981156525	334.0
56.64344041898386	334.0
56.65344102640246	334.0
56.663441633821066	334.0
56.67344224123968	334.0
56.68344284865828	334.0
56.693443456076885	338.0
56.70344406349549	338.0
56.7134446709141	338.0
56.723445278332704	338.0
56.73344588575131	342.0
56.74344649316991	342.0
56.753447100588524	346.0
56.76344770800713	346.0
56.77344831542573	354.0
56.783448922844336	358.0
56.79344953026295	363.0
56.80345013768155	367.0
56.813450745100155	367.0
56.82345135251876	363.0
56.83345195993737	358.0
56.843452567355975	354.0
56.85345317477458	338.0
56.86345378219318	323.0
56.873454389611794	308.0
56.8834549970304	294.0
56.893455604449	281.0
56.903456211867606	275.0
56.91345681928622	272.0
56.92345742670482	272.0
56.933458034123426	272.0
56.94345864154203	272.0
56.95345924896064	272.0
56.963459856379245	272.0
56.97346046379785	275.0
56.98346107121645	275.0
56.993461678635065	275.0
57.00346228605367	275.0
57.01346289347227	272.0
57.023463500890884	272.0
57.03346410830949	272.0
57.04346471572809	272.0
57.053465323146696	272.0
57.06346593056531	268.0
57.07346653798391	268.0
57.083467145402516	268.0
57.09346775282112	265.0
57.10346836023973	265.0
57.113468967658335	268.0
57.12346957507694	268.0
57.13347018249554	268.0
57.143470789914154	268.0
57.15347139733276	268.0
57.16347200475136	268.0
57.17347261216997	268.0
57.18347321958858	268.0
57.19347382700718	268.0
57.203474434425786	272.0
57.21347504184439	272.0
57.223475649263	268.0
57.233476256681605	268.0
57.24347686410021	268.0
57.25347747151881	268.0
57.263478078937425	268.0
57.27347868635603	265.0
57.28347929377463	265.0
57.29347990119324	262.0
57.30348050861185	262.0
57.31348111603045	256.0
57.323481723449056	253.0
57.33348233086766	248.0
57.34348293828627	245.0
57.353483545704876	239.0
57.36348415312348	236.0
57.373484760542084	231.0
57.383485367960695	228.0
57.3934859753793	228.0
57.4034865827979	231.0
57.41348719021651	236.0
57.42348779763512	242.0
57.43348840505372	250.0
57.44348901247233	262.0
57.45348961989094	278.0
57.46349022730954	284.0
57.473490834728146	288.0
57.48349144214675	288.0
57.49349204956536	284.0
57.503492656983966	275.0
57.51349326440257	256.0
57.523493871821174	242.0
57.533494479239785	228.0
57.54349508665839	223.0
57.55349569407699	223.0
57.5634963014956	223.0
57.57349690891421	226.0
57.58349751633281	228.0
57.59349812375142	231.0
57.60349873117002	228.0
57.61349933858863	228.0
57.623499946007236	0.0
57.63350055342584	0.0
57.643501160844444	0.0
57.653501768263055	0.0
57.66350237568166	0.0
57.67350298310026	0.0
57.68350359051887	0.0
57.69350419793748	0.0
57.70350480535608	0.0
57.71350541277469	0.0
57.72350602019329	0.0
57.7335066276119	0.0
57.743507235030506	0.0
57.75350784244911	0.0
57.763508449867714	0.0
57.773509057286326	0.0
57.78350966470493	0.0
57.793510272123534	0.0
57.80351087954214	0.0
57.81351148696075	0.0
57.82351209437935	0.0
57.83351270179796	0.0
57.84351330921656	0.0
57.85351391663517	0.0
57.86351452405378	0.0
57.87351513147238	0.0
57.88351573889099	0.0
57.893516346309596	0.0
57.9035169537282	0.0
57.913517561146804	0.0
57.923518168565415	0.0
57.93351877598402	0.0
57.943519383402624	0.0
57.95351999082123	0.0
57.96352059823984	0.0
57.97352120565844	0.0
57.98352181307705	0.0
57.99352242049565	0.0
58.00352302791426	0.0
58.01352363533287	0.0
58.02352424275147	0.0
58.033524850170075	0.0
58.043525457588686	206.0
58.05352606500729	206.0
58.063526672425894	203.0
58.0735272798445	201.0
58.08352788726311	199.0
58.09352849468171	194.0
58.10352910210032	194.0
58.11352970951892	192.0
58.12353031693753	192.0
58.13353092435614	194.0
58.14353153177474	196.0
58.153532139193345	201.0
58.163532746611956	208.0
58.17353335403056	215.0
58.183533961449164	226.0
58.19353456886777	236.0
58.20353517628638	248.0
58.213535783704984	259.0
58.22353639112359	275.0
58.23353699854219	284.0
58.2435376059608	288.0
58.25353821337941	288.0
58.26353882079801	284.0
58.273539428216615	281.0
58.28354003563523	275.0
58.29354064305383	265.0
58.303541250472435	259.0
58.31354185789104	253.0
58.32354246530965	245.0
58.333543072728254	236.0
58.34354368014686	228.0
58.35354428756547	220.0
58.363544894984074	215.0
58.37354550240268	210.0
58.38354610982128	208.0
58.39354671723989	208.0
58.4035473246585	213.0
58.4135479320771	220.0
58.423548539495705	231.0
58.43354914691432	242.0
58.44354975433292	253.0
58.453550361751525	262.0
58.46355096917013	268.0
58.47355157658874	272.0
58.483552184007344	275.0
58.49355279142595	275.0
58.50355339884455	272.0
58.51355400626316	272.0
58.52355461368177	272.0
58.53355522110037	272.0
58.543555828518976	272.0
58.55355643593759	272.0
58.56355704335619	272.0
58.573557650774795	272.0
58.5835582581934	268.0
58.59355886561201	268.0
58.603559473030614	268.0
58.61356008044922	265.0
58.62356068786782	265.0
58.633561295286434	265.0
58.64356190270504	265.0
58.65356251012364	265.0
58.663563117542246	265.0
58.67356372496086	272.0
58.68356433237946	278.0
58.693564939798065	291.0
58.70356554721667	305.0
58.71356615463528	316.0
58.723566762053885	327.0
58.73356736947249	338.0
58.74356797689109	346.0
58.753568584309704	354.0
58.76356919172831	358.0
58.77356979914691	358.0
58.783570406565524	354.0
58.79357101398413	346.0
58.80357162140273	338.0
58.813572228821336	334.0
58.82357283623995	334.0
58.83357344365855	331.0
58.843574051077155	334.0
58.85357465849576	334.0
58.86357526591437	334.0
58.873575873332975	334.0
58.88357648075158	334.0
58.89357708817018	334.0
58.903577695588794	334.0
58.9135783030074	334.0
58.923578910426	334.0
58.933579517844606	334.0
58.94358012526322	334.0
58.95358073268182	334.0
58.963581340100426	338.0
58.97358194751903	342.0
58.98358255493764	350.0
58.993583162356245	358.0
59.00358376977485	367.0
59.01358437719345	375.0
59.023584984612064	375.0
59.03358559203067	375.0
59.04358619944927	367.0
59.05358680686788	358.0
59.06358741428649	346.0
59.07358802170509	334.0
59.083588629123696	316.0
59.0935892365423	288.0
59.10358984396091	259.0
59.113590451379515	250.0
59.12359105879812	248.0
59.133591666216724	248.0
59.143592273635335	253.0
59.15359288105394	259.0
59.16359348847254	275.0
59.17359409589115	294.0
59.18359470330976	312.0
59.19359531072836	323.0
59.203595918146966	334.0
59.21359652556557	342.0
59.22359713298418	346.0
59.233597740402786	346.0
59.24359834782139	346.0
59.25359895524	342.0
59.263599562658605	338.0
59.27360017007721	334.0
59.28360077749581	334.0
59.293601384914425	334.0
59.30360199233303	334.0
59.31360259975163	338.0
59.32360320717024	338.0
59.33360381458885	334.0
59.34360442200745	327.0
59.353605029426056	316.0
59.36360563684466	308.0
59.37360624426327	0.0
59.383606851681876	0.0
59.39360745910048	0.0
59.403608066519084	0.0
59.413608673937695	0.0
59.4236092813563	0.0
59.4336098887749	0.0
59.44361049619351	0.0
59.45361110361212	0.0
59.46361171103072	0.0
59.47361231844933	0.0
59.48361292586793	0.0
59.49361353328654	0.0
59.503614140705146	402.0
59.51361474812375	407.0
59.523615355542354	407.0
59.533615962960965	407.0
59.54361657037957	407.0
59.55361717779817	407.0
59.56361778521678	407.0
59.57361839263539	407.0
59.58361900005399	407.0
59.5936196074726	407.0
59.6036202148912	407.0
59.61362082230981	402.0
59.623621429728416	402.0
59.63362203714702	402.0
59.643622644565625	402.0
59.653623251984236	402.0
59.66362385940284	402.0
59.673624466821444	402.0
59.683625074240055	402.0
59.69362568165866	402.0
59.70362628907726	402.0
59.71362689649587	402.0
59.72362750391448	402.0
59.73362811133308	402.0
59.74362871875169	402.0
59.75362932617029	402.0
59.7636299335889	402.0
59.773630541007506	402.0
59.78363114842611	402.0
59.793631755844714	402.0
59.803632363263326	402.0
59.81363297068193	402.0
59.823633578100534	402.0
59.83363418551914	402.0
59.84363479293775	402.0
59.85363540035635	402.0
59.86363600777496	402.0
59.87363661519356	402.0
59.88363722261217	402.0
59.89363783003078	402.0
59.90363843744938	402.0
59.913639044867985	402.0
59.923639652286596	402.0
59.9336402597052	402.0
59.943640867123804	402.0
59.95364147454241	402.0
59.96364208196102	402.0
59.97364268937962	402.0
59.98364329679823	402.0
59.99364390421683	402.0
60.00364451163544	402.0
60.01364511905405	402.0
60.02364572647265	402.0
60.033646333891255	402.0
60.043646941309866	398.0
60.05364754872847	393.0
60.063648156147075	375.0
60.07364876356568	358.0
60.08364937098429	346.0
60.093649978402894	0.0
60.1036505858215	0.0
60.11365119324011	0.0
60.12365180065871	0.0
60.13365240807732	0.0
60.14365301549592	0.0
60.15365362291453	407.0
60.16365423033314	398.0
60.17365483775174	402.0
60.183655445170345	407.0
60.193656052588956	407.0
60.20365666000756	407.0
60.213657267426164	407.0
60.22365787484477	407.0
60.23365848226338	407.0
60.243659089681984	407.0
60.25365969710059	407.0
60.26366030451919	407.0
60.2736609119378	407.0
60.28366151935641	407.0
60.29366212677501	407.0
60.303662734193615	407.0
60.31366334161223	407.0
60.32366394903083	407.0
60.333664556449435	407.0
60.34366516386804	407.0
60.35366577128665	407.0
60.363666378705254	407.0
60.37366698612386	402.0
60.38366759354246	402.0
60.39366820096107	398.0
60.40366880837968	393.0
60.41366941579828	389.0
60.423670023216886	389.0
60.4336706306355	380.0
60.4436712380541	375.0
60.453671845472705	367.0
60.46367245289131	363.0
60.47367306030992	354.0
60.483673667728524	350.0
60.49367427514713	342.0
60.50367488256573	338.0
60.513675489984344	334.0
60.52367609740295	334.0
60.53367670482155	331.0
60.543677312240156	331.0
60.55367791965877	331.0
60.56367852707737	331.0
60.573679134495976	331.0
60.58367974191459	331.0
60.59368034933319	331.0
60.603680956751795	331.0
60.6136815641704	331.0
60.62368217158901	334.0
60.633682779007614	338.0
60.64368338642622	346.0
60.65368399384482	354.0
60.663684601263434	363.0
60.67368520868204	375.0
60.68368581610064	389.0
60.693686423519246	398.0
60.70368703093786	402.0
60.71368763835646	407.0
60.723688245775065	402.0
60.73368885319367	402.0
60.74368946061228	398.0
60.753690068030885	398.0
60.76369067544949	398.0
60.77369128286809	402.0
60.783691890286704	402.0
60.79369249770531	407.0
60.80369310512391	407.0
60.813693712542516	402.0
60.82369431996113	402.0
60.83369492737973	402.0
60.843695534798336	398.0
60.85369614221694	398.0
60.86369674963555	393.0
60.873697357054155	389.0
60.88369796447276	389.0
60.89369857189136	389.0
60.903699179309974	389.0
60.91369978672858	393.0
60.92370039414718	402.0
60.93370100156579	412.0
60.9437016089844	421.0
60.953702216403	431.0
60.963702823821606	441.0
60.97370343124021	447.0
60.98370403865882	452.0
60.993704646077425	457.0
61.00370525349603	457.0
61.01370586091464	457.0
61.023706468333245	457.0
61.03370707575185	457.0
61.04370768317045	452.0
61.053708290589064	452.0
61.06370889800767	452.0
61.07370950542627	452.0
61.08371011284488	452.0
61.09371072026349	447.0
61.10371132768209	447.0
61.113711935100696	441.0
61.1237125425193	436.0
61.13371314993791	431.0
61.143713757356515	421.0
61.15371436477512	412.0
61.16371497219372	398.0
61.173715579612335	375.0
61.18371618703094	363.0
61.19371679444954	350.0
61.20371740186815	342.0
61.21371800928676	342.0
61.22371861670536	342.0
61.233719224123966	346.0
61.24371983154257	354.0
61.25372043896118	375.0
61.263721046379786	393.0
61.27372165379839	398.0
61.283722261216994	398.0
61.293722868635605	398.0
61.30372347605421	402.0
61.31372408347281	402.0
61.32372469089142	402.0
61.33372529831003	402.0
61.34372590572863	402.0
61.35372651314724	402.0
61.36372712056584	402.0
61.37372772798445	402.0
61.383728335403056	402.0
61.39372894282166	402.0
61.403729550240264	402.0
61.413730157658875	402.0
61.42373076507748	402.0
61.433731372496084	402.0
61.44373197991469	402.0
61.4537325873333	402.0
61.4637331947519	402.0
61.47373380217051	402.0
61.48373440958912	402.0
61.49373501700772	402.0
61.50373562442633	402.0
61.51373623184493	402.0
61.52373683926354	402.0
61.533737446682146	402.0
61.54373805410075	402.0
61.553738661519354	402.0
61.563739268937965	402.0
61.57373987635657	402.0
61.58374048377517	402.0
61.59374109119378	402.0
61.60374169861239	402.0
61.61374230603099	402.0
61.6237429134496	402.0
61.6337435208682	402.0
61.64374412828681	402.0
61.653744735705416	402.0
61.66374534312402	402.0
61.673745950542624	402.0
61.683746557961236	402.0
61.69374716537984	398.0
61.703747772798444	398.0
61.71374838021705	398.0
61.72374898763566	398.0
61.73374959505426	398.0
61.74375020247287	398.0
61.75375080989147	402.0
61.76375141731008	402.0
61.77375202472869	402.0
61.78375263214729	402.0
61.793753239565895	402.0
61.803753846984506	402.0
61.81375445440311	402.0
61.823755061821714	402.0
61.83375566924032	402.0
61.84375627665893	402.0
61.853756884077534	398.0
61.86375749149614	398.0
61.87375809891474	393.0
61.88375870633335	389.0
61.89375931375196	384.0
61.90375992117056	384.0
61.91376052858917	384.0
61.923761136007776	389.0
61.93376174342638	393.0
61.943762350844985	407.0
61.953762958263596	417.0
61.9637635656822	421.0
61.973764173100804	431.0
61.98376478051941	441.0
61.99376538793802	452.0
62.00376599535662	457.0
62.01376660277523	457.0
62.02376721019383	457.0
62.03376781761244	457.0
62.04376842503105	452.0
62.05376903244965	452.0
62.063769639868255	452.0
62.073770247286866	452.0
62.08377085470547	452.0
62.093771462124074	452.0
62.10377206954268	452.0
62.11377267696129	452.0
62.123773284379894	452.0
62.1337738917985	452.0
62.1437744992171	447.0
62.15377510663571	447.0
62.16377571405432	447.0
62.17377632147292	447.0
62.183776928891525	441.0
62.19377753631014	436.0
62.20377814372874	436.0
62.213778751147345	431.0
62.22377935856595	426.0
62.23377996598456	421.0
62.243780573403164	417.0
62.25378118082177	417.0
62.26378178824037	431.0
62.27378239565898	436.0
62.28378300307759	441.0
62.29378361049619	447.0
62.303784217914796	447.0
62.31378482533341	447.0
62.32378543275201	447.0
62.333786040170615	447.0
62.343786647589226	447.0
62.35378725500783	447.0
62.363787862426435	447.0
62.37378846984504	447.0
62.38378907726365	447.0
62.393789684682254	447.0
62.40379029210086	447.0
62.41379089951946	447.0
62.42379150693807	447.0
62.43379211435668	447.0
62.44379272177528	452.0
62.453793329193886	452.0
62.4637939366125	452.0
62.4737945440311	452.0
62.483795151449705	452.0
62.49379575886831	447.0
62.50379636628692	447.0
62.513796973705524	441.0
62.52379758112413	436.0
62.53379818854273	431.0
62.543798795961344	426.0
62.55379940337995	426.0
62.56380001079855	426.0
62.573800618217156	431.0
62.58380122563577	436.0
62.59380183305437	447.0
62.603802440472975	462.0
62.61380304789158	473.0
62.62380365531019	496.0
62.633804262728795	513.0
62.6438048701474	525.0
62.653805477566	537.0
62.663806084984614	537.0
62.67380669240322	544.0
62.68380729982182	537.0
62.693807907240426	537.0
62.70380851465904	525.0
62.71380912207764	519.0
62.723809729496246	519.0
62.73381033691485	507.0
62.74381094433346	496.0
62.753811551752065	484.0
62.76381215917067	479.0
62.77381276658927	473.0
62.783813374007885	468.0
62.79381398142649	457.0
62.80381458884509	452.0
62.813815196263704	447.0
62.82381580368231	447.0
62.83381641110091	447.0
62.843817018519516	447.0
62.85381762593813	452.0
62.86381823335673	457.0
62.873818840775336	462.0
62.88381944819394	473.0
62.89382005561255	484.0
62.903820663031155	501.0
62.91382127044976	519.0
62.92382187786836	525.0
62.933822485286974	531.0
62.94382309270558	531.0
62.95382370012418	531.0
62.96382430754279	531.0
62.9738249149614	531.0
62.98382552238	531.0
62.993826129798606	531.0
63.00382673721721	531.0
63.01382734463582	531.0
63.023827952054425	531.0
63.03382855947303	531.0
63.04382916689163	531.0
63.053829774310245	531.0
63.06383038172885	537.0
63.07383098914745	537.0
63.08383159656606	537.0
63.09383220398467	537.0
63.10383281140327	544.0
63.113833418821876	544.0
63.12383402624048	537.0
63.13383463365909	537.0
63.143835241077696	537.0
63.1538358484963	537.0
63.163836455914904	537.0
63.173837063333515	531.0
63.18383767075212	531.0
63.19383827817072	531.0
63.20383888558933	525.0
63.21383949300794	519.0
63.22384010042654	513.0
63.23384070784515	507.0
63.24384131526376	496.0
63.25384192268236	484.0
63.263842530100966	473.0
63.27384313751957	457.0
63.28384374493818	447.0
63.293844352356786	441.0
63.30384495977539	436.0
63.313845567193994	436.0
63.323846174612605	441.0
63.33384678203121	441.0
63.34384738944981	447.0
63.35384799686842	447.0
63.36384860428703	452.0
63.37384921170563	452.0
63.38384981912424	452.0
63.39385042654284	452.0
63.40385103396145	452.0
63.413851641380056	452.0
63.42385224879866	447.0
63.433852856217264	447.0
63.443853463635875	441.0
63.45385407105448	441.0
63.46385467847308	436.0
63.47385528589169	441.0
63.4838558933103	447.0
63.4938565007289	457.0
63.50385710814751	462.0
63.51385771556611	473.0
63.52385832298472	490.0
63.533858930403326	507.0
63.54385953782193	519.0
63.553860145240535	531.0
63.563860752659146	537.0
63.57386136007775	537.0
63.583861967496354	537.0
63.59386257491496	537.0
63.60386318233357	531.0
63.61386378975217	525.0
63.62386439717078	513.0
63.63386500458938	501.0
63.64386561200799	496.0
63.6538662194266	484.0
63.6638668268452	479.0
63.67386743426381	473.0
63.683868041682416	468.0
63.69386864910102	462.0
63.703869256519624	457.0
63.713869863938235	452.0
63.72387047135684	452.0
63.733871078775444	452.0
63.74387168619405	457.0
63.75387229361266	462.0
63.76387290103126	468.0
63.77387350844987	473.0
63.78387411586847	490.0
63.79387472328708	501.0
63.80387533070569	519.0
63.81387593812429	525.0
63.823876545542895	531.0
63.833877152961506	537.0
63.84387776038011	531.0
63.853878367798714	525.0
63.86387897521732	519.0
63.87387958263593	507.0
63.88388019005453	0.0
63.89388079747314	0.0
63.90388140489174	0.0
63.91388201231035	0.0
63.92388261972896	0.0
63.93388322714756	0.0
63.943883834566165	0.0
63.953884441984776	0.0
63.96388504940338	0.0
63.973885656821984	0.0
63.98388626424059	0.0
63.9938868716592	0.0
64.0038874790778	0.0
64.01388808649641	0.0
64.02388869391501	0.0
64.03388930133362	0.0
64.04388990875222	0.0
64.05389051617084	0.0
64.06389112358944	0.0
64.07389173100805	0.0
64.08389233842665	0.0
64.09389294584525	0.0
64.10389355326386	0.0
64.11389416068246	0.0
64.12389476810108	0.0
64.13389537551969	0.0
64.14389598293829	0.0
64.1538965903569	0.0
64.1638971977755	0.0
64.1738978051941	0.0
64.1838984126127	0.0
64.19389902003131	0.0
64.20389962744993	0.0
64.21390023486853	0.0
64.22390084228714	0.0
64.23390144970574	0.0
64.24390205712434	0.0
64.25390266454295	0.0
64.26390327196155	0.0
64.27390387938016	0.0
64.28390448679878	0.0
64.29390509421738	0.0
64.30390570163598	0.0
64.31390630905459	0.0
64.32390691647319	0.0
64.3339075238918	0.0
64.3439081313104	0.0
64.353908738729	0.0
64.36390934614762	0.0
64.37390995356623	0.0
64.38391056098483	0.0
64.39391116840343	0.0
64.40391177582204	0.0
64.41391238324064	0.0
64.42391299065925	0.0
64.43391359807785	0.0
64.44391420549647	0.0
64.45391481291507	0.0
64.46391542033368	0.0
64.47391602775228	0.0
64.48391663517089	0.0
64.49391724258949	0.0
64.5039178500081	0.0
64.5139184574267	0.0
64.52391906484532	0.0
64.53391967226392	0.0
64.54392027968252	0.0
64.55392088710113	0.0
64.56392149451973	0.0
64.57392210193834	0.0
64.58392270935694	0.0
64.59392331677556	0.0
64.60392392419416	0.0
64.61392453161277	0.0
64.62392513903137	0.0
64.63392574644998	0.0
64.64392635386858	0.0
64.65392696128718	0.0
64.66392756870579	0.0
64.6739281761244	0.0
64.68392878354301	0.0
64.69392939096161	0.0
64.70392999838022	0.0
64.71393060579882	0.0
64.72393121321743	0.0
64.73393182063603	0.0
64.74393242805463	0.0
64.75393303547325	0.0
64.76393364289186	0.0
64.77393425031046	0.0
64.78393485772907	0.0
64.79393546514767	0.0
64.80393607256627	0.0
64.81393667998488	0.0
64.82393728740348	0.0
64.8339378948221	0.0
64.8439385022407	0.0
64.85393910965931	0.0
64.86393971707791	0.0
64.87394032449652	0.0
64.88394093191512	0.0
64.89394153933372	0.0
64.90394214675233	0.0
64.91394275417095	0.0
64.92394336158955	0.0
64.93394396900815	0.0
64.94394457642676	0.0
64.95394518384536	0.0
64.96394579126397	0.0
64.97394639868257	0.0
64.98394700610118	0.0
64.9939476135198	0.0
65.0039482209384	0.0
65.013948828357	0.0
65.0239494357756	0.0
65.03395004319421	0.0
65.04395065061281	0.0
65.05395125803142	0.0
65.06395186545004	0.0
65.07395247286864	0.0
65.08395308028724	0.0
65.09395368770585	0.0
65.10395429512445	0.0
65.11395490254306	0.0
65.12395550996166	0.0
65.13395611738027	0.0
65.14395672479888	0.0
65.15395733221749	0.0
65.16395793963609	0.0
65.1739585470547	0.0
65.1839591544733	0.0
65.1939597618919	0.0
65.20396036931051	0.0
65.21396097672911	0.0
65.22396158414773	0.0
65.23396219156633	0.0
65.24396279898494	0.0
65.25396340640354	0.0
65.26396401382215	0.0
65.27396462124075	0.0
65.28396522865935	447.0
65.29396583607796	447.0
65.30396644349658	452.0
65.31396705091518	452.0
65.32396765833379	452.0
65.33396826575239	452.0
65.343968873171	452.0
65.3539694805896	452.0
65.3639700880082	452.0
65.3739706954268	452.0
65.38397130284542	452.0
65.39397191026403	452.0
65.40397251768263	452.0
65.41397312510124	452.0
65.42397373251984	452.0
65.43397433993844	452.0
65.44397494735705	452.0
65.45397555477567	457.0
65.46397616219427	457.0
65.47397676961288	457.0
65.48397737703148	457.0
65.49397798445008	457.0
65.50397859186869	457.0
65.51397919928729	447.0
65.5239798067059	436.0
65.53398041412451	426.0
65.54398102154312	417.0
65.55398162896172	407.0
65.56398223638033	398.0
65.57398284379893	393.0
65.58398345121753	389.0
65.59398405863614	389.0
65.60398466605474	393.0
65.61398527347336	398.0
65.62398588089196	402.0
65.63398648831057	407.0
65.64398709572917	407.0
65.65398770314778	412.0
65.66398831056638	412.0
65.67398891798499	412.0
65.68398952540359	412.0
65.69399013282221	412.0
65.70399074024081	407.0
65.71399134765942	407.0
65.72399195507802	407.0
65.73399256249662	402.0
65.74399316991523	402.0
65.75399377733383	402.0
65.76399438475244	402.0
65.77399499217105	402.0
65.78399559958966	402.0
65.79399620700826	402.0
65.80399681442687	402.0
65.81399742184547	402.0
65.82399802926408	398.0
65.83399863668268	393.0
65.84399924410128	384.0
65.8539998515199	375.0
65.8640004589385	375.0
65.87400106635711	371.0
65.88400167377571	371.0
65.89400228119432	371.0
65.90400288861292	375.0
65.91400349603153	384.0
65.92400410345014	398.0
65.93400471086875	421.0
65.94400531828735	447.0
65.95400592570596	462.0
65.96400653312456	468.0
65.97400714054316	473.0
65.98400774796177	473.0
65.99400835538037	473.0
66.00400896279899	473.0
66.0140095702176	473.0
66.0240101776362	473.0
66.0340107850548	468.0
66.04401139247341	468.0
66.05401199989201	468.0
66.06401260731062	468.0
66.07401321472922	468.0
66.08401382214784	468.0
66.09401442956644	462.0
66.10401503698505	462.0
66.11401564440365	462.0
66.12401625182225	462.0
66.13401685924086	457.0
66.14401746665946	457.0
66.15401807407807	457.0
66.16401868149669	457.0
66.17401928891529	457.0
66.1840198963339	457.0
66.1940205037525	457.0
66.2040211111711	457.0
66.2140217185897	452.0
66.22402232600831	452.0
66.23402293342691	452.0
66.24402354084553	452.0
66.25402414826414	452.0
66.26402475568274	452.0
66.27402536310134	452.0
66.28402597051995	447.0
66.29402657793855	447.0
66.30402718535716	447.0
66.31402779277576	447.0
66.32402840019438	447.0
66.33402900761298	447.0
66.34402961503159	447.0
66.35403022245019	452.0
66.3640308298688	457.0
66.3740314372874	462.0
66.384032044706	468.0
66.39403265212462	479.0
66.40403325954323	484.0
66.41403386696183	484.0
66.42403447438043	484.0
66.43403508179904	484.0
66.44403568921764	479.0
66.45403629663625	479.0
66.46403690405485	473.0
66.47403751147347	468.0
66.48403811889207	462.0
66.49403872631068	452.0
66.50403933372928	447.0
66.51403994114789	441.0
66.52404054856649	441.0
66.5340411559851	441.0
66.5440417634037	447.0
66.55404237082232	457.0
66.56404297824092	462.0
66.57404358565952	0.0
66.58404419307813	0.0
66.59404480049673	0.0
66.60404540791534	519.0
66.61404601533394	0.0
66.62404662275254	0.0
66.63404723017116	0.0
66.64404783758977	0.0
66.65404844500837	0.0
66.66404905242698	0.0
66.67404965984558	513.0
66.68405026726418	0.0
66.69405087468279	468.0
66.70405148210139	452.0
66.71405208952001	441.0
66.72405269693861	441.0
66.73405330435722	436.0
66.74405391177582	0.0
66.75405451919443	441.0
66.76405512661303	441.0
66.77405573403163	0.0
66.78405634145024	447.0
66.79405694886886	447.0
66.80405755628746	447.0
66.81405816370606	447.0
66.82405877112467	452.0
66.83405937854327	452.0
66.84405998596188	452.0
66.85406059338048	452.0
66.8640612007991	452.0
66.8740618082177	457.0
66.88406241563631	457.0
66.89406302305491	457.0
66.90406363047352	457.0
66.91406423789212	457.0
66.92406484531072	457.0
66.93406545272933	0.0
66.94406606014795	457.0
66.95406666756655	457.0
66.96406727498515	0.0
66.97406788240376	0.0
66.98406848982236	0.0
66.99406909724097	0.0
67.00406970465957	0.0
67.01407031207818	0.0
67.0240709194968	0.0
67.0340715269154	0.0
67.044072134334	0.0
67.0540727417526	0.0
67.06407334917121	0.0
67.07407395658981	0.0
67.08407456400842	0.0
67.09407517142702	0.0
67.10407577884564	0.0
67.11407638626424	0.0
67.12407699368285	0.0
67.13407760110145	0.0
67.14407820852006	0.0
67.15407881593866	0.0
67.16407942335726	0.0
67.17408003077587	0.0
67.18408063819449	0.0
67.19408124561309	0.0
67.2040818530317	0.0
67.2140824604503	0.0
67.2240830678689	0.0
67.23408367528751	0.0
67.24408428270611	0.0
67.25408489012473	0.0
67.26408549754333	0.0
67.27408610496194	0.0
67.28408671238054	0.0
67.29408731979915	0.0
67.30408792721775	0.0
67.31408853463635	0.0
67.32408914205496	0.0
67.33408974947358	0.0
67.34409035689218	0.0
67.35409096431079	0.0
67.36409157172939	0.0
67.374092179148	0.0
67.3840927865666	0.0
67.3940933939852	0.0
67.4040940014038	0.0
67.41409460882242	0.0
67.42409521624103	0.0
67.43409582365963	0.0
67.44409643107824	0.0
67.45409703849684	452.0
67.46409764591544	452.0
67.47409825333405	452.0
67.48409886075265	0.0
67.49409946817127	0.0
67.50410007558988	452.0
67.51410068300848	452.0
67.52410129042708	452.0
67.53410189784569	452.0
67.54410250526429	452.0
67.5541031126829	452.0
67.5641037201015	452.0
67.57410432752012	447.0
67.58410493493872	436.0
67.59410554235733	0.0
67.60410614977593	0.0
67.61410675719453	0.0
67.62410736461314	0.0
67.63410797203174	0.0
67.64410857945035	0.0
67.65410918686896	0.0
67.66410979428757	0.0
67.67411040170617	0.0
67.68411100912478	0.0
67.69411161654338	457.0
67.70411222396199	462.0
67.71411283138059	457.0
67.72411343879921	457.0
67.73411404621781	457.0
67.74411465363642	457.0
67.75411526105502	457.0
67.76411586847362	457.0
67.77411647589223	457.0
67.78411708331083	457.0
67.79411769072944	452.0
67.80411829814805	452.0
67.81411890556666	447.0
67.82411951298526	447.0
67.83412012040387	441.0
67.84412072782247	436.0
67.85412133524108	431.0
67.86412194265968	421.0
67.87412255007828	407.0
67.8841231574969	389.0
67.8941237649155	375.0
67.90412437233411	363.0
67.91412497975271	354.0
67.92412558717132	350.0
67.93412619458992	346.0
67.94412680200853	342.0
67.95412740942713	342.0
67.96412801684575	338.0
67.97412862426435	338.0
67.98412923168296	334.0
67.99412983910156	334.0
68.00413044652016	334.0
68.01413105393877	334.0
68.02413166135737	334.0
68.03413226877598	338.0
68.0441328761946	342.0
68.0541334836132	346.0
68.0641340910318	354.0
68.07413469845041	358.0
68.08413530586901	363.0
68.09413591328762	367.0
68.10413652070622	367.0
68.11413712812482	367.0
68.12413773554344	367.0
68.13413834296205	367.0
68.14413895038065	363.0
68.15413955779925	358.0
68.16414016521786	358.0
68.17414077263646	354.0
68.18414138005507	350.0
68.19414198747369	346.0
68.20414259489229	342.0
68.2141432023109	342.0
68.2241438097295	338.0
68.2341444171481	338.0
68.2441450245667	342.0
68.25414563198531	346.0
68.26414623940391	354.0
68.27414684682253	367.0
68.28414745424114	380.0
68.29414806165974	398.0
68.30414866907834	426.0
68.31414927649695	452.0
68.32414988391555	468.0
68.33415049133416	479.0
68.34415109875276	484.0
68.35415170617138	484.0
68.36415231358998	484.0
68.37415292100859	479.0
68.38415352842719	468.0
68.3941541358458	447.0
68.4041547432644	426.0
68.414155350683	407.0
68.42415595810161	398.0
68.43415656552023	398.0
68.44415717293883	393.0
68.45415778035743	393.0
68.46415838777604	393.0
68.47415899519464	393.0
68.48415960261325	393.0
68.49416021003185	393.0
68.50416081745045	393.0
68.51416142486907	393.0
68.52416203228768	393.0
68.53416263970628	393.0
68.54416324712489	398.0
68.55416385454349	398.0
68.5641644619621	398.0
68.5741650693807	402.0
68.58416567679932	402.0
68.59416628421792	402.0
68.60416689163652	402.0
68.61416749905513	402.0
68.62416810647373	393.0
68.63416871389234	393.0
68.64416932131094	0.0
68.65416992872954	0.0
68.66417053614816	0.0
68.67417114356677	0.0
68.68417175098537	0.0
68.69417235840397	0.0
68.70417296582258	0.0
68.71417357324118	0.0
68.72417418065979	0.0
68.73417478807839	407.0
68.74417539549701	407.0
68.75417600291561	407.0
68.76417661033422	407.0
68.77417721775282	407.0
68.78417782517143	407.0
68.79417843259003	407.0
68.80417904000863	407.0
68.81417964742724	412.0
68.82418025484586	412.0
68.83418086226446	412.0
68.84418146968306	412.0
68.85418207710167	412.0
68.86418268452027	412.0
68.87418329193888	412.0
68.88418389935748	412.0
68.89418450677609	412.0
68.9041851141947	407.0
68.91418572161331	407.0
68.92418632903191	407.0
68.93418693645052	402.0
68.94418754386912	398.0
68.95418815128772	393.0
68.96418875870633	384.0
68.97418936612493	371.0
68.98418997354355	354.0
68.99419058096215	338.0
69.00419118838076	327.0
69.01419179579936	319.0
69.02419240321797	316.0
69.03419301063657	316.0
69.04419361805517	319.0
69.0541942254738	331.0
69.0641948328924	350.0
69.074195440311	367.0
69.0841960477296	380.0
69.09419665514821	393.0
69.10419726256681	407.0
69.11419786998542	417.0
69.12419847740402	417.0
69.13419908482264	417.0
69.14419969224124	417.0
69.15420029965985	417.0
69.16420090707845	412.0
69.17420151449706	407.0
69.18420212191566	398.0
69.19420272933426	384.0
69.20420333675287	375.0
69.21420394417149	367.0
69.22420455159009	358.0
69.2342051590087	350.0
69.2442057664273	346.0
69.2542063738459	342.0
69.26420698126451	338.0
69.27420758868311	338.0
69.28420819610172	334.0
69.29420880352033	334.0
69.30420941093894	331.0
69.31421001835754	331.0
69.32421062577615	331.0
69.33421123319475	331.0
69.34421184061335	334.0
69.35421244803196	334.0
69.36421305545056	338.0
69.37421366286918	342.0
69.38421427028779	350.0
69.39421487770639	354.0
69.404215485125	358.0
69.4142160925436	363.0
69.4242166999622	363.0
69.4342173073808	367.0
69.44421791479941	363.0
69.45421852221803	358.0
69.46421912963663	354.0
69.47421973705524	350.0
69.48422034447384	342.0
69.49422095189244	331.0
69.50422155931105	319.0
69.51422216672965	312.0
69.52422277414827	301.0
69.53422338156687	291.0
69.54422398898548	281.0
69.55422459640408	275.0
69.56422520382269	272.0
69.57422581124129	268.0
69.5842264186599	265.0
69.5942270260785	265.0
69.60422763349712	268.0
69.61422824091572	272.0
69.62422884833433	272.0
69.63422945575293	272.0
69.64423006317153	268.0
69.65423067059014	265.0
69.66423127800874	259.0
69.67423188542735	0.0
69.68423249284596	0.0
69.69423310026457	0.0
69.70423370768317	0.0
69.71423431510178	0.0
69.72423492252038	0.0
69.73423552993899	0.0
69.74423613735759	0.0
69.7542367447762	0.0
69.76423735219481	0.0
69.77423795961342	0.0
69.78423856703202	0.0
69.79423917445062	278.0
69.80423978186923	275.0
69.81424038928783	275.0
69.82424099670644	275.0
69.83424160412504	272.0
69.84424221154366	272.0
69.85424281896226	272.0
69.86424342638087	272.0
69.87424403379947	272.0
69.88424464121807	272.0
69.89424524863668	268.0
69.90424585605528	268.0
69.9142464634739	268.0
69.9242470708925	268.0
69.93424767831111	268.0
69.94424828572971	268.0
69.95424889314832	268.0
69.96424950056692	268.0
69.97425010798553	268.0
69.98425071540413	268.0
69.99425132282275	268.0
70.00425193024135	268.0
70.01425253765996	268.0
70.02425314507856	268.0
70.03425375249716	265.0
70.04425435991577	265.0
70.05425496733437	259.0
70.06425557475298	256.0
70.0742561821716	253.0
70.0842567895902	253.0
70.0942573970088	256.0
70.10425800442741	272.0
70.11425861184601	298.0
70.12425921926462	316.0
70.13425982668322	327.0
70.14426043410182	342.0
70.15426104152044	350.0
70.16426164893905	350.0
70.17426225635765	346.0
70.18426286377625	334.0
70.19426347119486	319.0
70.20426407861346	301.0
70.21426468603207	281.0
70.22426529345067	272.0
70.23426590086929	265.0
70.2442665082879	265.0
70.2542671157065	262.0
70.2642677231251	265.0
70.2742683305437	265.0
70.28426893796231	265.0
70.29426954538091	265.0
70.30427015279952	265.0
70.31427076021814	265.0
70.32427136763674	265.0
70.33427197505534	265.0
70.34427258247395	265.0
70.35427318989255	265.0
70.36427379731116	265.0
70.37427440472976	262.0
70.38427501214838	259.0
70.39427561956698	253.0
70.40427622698559	250.0
70.41427683440419	250.0
70.4242774418228	253.0
70.4342780492414	256.0
70.44427865666	259.0
70.45427926407861	262.0
70.46427987149723	265.0
70.47428047891583	265.0
70.48428108633443	265.0
70.49428169375304	268.0
70.50428230117164	268.0
70.51428290859025	268.0
70.52428351600885	268.0
70.53428412342745	268.0
70.54428473084607	268.0
70.55428533826468	268.0
70.56428594568328	268.0
70.57428655310189	265.0
70.58428716052049	265.0
70.5942877679391	262.0
70.6042883753577	262.0
70.6142889827763	259.0
70.62428959019492	256.0
70.63429019761352	253.0
70.64429080503213	250.0
70.65429141245073	250.0
70.66429201986934	248.0
70.67429262728794	245.0
70.68429323470654	242.0
70.69429384212515	239.0
70.70429444954377	236.0
70.71429505696237	236.0
70.72429566438097	236.0
70.73429627179958	242.0
70.74429687921818	248.0
70.75429748663679	253.0
70.76429809405539	262.0
70.774298701474	281.0
70.78429930889261	294.0
70.79429991631122	298.0
70.80430052372982	294.0
70.81430113114843	284.0
70.82430173856703	272.0
70.83430234598563	262.0
70.84430295340424	248.0
70.85430356082286	236.0
70.86430416824146	228.0
70.87430477566006	226.0
70.88430538307867	223.0
70.89430599049727	223.0
70.90430659791588	223.0
70.91430720533448	226.0
70.92430781275309	226.0
70.9343084201717	226.0
70.94430902759031	228.0
70.95430963500891	228.0
70.96431024242752	228.0
70.97431084984612	231.0
70.98431145726472	231.0
70.99431206468333	231.0
71.00431267210193	231.0
71.01431327952055	231.0
71.02431388693915	228.0
71.03431449435776	228.0
71.04431510177636	228.0
71.05431570919497	226.0
71.06431631661357	226.0
71.07431692403217	223.0
71.08431753145078	218.0
71.0943181388694	210.0
71.104318746288	201.0
71.1143193537066	196.0
71.12431996112521	194.0
71.13432056854381	194.0
71.14432117596242	194.0
71.15432178338102	196.0
71.16432239079963	199.0
71.17432299821824	201.0
71.18432360563685	203.0
71.19432421305545	206.0
71.20432482047406	206.0
71.21432542789266	206.0
71.22432603531126	203.0
71.23432664272987	0.0
71.24432725014849	0.0
71.25432785756709	0.0
71.2643284649857	0.0
71.2743290724043	0.0
71.2843296798229	0.0
71.29433028724151	0.0
71.30433089466011	0.0
71.31433150207872	0.0
71.32433210949733	0.0
71.33433271691594	0.0
71.34433332433454	0.0
71.35433393175315	0.0
71.36433453917175	0.0
71.37433514659035	0.0
71.38433575400896	0.0
71.39433636142756	0.0
71.40433696884618	0.0
71.41433757626478	0.0
71.42433818368339	0.0
71.434338791102	0.0
71.4443393985206	0.0
71.4543400059392	0.0
71.4643406133578	0.0
71.47434122077641	0.0
71.48434182819503	0.0
71.49434243561363	0.0
71.50434304303224	0.0
71.51434365045084	0.0
71.52434425786944	0.0
71.53434486528805	0.0
71.54434547270665	0.0
71.55434608012526	0.0
71.56434668754387	0.0
71.57434729496248	0.0
71.58434790238108	0.0
71.59434850979969	0.0
71.60434911721829	0.0
71.6143497246369	0.0
71.6243503320555	342.0
71.6343509394741	346.0
71.64435154689272	346.0
71.65435215431133	350.0
71.66435276172993	358.0
71.67435336914853	371.0
71.68435397656714	393.0
71.69435458398574	398.0
71.70435519140435	398.0
71.71435579882296	398.0
71.72435640624157	393.0
71.73435701366017	393.0
71.74435762107878	389.0
71.75435822849738	389.0
71.76435883591598	389.0
71.77435944333459	389.0
71.7843600507532	389.0
71.79436065817181	393.0
71.80436126559042	393.0
71.81436187300902	393.0
71.82436248042762	393.0
71.83436308784623	398.0
71.84436369526483	398.0
71.85436430268344	398.0
71.86436491010204	398.0
71.87436551752066	402.0
71.88436612493926	402.0
71.89436673235787	402.0
71.90436733977647	402.0
71.91436794719507	402.0
71.92436855461368	407.0
71.93436916203228	407.0
71.94436976945089	407.0
71.9543703768695	407.0
71.96437098428811	402.0
71.97437159170671	402.0
71.98437219912532	402.0
71.99437280654392	402.0
72.00437341396253	402.0
72.01437402138113	398.0
72.02437462879973	398.0
72.03437523621835	393.0
72.04437584363696	389.0
72.05437645105556	384.0
72.06437705847416	375.0
72.07437766589277	367.0
72.08437827331137	354.0
72.09437888072998	338.0
72.10437948814858	331.0
72.1143800955672	327.0
72.1243807029858	323.0
72.13438131040441	327.0
72.14438191782301	331.0
72.15438252524162	334.0
72.16438313266022	342.0
72.17438374007882	354.0
72.18438434749744	367.0
72.19438495491605	380.0
72.20438556233465	389.0
72.21438616975325	402.0
72.22438677717186	407.0
72.23438738459046	412.0
72.24438799200907	412.0
72.25438859942767	412.0
72.26438920684629	412.0
72.2743898142649	412.0
72.2843904216835	412.0
72.2943910291021	412.0
72.3043916365207	407.0
72.31439224393931	407.0
72.32439285135791	407.0
72.33439345877652	407.0
72.34439406619514	407.0
72.35439467361374	407.0
72.36439528103234	407.0
72.37439588845095	407.0
72.38439649586955	407.0
72.39439710328816	407.0
72.40439771070676	407.0
72.41439831812536	407.0
72.42439892554398	407.0
72.43439953296259	402.0
72.44440014038119	402.0
72.4544007477998	398.0
72.4644013552184	393.0
72.474401962637	389.0
72.48440257005561	384.0
72.49440317747421	375.0
72.50440378489283	367.0
72.51440439231143	363.0
72.52440499973004	354.0
72.53440560714864	346.0
72.54440621456725	342.0
72.55440682198585	338.0
72.56440742940445	334.0
72.57440803682306	334.0
72.58440864424168	334.0
72.59440925166028	334.0
72.60440985907888	331.0
72.61441046649749	331.0
72.6244110739161	331.0
72.6344116813347	331.0
72.6444122887533	331.0
72.65441289617192	331.0
72.66441350359052	334.0
72.67441411100913	334.0
72.68441471842773	338.0
72.69441532584634	342.0
72.70441593326494	346.0
72.71441654068354	354.0
72.72441714810215	358.0
72.73441775552077	363.0
72.74441836293937	367.0
72.75441897035797	367.0
72.76441957777658	363.0
72.77442018519518	363.0
72.78442079261379	358.0
72.79442140003239	354.0
72.804422007451	346.0
72.81442261486961	342.0
72.82442322228822	338.0
72.83442382970682	338.0
72.84442443712543	338.0
72.85442504454403	338.0
72.86442565196263	338.0
72.87442625938124	338.0
72.88442686679984	338.0
72.89442747421846	338.0
72.90442808163706	338.0
72.91442868905567	338.0
72.92442929647427	338.0
72.93442990389288	338.0
72.94443051131148	338.0
72.95443111873008	338.0
72.96443172614869	334.0
72.97443233356731	334.0
72.98443294098591	338.0
72.99443354840452	342.0
73.00443415582312	346.0
73.01443476324172	354.0
73.02443537066033	358.0
73.03443597807893	358.0
73.04443658549755	363.0
73.05443719291615	363.0
73.06443780033476	358.0
73.07443840775336	358.0
73.08443901517197	354.0
73.09443962259057	350.0
73.10444023000917	346.0
73.11444083742778	342.0
73.1244414448464	338.0
73.134442052265	338.0
73.1444426596836	334.0
73.15444326710221	334.0
73.16444387452081	334.0
73.17444448193942	334.0
73.18444508935802	334.0
73.19444569677663	334.0
73.20444630419524	334.0
73.21444691161385	334.0
73.22444751903245	334.0
73.23444812645106	334.0
73.24444873386966	334.0
73.25444934128826	334.0
73.26444994870687	334.0
73.27445055612547	334.0
73.28445116354409	334.0
73.2944517709627	338.0
73.3044523783813	342.0
73.3144529857999	346.0
73.32445359321851	350.0
73.33445420063711	354.0
73.34445480805572	358.0
73.35445541547432	358.0
73.36445602289294	358.0
73.37445663031154	358.0
73.38445723773015	354.0
73.39445784514875	354.0
73.40445845256735	350.0
73.41445905998596	346.0
73.42445966740456	338.0
73.43446027482317	334.0
73.44446088224178	331.0
73.45446148966039	323.0
73.464462097079	316.0
73.4744627044976	308.0
73.4844633119162	301.0
73.4944639193348	294.0
73.50446452675341	288.0
73.51446513417203	281.0
73.52446574159063	275.0
73.53446634900924	272.0
73.54446695642784	268.0
73.55446756384644	268.0
73.56446817126505	265.0
73.57446877868365	265.0
73.58446938610226	265.0
73.59446999352087	268.0
73.60447060093948	268.0
73.61447120835808	268.0
73.62447181577669	268.0
73.63447242319529	268.0
73.6444730306139	268.0
73.6544736380325	265.0
73.6644742454511	259.0
73.67447485286972	256.0
73.68447546028833	256.0
73.69447606770693	256.0
73.70447667512553	256.0
73.71447728254414	256.0
73.72447788996274	259.0
73.73447849738135	265.0
73.74447910479995	272.0
73.75447971221857	281.0
73.76448031963717	294.0
73.77448092705578	312.0
73.78448153447438	331.0
73.79448214189298	342.0
73.80448274931159	350.0
73.8144833567302	354.0
73.8244839641488	358.0
73.83448457156742	358.0
73.84448517898602	354.0
73.85448578640462	350.0
73.86448639382323	350.0
73.87448700124183	346.0
73.88448760866044	342.0
73.89448821607904	342.0
73.90448882349764	342.0
73.91448943091626	338.0
73.92449003833487	338.0
73.93449064575347	338.0
73.94449125317207	338.0
73.95449186059068	338.0
73.96449246800928	338.0
73.97449307542789	338.0
73.9844936828465	342.0
73.99449429026511	342.0
74.00449489768371	350.0
74.01449550510232	354.0
74.02449611252092	358.0
74.03449671993953	363.0
74.04449732735813	363.0
74.05449793477673	363.0
74.06449854219535	363.0
74.07449914961396	358.0
74.08449975703256	354.0
74.09450036445116	342.0
74.10450097186977	331.0
74.11450157928837	312.0
74.12450218670698	288.0
74.13450279412558	265.0
74.1445034015442	259.0
74.1545040089628	259.0
74.16450461638141	262.0
74.17450522380001	268.0
74.18450583121862	281.0
74.19450643863722	294.0
74.20450704605582	305.0
74.21450765347443	316.0
74.22450826089305	323.0
74.23450886831165	327.0
74.24450947573025	331.0
74.25451008314886	334.0
74.26451069056746	338.0
74.27451129798607	338.0
74.28451190540467	338.0
74.29451251282327	338.0
74.3045131202419	338.0
74.3145137276605	338.0
74.3245143350791	338.0
74.3345149424977	338.0
74.34451554991631	338.0
74.35451615733491	338.0
74.36451676475352	342.0
74.37451737217214	342.0
74.38451797959074	342.0
74.39451858700934	346.0
74.40451919442795	342.0
74.41451980184655	342.0
74.42452040926516	338.0
74.43452101668376	334.0
74.44452162410236	327.0
74.45452223152098	316.0
74.46452283893959	305.0
74.47452344635819	288.0
74.4845240537768	275.0
74.4945246611954	259.0
74.504525268614	256.0
74.51452587603261	253.0
74.52452648345121	253.0
74.53452709086983	256.0
74.54452769828843	259.0
74.55452830570704	262.0
74.56452891312564	265.0
74.57452952054425	265.0
74.58453012796285	265.0
74.59453073538145	265.0
74.60453134280006	268.0
74.61453195021868	268.0
74.62453255763728	265.0
74.63453316505588	265.0
74.64453377247449	265.0
74.6545343798931	265.0
74.6645349873117	265.0
74.6745355947303	265.0
74.6845362021489	265.0
74.69453680956752	265.0
74.70453741698613	265.0
74.71453802440473	262.0
74.72453863182334	259.0
74.73453923924194	256.0
74.74453984666054	250.0
74.75454045407915	245.0
74.76454106149775	242.0
74.77454166891637	239.0
74.78454227633497	239.0
74.79454288375358	248.0
74.80454349117218	253.0
74.81454409859079	259.0
74.82454470600939	259.0
74.834545313428	262.0
74.84454592084661	262.0
74.85454652826522	265.0
74.86454713568382	265.0
74.87454774310243	265.0
74.88454835052103	265.0
74.89454895793963	265.0
74.90454956535824	265.0
74.91455017277684	262.0
74.92455078019546	265.0
74.93455138761406	265.0
74.94455199503267	265.0
74.95455260245127	265.0
74.96455320986988	265.0
74.97455381728848	265.0
74.98455442470708	265.0
74.99455503212569	265.0
75.00455563954431	265.0
75.01455624696291	262.0
75.02455685438152	262.0
75.03455746180012	259.0
75.04455806921872	256.0
75.05455867663733	253.0
75.06455928405593	250.0
75.07455989147454	245.0
75.08456049889315	239.0
75.09456110631176	231.0
75.10456171373036	223.0
75.11456232114897	218.0
75.12456292856757	215.0
75.13456353598617	215.0
75.14456414340478	215.0
75.15456475082338	220.0
75.164565358242	226.0
75.1745659656606	231.0
75.18456657307921	239.0
75.19456718049781	245.0
75.20456778791642	253.0
75.21456839533502	259.0
75.22456900275363	262.0
75.23456961017223	265.0
75.24457021759085	265.0
75.25457082500945	265.0
75.26457143242806	262.0
75.27457203984666	256.0
75.28457264726526	253.0
75.29457325468387	248.0
75.30457386210247	245.0
75.31457446952109	242.0
75.3245750769397	239.0
75.3345756843583	236.0
75.3445762917769	236.0
75.35457689919551	236.0
75.36457750661411	234.0
75.37457811403272	234.0
75.38457872145132	234.0
75.39457932886994	236.0
75.40457993628854	236.0
75.41458054370715	242.0
75.42458115112575	248.0
75.43458175854435	256.0
75.44458236596296	265.0
75.45458297338156	281.0
75.46458358080017	291.0
75.47458418821878	294.0
75.48458479563739	291.0
75.49458540305599	284.0
75.5045860104746	278.0
75.5145866178932	272.0
75.5245872253118	0.0
75.53458783273041	0.0
75.54458844014901	0.0
75.55458904756763	0.0
75.56458965498624	0.0
75.57459026240484	0.0
75.58459086982344	0.0
75.59459147724205	0.0
75.60459208466065	0.0
75.61459269207926	0.0
75.62459329949786	0.0
75.63459390691648	0.0
75.64459451433508	0.0
75.65459512175369	0.0
75.66459572917229	0.0
75.6745963365909	0.0
75.6845969440095	0.0
75.6945975514281	0.0
75.70459815884672	0.0
75.71459876626533	0.0
75.72459937368393	0.0
75.73459998110253	0.0
75.74460058852114	0.0
75.75460119593974	0.0
75.76460180335835	0.0
75.77460241077695	0.0
75.78460301819557	0.0
75.79460362561417	0.0
75.80460423303278	0.0
75.81460484045138	0.0
75.82460544786998	0.0
75.83460605528859	0.0
75.84460666270719	0.0
75.8546072701258	0.0
75.86460787754442	0.0
75.87460848496302	0.0
75.88460909238162	0.0
75.89460969980023	0.0
75.90461030721883	0.0
75.91461091463744	0.0
75.92461152205604	0.0
75.93461212947464	0.0
75.94461273689326	0.0
75.95461334431187	0.0
75.96461395173047	0.0
75.97461455914907	0.0
75.98461516656768	0.0
75.99461577398628	0.0
76.00461638140489	0.0
76.01461698882349	0.0
76.02461759624211	0.0
76.03461820366071	0.0
76.04461881107932	0.0
76.05461941849792	0.0
76.06462002591653	0.0
76.07462063333513	0.0
76.08462124075373	0.0
76.09462184817234	0.0
76.10462245559096	0.0
76.11462306300956	0.0
76.12462367042816	0.0
76.13462427784677	0.0
76.14462488526537	0.0
76.15462549268398	0.0
76.16462610010258	0.0
76.1746267075212	0.0
76.1846273149398	0.0
76.1946279223584	0.0
76.20462852977701	0.0
76.21462913719562	0.0
76.22462974461422	0.0
76.23463035203282	0.0
76.24463095945143	0.0
76.25463156687005	0.0
76.26463217428865	0.0
76.27463278170725	0.0
76.28463338912586	0.0
76.29463399654446	0.0
76.30463460396307	0.0
76.31463521138167	0.0
76.32463581880027	0.0
76.33463642621889	0.0
76.3446370336375	0.0
76.3546376410561	0.0
76.3646382484747	0.0
76.37463885589331	0.0
76.38463946331191	0.0
76.39464007073052	0.0
76.40464067814912	0.0
76.41464128556774	0.0
76.42464189298634	0.0
76.43464250040495	0.0
76.44464310782355	0.0
76.45464371524216	0.0
76.46464432266076	0.0
76.47464493007936	0.0
76.48464553749797	0.0
76.49464614491659	0.0
76.50464675233519	0.0
76.5146473597538	0.0
76.5246479671724	0.0
76.534648574591	0.0
76.5446491820096	0.0
76.55464978942821	0.0
76.56465039684682	0.0
76.57465100426543	0.0
76.58465161168404	0.0
76.59465221910264	0.0
76.60465282652125	0.0
76.61465343393985	0.0
76.62465404135845	0.0
76.63465464877706	0.0
76.64465525619568	0.0
76.65465586361428	0.0
76.66465647103288	0.0
76.67465707845149	0.0
76.68465768587009	0.0
76.6946582932887	0.0
76.7046589007073	0.0
76.7146595081259	0.0
76.72466011554452	0.0
76.73466072296313	0.0
76.74466133038173	0.0
76.75466193780034	0.0
76.76466254521894	0.0
76.77466315263754	0.0
76.78466376005615	0.0
76.79466436747475	0.0
76.80466497489337	0.0
76.81466558231197	0.0
76.82466618973058	0.0
76.83466679714918	0.0
76.84466740456779	0.0
76.85466801198639	0.0
76.864668619405	0.0
76.8746692268236	0.0
76.88466983424222	0.0
76.89467044166082	0.0
76.90467104907943	0.0
76.91467165649803	0.0
76.92467226391663	0.0
76.93467287133524	0.0
76.94467347875384	0.0
76.95467408617245	0.0
76.96467469359106	0.0
76.97467530100967	0.0
76.98467590842827	0.0
76.99467651584688	0.0
77.00467712326548	0.0
77.01467773068408	0.0
77.02467833810269	0.0
77.0346789455213	0.0
77.04467955293991	0.0
77.05468016035852	0.0
77.06468076777712	0.0
77.07468137519572	0.0
77.08468198261433	0.0
77.09468259003293	0.0
77.10468319745154	0.0
77.11468380487015	0.0
77.12468441228876	0.0
77.13468501970736	0.0
77.14468562712597	0.0
77.15468623454457	0.0
77.16468684196317	0.0
77.17468744938178	0.0
77.18468805680038	0.0
77.194688664219	0.0
77.2046892716376	0.0
77.21468987905621	0.0
77.22469048647481	0.0
77.23469109389342	0.0
77.24469170131202	0.0
77.25469230873063	0.0
77.26469291614923	0.0
77.27469352356785	0.0
77.28469413098645	0.0
77.29469473840506	0.0
77.30469534582366	0.0
77.31469595324226	0.0
77.32469656066087	0.0
77.33469716807947	0.0
77.34469777549808	0.0
77.3546983829167	0.0
77.3646989903353	0.0
77.3746995977539	0.0
77.3847002051725	0.0
77.39470081259111	0.0
77.40470142000972	0.0
77.41470202742832	0.0
77.42470263484692	0.0
77.43470324226554	0.0
77.44470384968415	0.0
77.45470445710275	0.0
77.46470506452135	0.0
77.47470567193996	0.0
77.48470627935856	0.0
77.49470688677717	0.0
77.50470749419578	0.0
77.51470810161439	0.0
77.52470870903299	0.0
77.5347093164516	0.0
77.5447099238702	210.0
77.5547105312888	208.0
77.56471113870741	208.0
77.57471174612601	208.0
77.58471235354463	206.0
77.59471296096324	206.0
77.60471356838184	206.0
77.61471417580044	208.0
77.62471478321905	208.0
77.63471539063765	208.0
77.64471599805626	208.0
77.65471660547486	210.0
77.66471721289348	213.0
77.67471782031208	215.0
77.68471842773069	0.0
77.69471903514929	0.0
77.7047196425679	228.0
77.7147202499865	228.0
77.7247208574051	231.0
77.7347214648237	228.0
77.74472207224233	228.0
77.75472267966093	228.0
77.76472328707953	228.0
77.77472389449814	228.0
77.78472450191674	226.0
77.79472510933535	226.0
77.80472571675395	226.0
77.81472632417255	226.0
77.82472693159117	226.0
77.83472753900978	226.0
77.84472814642838	226.0
77.85472875384698	226.0
77.86472936126559	226.0
77.87472996868419	226.0
77.8847305761028	226.0
77.8947311835214	226.0
77.90473179094002	226.0
77.91473239835862	226.0
77.92473300577723	226.0
77.93473361319583	226.0
77.94473422061444	226.0
77.95473482803304	226.0
77.96473543545164	226.0
77.97473604287026	226.0
77.98473665028887	226.0
77.99473725770747	226.0
78.00473786512607	226.0
78.01473847254468	226.0
78.02473907996328	226.0
78.03473968738189	226.0
78.04474029480049	226.0
78.05474090221911	228.0
78.06474150963771	228.0
78.07474211705632	228.0
78.08474272447492	228.0
78.09474333189353	228.0
78.10474393931213	228.0
78.11474454673073	228.0
78.12474515414934	228.0
78.13474576156796	226.0
78.14474636898656	223.0
78.15474697640516	218.0
78.16474758382377	213.0
78.17474819124237	210.0
78.18474879866098	208.0
78.19474940607958	208.0
78.20475001349818	208.0
78.2147506209168	213.0
78.2247512283354	220.0
78.23475183575401	228.0
78.24475244317262	236.0
78.25475305059122	248.0
78.26475365800982	256.0
78.27475426542843	265.0
78.28475487284703	268.0
78.29475548026565	272.0
78.30475608768425	272.0
78.31475669510286	272.0
78.32475730252146	268.0
78.33475790994007	268.0
78.34475851735867	268.0
78.35475912477727	265.0
78.36475973219589	265.0
78.3747603396145	262.0
78.3847609470331	259.0
78.3947615544517	253.0
78.40476216187031	250.0
78.41476276928891	248.0
78.42476337670752	242.0
78.43476398412612	236.0
78.44476459154474	231.0
78.45476519896334	226.0
78.46476580638195	218.0
78.47476641380055	213.0
78.48476702121916	210.0
78.49476762863776	210.0
78.50476823605636	213.0
78.51476884347497	220.0
78.52476945089359	228.0
78.53477005831219	239.0
78.5447706657308	248.0
78.5547712731494	259.0
78.564771880568	268.0
78.5747724879866	272.0
78.58477309540521	275.0
78.59477370282382	275.0
78.60477431024243	275.0
78.61477491766104	275.0
78.62477552507964	272.0
78.63477613249825	272.0
78.64477673991685	272.0
78.65477734733545	272.0
78.66477795475406	268.0
78.67477856217266	268.0
78.68477916959128	268.0
78.69477977700988	268.0
78.70478038442849	268.0
78.71478099184709	268.0
78.7247815992657	0.0
78.7347822066843	0.0
78.7447828141029	0.0
78.75478342152151	0.0
78.76478402894013	265.0
78.77478463635873	265.0
78.78478524377734	265.0
78.79478585119594	265.0
78.80478645861454	265.0
78.81478706603315	265.0
78.82478767345175	262.0
78.83478828087037	262.0
78.84478888828897	259.0
78.85478949570758	0.0
78.86479010312618	0.0
78.87479071054479	0.0
78.88479131796339	0.0
78.894791925382	0.0
78.9047925328006	0.0
78.91479314021922	0.0
78.92479374763782	0.0
78.93479435505643	0.0
78.94479496247503	0.0
78.95479556989363	0.0
78.96479617731224	0.0
78.97479678473084	0.0
78.98479739214945	0.0
78.99479799956806	0.0
79.00479860698667	0.0
79.01479921440527	0.0
79.02479982182388	0.0
79.03480042924248	0.0
79.04480103666108	0.0
79.05480164407969	0.0
79.06480225149829	0.0
79.07480285891691	0.0
79.08480346633552	0.0
79.09480407375412	0.0
79.10480468117272	0.0
79.11480528859133	0.0
79.12480589600993	0.0
79.13480650342854	0.0
79.14480711084714	0.0
79.15480771826576	0.0
79.16480832568436	0.0
79.17480893310297	0.0
79.18480954052157	0.0
79.19481014794017	0.0
79.20481075535878	0.0
79.21481136277738	0.0
79.22481197019599	0.0
79.2348125776146	0.0
79.24481318503321	0.0
79.25481379245181	0.0
79.26481439987042	0.0
79.27481500728902	0.0
79.28481561470763	0.0
79.29481622212623	0.0
79.30481682954485	0.0
79.31481743696345	0.0
79.32481804438206	0.0
79.33481865180066	0.0
79.34481925921926	0.0
79.35481986663787	0.0
79.36482047405647	0.0
79.37482108147508	0.0
79.3848216888937	0.0
79.3948222963123	0.0
79.4048229037309	331.0
79.4148235111495	331.0
79.42482411856811	338.0
79.43482472598672	346.0
79.44482533340532	354.0
79.45482594082392	358.0
79.46482654824254	354.0
79.47482715566115	350.0
79.48482776307975	346.0
79.49482837049835	342.0
79.50482897791696	338.0
79.51482958533556	334.0
79.52483019275417	334.0
79.53483080017277	334.0
79.54483140759139	331.0
79.55483201500999	331.0
79.5648326224286	331.0
79.5748332298472	331.0
79.5848338372658	331.0
79.59483444468441	331.0
79.60483505210301	331.0
79.61483565952162	334.0
79.62483626694024	334.0
79.63483687435884	338.0
79.64483748177744	342.0
79.65483808919605	350.0
79.66483869661465	358.0
79.67483930403326	363.0
79.68483991145186	367.0
79.69484051887046	375.0
79.70484112628908	375.0
79.71484173370769	375.0
79.72484234112629	371.0
79.7348429485449	363.0
79.7448435559635	354.0
79.7548441633821	342.0
79.7648447708007	327.0
79.77484537821933	308.0
79.78484598563793	291.0
79.79484659305653	278.0
79.80484720047514	272.0
79.81484780789374	268.0
79.82484841531235	268.0
79.83484902273095	268.0
79.84484963014955	268.0
79.85485023756817	268.0
79.86485084498678	272.0
79.87485145240538	268.0
79.88485205982398	268.0
79.89485266724259	268.0
79.90485327466119	268.0
79.9148538820798	268.0
79.9248544894984	268.0
79.93485509691702	268.0
79.94485570433562	268.0
79.95485631175423	268.0
79.96485691917283	268.0
79.97485752659144	268.0
79.98485813401004	268.0
79.99485874142864	268.0
80.00485934884725	268.0
80.01485995626587	272.0
80.02486056368447	272.0
80.03486117110307	272.0
80.04486177852168	272.0
80.05486238594028	272.0
80.06486299335889	272.0
80.07486360077749	272.0
80.0848642081961	272.0
80.09486481561471	272.0
80.10486542303332	272.0
80.11486603045192	272.0
80.12486663787053	272.0
80.13486724528913	272.0
80.14486785270773	268.0
80.15486846012634	268.0
80.16486906754496	265.0
80.17486967496356	262.0
80.18487028238216	262.0
80.19487088980077	259.0
80.20487149721937	256.0
80.21487210463798	250.0
80.22487271205658	248.0
80.23487331947518	245.0
80.2448739268938	242.0
80.2548745343124	239.0
80.26487514173101	239.0
80.27487574914961	236.0
80.28487635656822	236.0
80.29487696398682	234.0
80.30487757140543	234.0
80.31487817882403	234.0
80.32487878624265	236.0
80.33487939366125	239.0
80.34488000107986	242.0
80.35488060849846	248.0
80.36488121591707	259.0
80.37488182333567	268.0
80.38488243075427	284.0
80.39488303817288	298.0
80.4048836455915	298.0
80.4148842530101	294.0
80.4248848604287	281.0
80.43488546784731	268.0
80.44488607526591	256.0
80.45488668268452	242.0
80.46488729010312	228.0
80.47488789752173	218.0
80.48488850494034	218.0
80.49488911235895	218.0
80.50488971977755	220.0
80.51489032719616	220.0
80.52489093461476	223.0
80.53489154203336	223.0
80.54489214945197	226.0
80.55489275687057	226.0
80.56489336428919	226.0
80.5748939717078	226.0
80.5848945791264	226.0
80.594895186545	226.0
80.6048957939636	226.0
80.61489640138221	226.0
80.62489700880082	226.0
80.63489761621943	228.0
80.64489822363804	226.0
80.65489883105664	226.0
80.66489943847525	223.0
80.67490004589385	220.0
80.68490065331245	215.0
80.69490126073106	0.0
80.70490186814966	0.0
80.71490247556828	0.0
80.72490308298688	0.0
80.73490369040549	0.0
80.74490429782409	0.0
80.7549049052427	0.0
80.7649055126613	0.0
80.7749061200799	0.0
80.78490672749851	0.0
80.79490733491713	0.0
80.80490794233573	0.0
80.81490854975434	220.0
80.82490915717294	220.0
80.83490976459154	220.0
80.84491037201015	220.0
80.85491097942875	223.0
80.86491158684736	223.0
80.87491219426597	226.0
80.88491280168458	226.0
80.89491340910318	226.0
80.90491401652179	226.0
80.91491462394039	223.0
80.924915231359	223.0
80.9349158387776	220.0
80.9449164461962	220.0
80.95491705361482	218.0
80.96491766103343	218.0
80.97491826845203	218.0
80.98491887587063	218.0
80.99491948328924	226.0
81.00492009070784	231.0
81.01492069812645	239.0
81.02492130554505	250.0
81.03492191296367	259.0
81.04492252038227	272.0
81.05492312780088	281.0
81.06492373521948	284.0
81.07492434263808	284.0
81.08492495005669	281.0
81.09492555747529	275.0
81.10492616489391	268.0
81.11492677231251	262.0
81.12492737973112	256.0
81.13492798714972	250.0
81.14492859456833	242.0
81.15492920198693	234.0
81.16492980940554	226.0
81.17493041682414	218.0
81.18493102424276	213.0
81.19493163166136	210.0
81.20493223907997	210.0
81.21493284649857	213.0
81.22493345391717	218.0
81.23493406133578	226.0
81.24493466875438	236.0
81.25493527617299	248.0
81.2649358835916	259.0
81.27493649101021	265.0
81.28493709842881	272.0
81.29493770584742	275.0
81.30493831326602	275.0
81.31493892068463	272.0
81.32493952810323	272.0
81.33494013552183	272.0
81.34494074294045	268.0
81.35494135035906	268.0
81.36494195777766	268.0
81.37494256519626	268.0
81.38494317261487	268.0
81.39494378003347	265.0
81.40494438745208	265.0
81.41494499487068	262.0
81.4249456022893	259.0
81.4349462097079	259.0
81.4449468171265	259.0
81.45494742454511	262.0
81.46494803196371	268.0
81.47494863938232	284.0
81.48494924680092	305.0
81.49494985421954	319.0
81.50495046163815	334.0
81.51495106905675	346.0
81.52495167647535	354.0
81.53495228389396	363.0
81.54495289131256	363.0
81.55495349873117	363.0
81.56495410614977	363.0
81.57495471356839	358.0
81.58495532098699	354.0
81.5949559284056	346.0
81.6049565358242	342.0
81.6149571432428	338.0
81.62495775066141	338.0
81.63495835808001	338.0
81.64495896549862	334.0
81.65495957291724	334.0
81.66496018033584	338.0
81.67496078775444	338.0
81.68496139517305	338.0
81.69496200259165	334.0
81.70496261001026	334.0
81.71496321742886	334.0
81.72496382484746	334.0
81.73496443226608	334.0
81.74496503968469	334.0
81.75496564710329	338.0
81.7649662545219	346.0
81.7749668619405	354.0
81.7849674693591	363.0
81.7949680767777	371.0
81.80496868419631	380.0
81.81496929161493	384.0
81.82496989903353	384.0
81.83497050645214	380.0
81.84497111387074	371.0
81.85497172128935	358.0
81.86497232870795	346.0
81.87497293612655	316.0
81.88497354354516	278.0
81.89497415096378	259.0
81.90497475838238	250.0
81.91497536580098	248.0
81.92497597321959	250.0
81.93497658063819	250.0
81.9449771880568	262.0
81.9549777954754	291.0
81.96497840289402	308.0
81.97497901031262	323.0
81.98497961773123	331.0
81.99498022514983	338.0
82.00498083256844	342.0
82.01498143998704	346.0
82.02498204740564	346.0
82.03498265482425	342.0
82.04498326224287	342.0
82.05498386966147	338.0
82.06498447708007	338.0
82.07498508449868	338.0
82.08498569191728	334.0
82.09498629933589	334.0
82.10498690675449	334.0
82.1149875141731	334.0
82.12498812159171	327.0
82.13498872901032	319.0
82.14498933642892	0.0
82.15498994384753	0.0
82.16499055126613	0.0
82.17499115868473	0.0
82.18499176610334	0.0
82.19499237352194	0.0
82.20499298094056	0.0
82.21499358835916	0.0
82.22499419577777	0.0
82.23499480319637	0.0
82.24499541061498	0.0
82.25499601803358	0.0
82.26499662545218	412.0
82.27499723287079	417.0
82.2849978402894	417.0
82.29499844770801	417.0
82.30499905512661	417.0
82.31499966254522	412.0
82.32500026996382	412.0
82.33500087738243	412.0
82.34500148480103	412.0
82.35500209221964	412.0
82.36500269963825	407.0
82.37500330705686	407.0
82.38500391447546	407.0
82.39500452189407	407.0
82.40500512931267	407.0
82.41500573673127	407.0
82.42500634414988	407.0
82.4350069515685	407.0
82.4450075589871	407.0
82.4550081664057	407.0
82.46500877382431	407.0
82.47500938124291	412.0
82.48500998866152	412.0
82.49501059608012	412.0
82.50501120349873	412.0
82.51501181091734	412.0
82.52501241833595	412.0
82.53501302575455	412.0
82.54501363317316	412.0
82.55501424059176	407.0
82.56501484801036	407.0
82.57501545542897	407.0
82.58501606284757	407.0
82.59501667026619	402.0
82.6050172776848	402.0
82.6150178851034	402.0
82.625018492522	402.0
82.6350190999406	407.0
82.64501970735921	407.0
82.65502031477781	407.0
82.66502092219642	407.0
82.67502152961504	407.0
82.68502213703364	402.0
82.69502274445225	402.0
82.70502335187085	402.0
82.71502395928945	402.0
82.72502456670806	402.0
82.73502517412666	402.0
82.74502578154527	407.0
82.75502638896388	407.0
82.76502699638249	407.0
82.77502760380109	407.0
82.7850282112197	407.0
82.7950288186383	407.0
82.8050294260569	402.0
82.81503003347551	398.0
82.82503064089413	393.0
82.83503124831273	384.0
82.84503185573134	371.0
82.85503246314994	358.0
82.86503307056854	0.0
82.87503367798715	0.0
82.88503428540575	0.0
82.89503489282436	0.0
82.90503550024297	0.0
82.91503610766158	0.0
82.92503671508018	0.0
82.93503732249879	0.0
82.94503792991739	389.0
82.955038537336	398.0
82.9650391447546	398.0
82.9750397521732	402.0
82.98504035959182	407.0
82.99504096701042	407.0
83.00504157442903	407.0
83.01504218184763	412.0
83.02504278926624	412.0
83.03504339668484	412.0
83.04504400410345	412.0
83.05504461152205	412.0
83.06504521894067	412.0
83.07504582635927	412.0
83.08504643377788	407.0
83.09504704119648	407.0
83.10504764861508	402.0
83.11504825603369	402.0
83.12504886345229	398.0
83.1350494708709	393.0
83.14505007828951	384.0
83.15505068570812	380.0
83.16505129312672	371.0
83.17505190054533	363.0
83.18505250796393	354.0
83.19505311538254	346.0
83.20505372280114	342.0
83.21505433021974	334.0
83.22505493763836	331.0
83.23505554505697	331.0
83.24505615247557	331.0
83.25505675989417	331.0
83.26505736731278	331.0
83.27505797473138	331.0
83.28505858214999	331.0
83.2950591895686	334.0
83.30505979698721	334.0
83.31506040440581	334.0
83.32506101182442	334.0
83.33506161924302	334.0
83.34506222666163	338.0
83.35506283408023	342.0
83.36506344149883	350.0
83.37506404891745	358.0
83.38506465633606	367.0
83.39506526375466	375.0
83.40506587117326	389.0
83.41506647859187	402.0
83.42506708601047	407.0
83.43506769342908	412.0
83.44506830084768	412.0
83.4550689082663	407.0
83.4650695156849	402.0
83.4750701231035	402.0
83.48507073052211	398.0
83.49507133794071	398.0
83.50507194535932	402.0
83.51507255277792	402.0
83.52507316019653	402.0
83.53507376761515	402.0
83.54507437503375	402.0
83.55507498245235	402.0
83.56507558987096	402.0
83.57507619728956	398.0
83.58507680470817	398.0
83.59507741212677	393.0
83.60507801954537	393.0
83.61507862696399	393.0
83.6250792343826	393.0
83.6350798418012	393.0
83.6450804492198	393.0
83.65508105663841	402.0
83.66508166405701	407.0
83.67508227147562	417.0
83.68508287889422	426.0
83.69508348631284	431.0
83.70508409373144	441.0
83.71508470115005	452.0
83.72508530856865	452.0
83.73508591598726	457.0
83.74508652340586	457.0
83.75508713082446	457.0
83.76508773824308	457.0
83.77508834566169	457.0
83.78508895308029	452.0
83.7950895604989	452.0
83.8050901679175	452.0
83.8150907753361	452.0
83.8250913827547	452.0
83.83509199017331	447.0
83.84509259759193	447.0
83.85509320501053	441.0
83.86509381242914	436.0
83.87509441984774	431.0
83.88509502726635	417.0
83.89509563468495	407.0
83.90509624210355	393.0
83.91509684952216	375.0
83.92509745694078	358.0
83.93509806435938	342.0
83.94509867177798	331.0
83.95509927919659	323.0
83.96509988661519	323.0
83.9751004940338	323.0
83.9851011014524	334.0
83.995101708871	350.0
84.00510231628962	380.0
84.01510292370823	389.0
84.02510353112683	398.0
84.03510413854544	398.0
84.04510474596404	402.0
84.05510535338264	402.0
84.06510596080125	407.0
84.07510656821985	407.0
84.08510717563847	407.0
84.09510778305707	407.0
84.10510839047568	402.0
84.11510899789428	402.0
84.12510960531289	402.0
84.13511021273149	402.0
84.1451108201501	402.0
84.15511142756871	402.0
84.16511203498732	402.0
84.17511264240592	402.0
84.18511324982452	402.0
84.19511385724313	402.0
84.20511446466173	402.0
84.21511507208034	402.0
84.22511567949894	402.0
84.23511628691756	402.0
84.24511689433616	402.0
84.25511750175477	402.0
84.26511810917337	402.0
84.27511871659198	402.0
84.28511932401058	402.0
84.29511993142918	402.0
84.30512053884779	402.0
84.3151211462664	402.0
84.32512175368501	402.0
84.33512236110361	402.0
84.34512296852222	402.0
84.35512357594082	398.0
84.36512418335943	398.0
84.37512479077803	398.0
84.38512539819664	398.0
84.39512600561525	398.0
84.40512661303386	398.0
84.41512722045246	398.0
84.42512782787107	398.0
84.43512843528967	398.0
84.44512904270827	398.0
84.45512965012688	402.0
84.46513025754548	402.0
84.4751308649641	402.0
84.4851314723827	402.0
84.49513207980131	402.0
84.50513268721991	402.0
84.51513329463852	402.0
84.52513390205712	402.0
84.53513450947572	402.0
84.54513511689433	402.0
84.55513572431295	402.0
84.56513633173155	402.0
84.57513693915016	398.0
84.58513754656876	398.0
84.59513815398736	393.0
84.60513876140597	393.0
84.61513936882457	389.0
84.62513997624319	384.0
84.6351405836618	380.0
84.6451411910804	380.0
84.655141798499	380.0
84.6651424059176	384.0
84.67514301333621	393.0
84.68514362075481	402.0
84.69514422817342	412.0
84.70514483559204	421.0
84.71514544301064	431.0
84.72514605042925	436.0
84.73514665784785	441.0
84.74514726526645	447.0
84.75514787268506	447.0
84.76514848010366	452.0
84.77514908752227	452.0
84.78514969494088	447.0
84.79515030235949	447.0
84.80515090977809	447.0
84.8151515171967	447.0
84.8251521246153	447.0
84.8351527320339	441.0
84.84515333945251	441.0
84.85515394687111	441.0
84.86515455428973	441.0
84.87515516170834	441.0
84.88515576912694	441.0
84.89515637654554	441.0
84.90515698396415	436.0
84.91515759138275	431.0
84.92515819880136	426.0
84.93515880621996	421.0
84.94515941363858	417.0
84.95516002105718	417.0
84.96516062847579	417.0
84.97516123589439	431.0
84.985161843313	441.0
84.9951624507316	447.0
85.0051630581502	462.0
85.0151636655688	468.0
85.02516427298742	431.0
85.03516488040603	436.0
85.04516548782463	447.0
85.05516609524324	441.0
85.06516670266184	441.0
85.07516731008045	441.0
85.08516791749905	447.0
85.09516852491767	447.0
85.10516913233627	447.0
85.11516973975488	447.0
85.12517034717348	447.0
85.13517095459208	447.0
85.14517156201069	447.0
85.15517216942929	447.0
85.1651727768479	447.0
85.17517338426651	452.0
85.18517399168512	452.0
85.19517459910372	452.0
85.20517520652233	447.0
85.21517581394093	447.0
85.22517642135954	436.0
85.23517702877814	431.0
85.24517763619674	426.0
85.25517824361536	426.0
85.26517885103397	426.0
85.27517945845257	426.0
85.28518006587117	431.0
85.29518067328978	447.0
85.30518128070838	462.0
85.31518188812699	473.0
85.32518249554559	490.0
85.33518310296421	513.0
85.34518371038281	525.0
85.35518431780142	537.0
85.36518492522002	544.0
85.37518553263862	544.0
85.38518614005723	544.0
85.39518674747583	544.0
85.40518735489444	537.0
85.41518796231306	531.0
85.42518856973166	519.0
85.43518917715026	501.0
85.44518978456887	490.0
85.45519039198747	473.0
85.46519099940608	462.0
85.47519160682468	452.0
85.48519221424328	441.0
85.4951928216619	431.0
85.5051934290805	426.0
85.51519403649911	426.0
85.52519464391771	426.0
85.53519525133632	431.0
85.54519585875492	431.0
85.55519646617353	436.0
85.56519707359215	447.0
85.57519768101075	457.0
85.58519828842935	468.0
85.59519889584796	484.0
85.60519950326656	501.0
85.61520011068517	513.0
85.62520071810377	525.0
85.63520132552237	531.0
85.64520193294099	531.0
85.6552025403596	531.0
85.6652031477782	531.0
85.6752037551968	531.0
85.68520436261541	531.0
85.69520497003401	525.0
85.70520557745262	525.0
85.71520618487122	525.0
85.72520679228984	525.0
85.73520739970844	525.0
85.74520800712705	519.0
85.75520861454565	525.0
85.76520922196426	525.0
85.77520982938286	525.0
85.78521043680146	525.0
85.79521104422007	525.0
85.80521165163869	525.0
85.81521225905729	531.0
85.8252128664759	531.0
85.8352134738945	531.0
85.8452140813131	531.0
85.8552146887317	531.0
85.86521529615031	531.0
85.87521590356891	525.0
85.88521651098753	525.0
85.89521711840614	519.0
85.90521772582474	513.0
85.91521833324335	507.0
85.92521894066195	501.0
85.93521954808055	490.0
85.94522015549916	479.0
85.95522076291778	468.0
85.96522137033638	462.0
85.97522197775498	457.0
85.98522258517359	452.0
85.99522319259219	447.0
86.0052238000108	447.0
86.0152244074294	447.0
86.025225014848	447.0
86.03522562226662	447.0
86.04522622968523	447.0
86.05522683710383	447.0
86.06522744452244	452.0
86.07522805194104	452.0
86.08522865935964	452.0
86.09522926677825	452.0
86.10522987419685	452.0
86.11523048161547	452.0
86.12523108903407	452.0
86.13523169645268	452.0
86.14523230387128	447.0
86.15523291128989	447.0
86.16523351870849	441.0
86.1752341261271	441.0
86.1852347335457	436.0
86.19523534096432	441.0
86.20523594838292	447.0
86.21523655580152	452.0
86.22523716322013	462.0
86.23523777063873	479.0
86.24523837805734	490.0
86.25523898547594	507.0
86.26523959289455	513.0
86.27524020031316	525.0
86.28524080773177	525.0
86.29524141515037	531.0
86.30524202256898	531.0
86.31524262998758	531.0
86.32524323740618	531.0
86.33524384482479	525.0
86.34524445224339	519.0
86.35524505966201	507.0
86.36524566708061	496.0
86.37524627449922	484.0
86.38524688191782	473.0
86.39524748933643	468.0
86.40524809675503	462.0
86.41524870417364	452.0
86.42524931159225	447.0
86.43524991901086	441.0
86.44525052642946	441.0
86.45525113384807	447.0
86.46525174126667	452.0
86.47525234868527	457.0
86.48525295610388	473.0
86.49525356352248	484.0
86.5052541709411	507.0
86.5152547783597	519.0
86.52525538577831	531.0
86.53525599319691	531.0
86.54525660061552	531.0
86.55525720803412	525.0
86.56525781545272	513.0
86.57525842287133	479.0
86.58525903028995	0.0
86.59525963770855	0.0
86.60526024512716	0.0
86.61526085254576	0.0
86.62526145996436	0.0
86.63526206738297	0.0
86.64526267480157	0.0
86.65526328222018	0.0
86.6652638896388	0.0
86.6752644970574	0.0
86.685265104476	0.0
86.6952657118946	0.0
86.70526631931321	0.0
86.71526692673181	0.0
86.72526753415042	0.0
86.73526814156902	0.0
86.74526874898764	0.0
86.75526935640625	0.0
86.76526996382485	0.0
86.77527057124345	0.0
86.78527117866206	0.0
86.79527178608066	0.0
86.80527239349927	0.0
86.81527300091787	0.0
86.82527360833649	0.0
86.83527421575509	0.0
86.8452748231737	0.0
86.8552754305923	0.0
86.8652760380109	0.0
86.87527664542951	0.0
86.88527725284811	0.0
86.89527786026673	0.0
86.90527846768533	0.0
86.91527907510394	0.0
86.92527968252254	0.0
86.93528028994115	0.0
86.94528089735975	0.0
86.95528150477836	0.0
86.96528211219696	479.0
86.97528271961558	479.0
86.98528332703418	479.0
86.99528393445279	484.0
87.00528454187139	496.0
87.01528514929	0.0
87.0252857567086	531.0
87.0352863641272	544.0
87.0452869715458	537.0
87.05528757896442	537.0
87.06528818638303	544.0
87.07528879380163	544.0
87.08528940122024	550.0
87.09529000863884	550.0
87.10529061605745	550.0
87.11529122347605	550.0
87.12529183089465	550.0
87.13529243831327	550.0
87.14529304573188	544.0
87.15529365315048	544.0
87.16529426056908	544.0
87.17529486798769	544.0
87.18529547540629	544.0
87.1952960828249	544.0
87.2052966902435	544.0
87.21529729766212	544.0
87.22529790508072	544.0
87.23529851249933	544.0
87.24529911991793	544.0
87.25529972733653	544.0
87.26530033475514	544.0
87.27530094217374	544.0
87.28530154959236	544.0
87.29530215701097	544.0
87.30530276442957	544.0
87.31530337184817	544.0
87.32530397926678	544.0
87.33530458668538	544.0
87.34530519410399	544.0
87.35530580152259	537.0
87.36530640894121	537.0
87.37530701635981	537.0
87.38530762377842	531.0
87.39530823119702	525.0
87.40530883861562	519.0
87.41530944603423	513.0
87.42531005345283	507.0
87.43531066087144	496.0
87.44531126829006	484.0
87.45531187570866	473.0
87.46531248312726	468.0
87.47531309054587	457.0
87.48531369796447	447.0
87.49531430538308	436.0
87.50531491280168	431.0
87.51531552022028	431.0
87.5253161276389	436.0
87.5353167350575	447.0
87.54531734247611	457.0
87.55531794989471	479.0
87.56531855731332	496.0
87.57531916473192	513.0
87.58531977215053	525.0
87.59532037956913	531.0
87.60532098698775	537.0
87.61532159440635	544.0
87.62532220182496	544.0
87.63532280924356	537.0
87.64532341666217	531.0
87.65532402408077	525.0
87.66532463149937	513.0
87.67532523891798	501.0
87.6853258463366	0.0
87.6953264537552	0.0
87.7053270611738	484.0
87.71532766859241	479.0
87.72532827601101	479.0
87.73532888342962	473.0
87.74532949084822	473.0
87.75533009826684	473.0
87.76533070568544	479.0
87.77533131310405	479.0
87.78533192052265	490.0
87.79533252794126	501.0
87.80533313535986	513.0
87.81533374277846	525.0
87.82533435019707	537.0
87.83533495761569	550.0
87.84533556503429	563.0
87.8553361724529	569.0
87.8653367798715	576.0
87.8753373872901	569.0
87.8853379947087	556.0
87.89533860212731	537.0
87.90533920954591	507.0
87.91533981696453	468.0
87.92534042438314	457.0
87.93534103180174	441.0
87.94534163922035	436.0
87.95534224663895	431.0
87.96534285405755	436.0
87.97534346147616	441.0
87.98534406889476	441.0
87.99534467631338	447.0
88.00534528373198	452.0
88.01534589115059	452.0
88.02534649856919	452.0
88.0353471059878	457.0
88.0453477134064	457.0
88.055348320825	457.0
88.06534892824361	462.0
88.07534953566223	462.0
88.08535014308083	462.0
88.09535075049943	462.0
88.10535135791804	462.0
88.11535196533664	462.0
88.12535257275525	462.0
88.13535318017385	462.0
88.14535378759246	457.0
88.15535439501107	457.0
88.16535500242968	457.0
88.17535560984828	452.0
88.18535621726689	441.0
88.19535682468549	431.0
88.2053574321041	421.0
88.2153580395227	407.0
88.22535864694132	393.0
88.23535925435992	384.0
88.24535986177852	380.0
88.25536046919713	384.0
88.26536107661573	389.0
88.27536168403434	398.0
88.28536229145294	402.0
88.29536289887155	407.0
88.30536350629016	407.0
88.31536411370877	412.0
88.32536472112737	402.0
88.33536532854598	398.0
88.34536593596458	375.0
88.35536654338318	0.0
88.36536715080179	0.0
88.37536775822039	0.0
88.38536836563901	0.0
88.39536897305761	0.0
88.40536958047622	0.0
88.41537018789482	0.0
88.42537079531343	0.0
88.43537140273203	0.0
88.44537201015063	0.0
88.45537261756924	0.0
88.46537322498786	0.0
88.47537383240646	0.0
88.48537443982507	0.0
88.49537504724367	0.0
88.50537565466227	0.0
88.51537626208088	0.0
88.52537686949948	0.0
88.53537747691809	0.0
88.5453780843367	0.0
88.55537869175531	0.0
88.56537929917391	0.0
88.57537990659252	0.0
88.58538051401112	0.0
88.59538112142972	0.0
88.60538172884833	0.0
88.61538233626695	0.0
88.62538294368555	0.0
88.63538355110416	0.0
88.64538415852276	0.0
88.65538476594136	0.0
88.66538537335997	0.0
88.67538598077857	0.0
88.68538658819718	0.0
88.6953871956158	426.0
88.7053878030344	436.0
88.715388410453	447.0
88.7253890178716	452.0
88.73538962529021	457.0
88.74539023270881	457.0
88.75539084012742	457.0
88.76539144754602	452.0
88.77539205496464	452.0
88.78539266238325	447.0
88.79539326980185	447.0
88.80539387722045	447.0
88.81539448463906	447.0
88.82539509205766	447.0
88.83539569947627	447.0
88.84539630689487	447.0
88.85539691431349	447.0
88.86539752173209	447.0
88.8753981291507	452.0
88.8853987365693	452.0
88.8953993439879	452.0
88.90539995140651	452.0
88.91540055882511	452.0
88.92540116624372	452.0
88.93540177366233	452.0
88.94540238108094	452.0
88.95540298849954	457.0
88.96540359591815	457.0
88.97540420333675	457.0
88.98540481075536	457.0
88.99540541817396	457.0
89.00540602559256	457.0
89.01540663301118	457.0
89.02540724042979	457.0
89.03540784784839	452.0
89.045408455267	452.0
89.0554090626856	0.0
89.0654096701042	0.0
89.0754102775228	0.0
89.08541088494142	0.0
89.09541149236003	0.0
89.10541209977863	0.0
89.11541270719724	468.0
89.12541331461584	473.0
89.13541392203445	479.0
89.14541452945305	479.0
89.15541513687165	479.0
89.16541574429027	484.0
89.17541635170888	484.0
89.18541695912748	479.0
89.19541756654608	479.0
89.20541817396469	473.0
89.21541878138329	468.0
89.2254193888019	462.0
89.2354199962205	457.0
89.24542060363912	452.0
89.25542121105772	452.0
89.26542181847633	447.0
89.27542242589493	447.0
89.28542303331353	447.0
89.29542364073214	452.0
89.30542424815074	457.0
89.31542485556935	462.0
89.32542546298797	468.0
89.33542607040657	479.0
89.34542667782517	490.0
89.35542728524378	501.0
89.36542789266238	507.0
89.37542850008099	513.0
89.38542910749959	519.0
89.3954297149182	519.0
89.40543032233681	519.0
89.41543092975542	519.0
89.42543153717402	513.0
89.43543214459262	507.0
89.44543275201123	490.0
89.45543335942983	473.0
89.46543396684844	468.0
89.47543457426704	462.0
89.48543518168566	457.0
89.49543578910426	452.0
89.50543639652287	447.0
89.51543700394147	447.0
89.52543761136008	447.0
89.53543821877868	447.0
89.54543882619728	447.0
89.5554394336159	447.0
89.5654400410345	447.0
89.57544064845311	447.0
89.58544125587171	447.0
89.59544186329032	447.0
89.60544247070892	0.0
89.61544307812753	0.0
89.62544368554613	0.0
89.63544429296475	452.0
89.64544490038335	452.0
89.65544550780196	452.0
89.66544611522056	457.0
89.67544672263917	457.0
89.68544733005777	452.0
89.69544793747637	452.0
89.70544854489498	447.0
89.7154491523136	441.0
89.7254497597322	431.0
89.7354503671508	421.0
89.74545097456941	407.0
89.75545158198801	393.0
89.76545218940662	389.0
89.77545279682522	384.0
89.78545340424382	384.0
89.79545401166244	389.0
89.80545461908105	389.0
89.81545522649965	393.0
89.82545583391826	398.0
89.83545644133686	402.0
89.84545704875546	402.0
89.85545765617407	402.0
89.86545826359267	402.0
89.87545887101129	0.0
89.8854594784299	0.0
89.8954600858485	0.0
89.9054606932671	0.0
89.9154613006857	0.0
89.92546190810431	407.0
89.93546251552291	407.0
89.94546312294153	407.0
89.95546373036014	407.0
89.96546433777874	407.0
89.97546494519734	407.0
89.98546555261595	402.0
89.99546616003455	402.0
90.00546676745316	0.0
90.01546737487176	0.0
90.02546798229038	0.0
90.03546858970898	0.0
90.04546919712759	0.0
90.05546980454619	0.0
90.0654704119648	0.0
90.0754710193834	0.0
90.085471626802	417.0
90.09547223422061	426.0
90.10547284163923	431.0
90.11547344905783	0.0
90.12547405647643	0.0
90.13547466389504	452.0
90.14547527131364	457.0
90.15547587873225	457.0
90.16547648615085	457.0
90.17547709356946	457.0
90.18547770098807	452.0
90.19547830840668	452.0
90.20547891582528	452.0
90.21547952324389	452.0
90.22548013066249	452.0
90.2354807380811	452.0
90.2454813454997	452.0
90.2554819529183	452.0
90.26548256033692	452.0
90.27548316775552	452.0
90.28548377517413	452.0
90.29548438259273	447.0
90.30548499001134	447.0
90.31548559742994	436.0
90.32548620484854	421.0
90.33548681226715	393.0
90.34548741968577	380.0
90.35548802710437	0.0
90.36548863452298	0.0
90.37548924194158	0.0
90.38548984936018	0.0
90.39549045677879	0.0
90.40549106419739	447.0
90.41549167161601	452.0
90.42549227903461	452.0
90.43549288645322	452.0
90.44549349387182	452.0
90.45549410129043	452.0
90.46549470870903	452.0
90.47549531612763	452.0
90.48549592354624	452.0
90.49549653096486	452.0
90.50549713838346	452.0
90.51549774580207	452.0
90.52549835322067	447.0
90.53549896063927	447.0
90.54549956805788	441.0
90.55550017547648	436.0
90.56550078289509	431.0
90.5755013903137	421.0
90.58550199773231	407.0
90.59550260515091	389.0
90.60550321256952	371.0
90.61550381998812	358.0
90.62550442740672	346.0
90.63550503482533	338.0
90.64550564224393	334.0
90.65550624966255	331.0
90.66550685708116	327.0
90.67550746449976	327.0
90.68550807191836	327.0
90.69550867933697	327.0
90.70550928675557	327.0
90.71550989417418	327.0
90.72551050159278	331.0
90.7355111090114	334.0
90.74551171643	338.0
90.7555123238486	346.0
90.76551293126721	354.0
90.77551353868581	363.0
90.78551414610442	367.0
90.79551475352302	371.0
90.80551536094163	375.0
90.81551596836024	375.0
90.82551657577885	371.0
90.83551718319745	367.0
90.84551779061606	363.0
90.85551839803466	358.0
90.86551900545327	354.0
90.87551961287187	354.0
90.88552022029049	350.0
90.89552082770909	346.0
90.9055214351277	342.0
90.9155220425463	338.0
90.9255226499649	334.0
90.93552325738351	338.0
90.94552386480211	338.0
90.95552447222072	342.0
90.96552507963933	350.0
90.97552568705794	358.0
90.98552629447654	380.0
90.99552690189515	402.0
91.00552750931375	426.0
91.01552811673236	452.0
91.02552872415096	468.0
91.03552933156956	479.0
91.04552993898818	484.0
91.05553054640679	484.0
91.06553115382539	479.0
91.075531761244	468.0
91.0855323686626	452.0
91.0955329760812	431.0
91.1055335834998	417.0
91.11553419091841	402.0
91.12553479833703	398.0
91.13553540575563	393.0
91.14553601317424	393.0
91.15553662059284	393.0
91.16553722801144	398.0
91.17553783543005	398.0
91.18553844284865	398.0
91.19553905026726	398.0
91.20553965768588	393.0
91.21554026510448	393.0
91.22554087252308	393.0
91.23554147994169	393.0
91.24554208736029	398.0
91.2555426947789	398.0
91.2655433021975	398.0
91.27554390961612	398.0
91.28554451703472	398.0
91.29554512445333	398.0
91.30554573187193	398.0
91.31554633929053	393.0
91.32554694670914	375.0
91.33554755412774	358.0
91.34554816154635	342.0
91.35554876896497	0.0
91.36554937638357	0.0
91.37554998380217	0.0
91.38555059122078	0.0
91.39555119863938	0.0
91.40555180605799	0.0
91.41555241347659	407.0
91.4255530208952	402.0
91.43555362831381	402.0
91.44555423573242	402.0
91.45555484315102	402.0
91.46555545056962	402.0
91.47555605798823	402.0
91.48555666540683	402.0
91.49555727282544	402.0
91.50555788024404	402.0
91.51555848766266	402.0
91.52555909508126	402.0
91.53555970249987	402.0
91.54556030991847	402.0
91.55556091733708	402.0
91.56556152475568	402.0
91.57556213217428	402.0
91.58556273959289	402.0
91.5955633470115	402.0
91.60556395443011	398.0
91.61556456184871	393.0
91.62556516926732	389.0
91.63556577668592	375.0
91.64556638410453	367.0
91.65556699152313	354.0
91.66556759894173	342.0
91.67556820636035	331.0
91.68556881377896	323.0
91.69556942119756	319.0
91.70557002861617	323.0
91.71557063603477	323.0
91.72557124345337	334.0
91.73557185087198	342.0
91.7455724582906	358.0
91.7555730657092	375.0
91.7655736731278	389.0
91.77557428054641	402.0
91.78557488796501	412.0
91.79557549538362	417.0
91.80557610280222	421.0
91.81557671022082	421.0
91.82557731763944	421.0
91.83557792505805	417.0
91.84557853247665	412.0
91.85557913989526	407.0
91.86557974731386	393.0
91.87558035473246	384.0
91.88558096215107	371.0
91.89558156956967	363.0
91.90558217698829	354.0
91.9155827844069	350.0
91.9255833918255	342.0
91.9355839992441	342.0
91.9455846066627	338.0
91.95558521408131	338.0
91.96558582149991	338.0
91.97558642891852	338.0
91.98558703633714	338.0
91.99558764375574	338.0
92.00558825117434	338.0
92.01558885859295	338.0
92.02558946601155	338.0
92.03559007343016	338.0
92.04559068084876	342.0
92.05559128826737	342.0
92.06559189568598	350.0
92.07559250310459	358.0
92.08559311052319	367.0
92.0955937179418	371.0
92.1055943253604	375.0
92.115594932779	375.0
92.12559554019761	371.0
92.13559614761621	358.0
92.14559675503483	342.0
92.15559736245343	338.0
92.16559796987204	331.0
92.17559857729064	319.0
92.18559918470925	308.0
92.19559979212785	294.0
92.20560039954646	284.0
92.21560100696507	275.0
92.22560161438368	268.0
92.23560222180228	265.0
92.24560282922089	265.0
92.25560343663949	265.0
92.2656040440581	268.0
92.2756046514767	272.0
92.2856052588953	272.0
92.29560586631392	275.0
92.30560647373252	275.0
92.31560708115113	272.0
92.32560768856973	272.0
92.33560829598834	268.0
92.34560890340694	259.0
92.35560951082554	253.0
92.36561011824415	0.0
92.37561072566277	0.0
92.38561133308137	0.0
92.39561194049998	0.0
92.40561254791858	0.0
92.41561315533718	0.0
92.42561376275579	0.0
92.43561437017439	0.0
92.445614977593	0.0
92.45561558501161	0.0
92.46561619243022	0.0
92.47561679984882	0.0
92.48561740726743	0.0
92.49561801468603	265.0
92.50561862210463	272.0
92.51561922952324	272.0
92.52561983694184	272.0
92.53562044436046	272.0
92.54562105177907	272.0
92.55562165919767	272.0
92.56562226661627	268.0
92.57562287403488	268.0
92.58562348145348	268.0
92.59562408887209	268.0
92.60562469629069	268.0
92.61562530370931	268.0
92.62562591112791	268.0
92.63562651854652	268.0
92.64562712596512	268.0
92.65562773338372	265.0
92.66562834080233	268.0
92.67562894822093	268.0
92.68562955563955	268.0
92.69563016305815	268.0
92.70563077047676	268.0
92.71563137789536	268.0
92.72563198531397	268.0
92.73563259273257	265.0
92.74563320015118	265.0
92.75563380756978	262.0
92.7656344149884	259.0
92.775635022407	253.0
92.7856356298256	250.0
92.79563623724421	250.0
92.80563684466281	256.0
92.81563745208142	268.0
92.82563805950002	291.0
92.83563866691863	308.0
92.84563927433724	323.0
92.85563988175585	334.0
92.86564048917445	346.0
92.87564109659306	350.0
92.88564170401166	346.0
92.89564231143027	334.0
92.90564291884887	323.0
92.91564352626747	305.0
92.92564413368609	288.0
92.9356447411047	272.0
92.9456453485233	265.0
92.9556459559419	262.0
92.96564656336051	262.0
92.97564717077911	259.0
92.98564777819772	259.0
92.99564838561632	262.0
93.00564899303494	262.0
93.01564960045354	262.0
93.02565020787215	265.0
93.03565081529075	265.0
93.04565142270935	265.0
93.05565203012796	265.0
93.06565263754656	265.0
93.07565324496518	265.0
93.08565385238379	262.0
93.09565445980239	256.0
93.105655067221	253.0
93.1156556746396	253.0
93.1256562820582	253.0
93.1356568894768	256.0
93.14565749689541	259.0
93.15565810431403	265.0
93.16565871173263	268.0
93.17565931915124	272.0
93.18565992656984	272.0
93.19566053398844	275.0
93.20566114140705	272.0
93.21566174882565	272.0
93.22566235624426	272.0
93.23566296366288	272.0
93.24566357108148	268.0
93.25566417850008	265.0
93.26566478591869	265.0
93.27566539333729	262.0
93.2856660007559	259.0
93.2956666081745	253.0
93.3056672155931	250.0
93.31566782301172	248.0
93.32566843043033	245.0
93.33566903784893	242.0
93.34566964526753	239.0
93.35567025268614	236.0
93.36567086010474	236.0
93.37567146752335	236.0
93.38567207494195	236.0
93.39567268236057	242.0
93.40567328977917	248.0
93.41567389719778	256.0
93.42567450461638	265.0
93.43567511203499	272.0
93.44567571945359	294.0
93.4556763268722	291.0
93.4656769342908	291.0
93.47567754170942	281.0
93.48567814912802	268.0
93.49567875654662	256.0
93.50567936396523	245.0
93.51567997138383	236.0
93.52568057880244	231.0
93.53568118622104	226.0
93.54568179363966	226.0
93.55568240105826	226.0
93.56568300847687	223.0
93.57568361589547	226.0
93.58568422331408	226.0
93.59568483073268	223.0
93.60568543815128	223.0
93.61568604556989	223.0
93.6256866529885	226.0
93.63568726040711	226.0
93.64568786782571	226.0
93.65568847524432	226.0
93.66568908266292	228.0
93.67568969008153	228.0
93.68569029750013	228.0
93.69569090491873	226.0
93.70569151233735	226.0
93.71569211975596	223.0
93.72569272717456	220.0
93.73569333459317	215.0
93.74569394201177	210.0
93.75569454943037	206.0
93.76569515684898	201.0
93.77569576426758	196.0
93.7856963716862	194.0
93.7956969791048	194.0
93.80569758652341	196.0
93.81569819394201	199.0
93.82569880136062	201.0
93.83569940877922	203.0
93.84570001619782	206.0
93.85570062361643	206.0
93.86570123103505	203.0
93.87570183845365	201.0
93.88570244587225	0.0
93.89570305329086	0.0
93.90570366070946	0.0
93.91570426812807	0.0
93.92570487554667	0.0
93.93570548296528	0.0
93.9457060903839	0.0
93.9557066978025	0.0
93.9657073052211	0.0
93.9757079126397	0.0
93.98570852005831	0.0
93.99570912747691	0.0
94.00570973489552	0.0
94.01571034231414	0.0
94.02571094973274	0.0
94.03571155715134	0.0
94.04571216456995	0.0
94.05571277198855	0.0
94.06571337940716	0.0
94.07571398682576	0.0
94.08571459424437	0.0
94.09571520166298	0.0
94.10571580908159	0.0
94.11571641650019	0.0
94.1257170239188	0.0
94.1357176313374	0.0
94.145718238756	0.0
94.15571884617461	0.0
94.16571945359321	0.0
94.17572006101183	0.0
94.18572066843043	0.0
94.19572127584904	0.0
94.20572188326764	0.0
94.21572249068625	0.0
94.22572309810485	0.0
94.23572370552345	0.0
94.24572431294206	220.0
94.25572492036068	220.0
94.26572552777928	220.0
94.27572613519789	223.0
94.28572674261649	226.0
94.2957273500351	226.0
94.3057279574537	228.0
94.3157285648723	228.0
94.3257291722909	228.0
94.33572977970952	228.0
94.34573038712813	228.0
94.35573099454673	228.0
94.36573160196534	228.0
94.37573220938394	228.0
94.38573281680254	228.0
94.39573342422115	231.0
94.40573403163977	231.0
94.41573463905837	231.0
94.42573524647698	234.0
94.43573585389558	234.0
94.44573646131418	234.0
94.45573706873279	234.0
94.46573767615139	231.0
94.47573828357	226.0
94.48573889098861	220.0
94.49573949840722	208.0
94.50574010582582	206.0
94.51574071324443	206.0
94.52574132066303	210.0
94.53574192808163	218.0
94.54574253550024	223.0
94.55574314291884	226.0
94.56574375033746	226.0
94.57574435775607	226.0
94.58574496517467	226.0
94.59574557259327	228.0
94.60574618001188	228.0
94.61574678743048	228.0
94.62574739484909	228.0
94.63574800226769	228.0
94.64574860968631	228.0
94.65574921710491	228.0
94.66574982452352	226.0
94.67575043194212	226.0
94.68575103936072	226.0
94.69575164677933	223.0
94.70575225419793	223.0
94.71575286161654	220.0
94.72575346903515	218.0
94.73575407645376	213.0
94.74575468387236	210.0
94.75575529129097	208.0
94.76575589870957	208.0
94.77575650612818	215.0
94.78575711354678	223.0
94.79575772096538	236.0
94.805758328384	248.0
94.8157589358026	262.0
94.82575954322121	275.0
94.83576015063981	281.0
94.84576075805842	284.0
94.85576136547702	291.0
94.86576197289563	294.0
94.87576258031424	294.0
94.88576318773285	291.0
94.89576379515145	288.0
94.90576440257006	278.0
94.91576500998866	265.0
94.92576561740727	256.0
94.93576622482587	245.0
94.94576683224447	236.0
94.95576743966309	226.0
94.9657680470817	220.0
94.9757686545003	215.0
94.9857692619189	210.0
94.99576986933751	210.0
95.00577047675611	210.0
95.01577108417472	210.0
95.02577169159332	213.0
95.03577229901194	220.0
95.04577290643054	228.0
95.05577351384915	239.0
95.06577412126775	248.0
95.07577472868635	256.0
95.08577533610496	265.0
95.09577594352356	272.0
95.10577655094217	275.0
95.11577715836079	278.0
95.12577776577939	278.0
95.135778373198	278.0
95.1457789806166	278.0
95.1557795880352	275.0
95.1657801954538	275.0
95.17578080287241	275.0
95.18578141029101	275.0
95.19578201770963	275.0
95.20578262512824	278.0
95.21578323254684	281.0
95.22578383996544	272.0
95.23578444738405	239.0
95.24578505480265	245.0
95.25578566222126	253.0
95.26578626963986	262.0
95.27578687705848	265.0
95.28578748447708	268.0
95.29578809189569	272.0
95.30578869931429	272.0
95.3157893067329	275.0
95.3257899141515	275.0
95.3357905215701	275.0
95.34579112898872	275.0
95.35579173640733	278.0
95.36579234382593	278.0
95.37579295124453	278.0
95.38579355866314	278.0
95.39579416608174	278.0
95.40579477350035	278.0
95.41579538091895	278.0
95.42579598833757	278.0
95.43579659575617	278.0
95.44579720317478	278.0
95.45579781059338	275.0
95.46579841801199	275.0
95.47579902543059	275.0
95.4857996328492	275.0
95.4958002402678	275.0
95.50580084768642	272.0
95.51580145510502	272.0
95.52580206252362	272.0
95.53580266994223	272.0
95.54580327736083	272.0
95.55580388477944	272.0
95.56580449219804	272.0
95.57580509961664	272.0
95.58580570703526	272.0
95.59580631445387	272.0
95.60580692187247	268.0
95.61580752929108	265.0
95.62580813670968	265.0
95.63580874412828	262.0
95.64580935154689	259.0
95.65580995896549	253.0
95.66581056638411	248.0
95.67581117380271	245.0
95.68581178122132	239.0
95.69581238863992	236.0
95.70581299605853	234.0
95.71581360347713	234.0
95.72581421089573	231.0
95.73581481831435	231.0
95.74581542573296	228.0
95.75581603315156	228.0
95.76581664057016	228.0
95.77581724798877	228.0
95.78581785540737	228.0
95.79581846282598	228.0
95.80581907024458	228.0
95.8158196776632	228.0
95.8258202850818	228.0
95.83582089250041	226.0
95.84582149991901	226.0
95.85582210733762	223.0
95.86582271475622	220.0
95.87582332217482	215.0
95.88582392959343	208.0
95.89582453701205	206.0
95.90582514443065	206.0
95.91582575184925	208.0
95.92582635926786	213.0
95.93582696668646	220.0
95.94582757410507	236.0
95.95582818152367	242.0
95.96582878894228	245.0
95.9758293963609	248.0
95.9858300037795	248.0
95.9958306111981	248.0
96.0058312186167	245.0
96.01583182603531	245.0
96.02583243345391	242.0
96.03583304087252	236.0
96.04583364829112	234.0
96.05583425570974	231.0
96.06583486312834	228.0
96.07583547054695	228.0
96.08583607796555	226.0
96.09583668538416	226.0
96.10583729280276	226.0
96.11583790022136	226.0
96.12583850763997	226.0
96.13583911505859	226.0
96.14583972247719	226.0
96.1558403298958	226.0
96.1658409373144	223.0
96.175841544733	223.0
96.18584215215161	223.0
96.19584275957021	223.0
96.20584336698883	223.0
96.21584397440743	220.0
96.22584458182604	206.0
96.23584518924464	0.0
96.24584579666325	0.0
96.25584640408185	0.0
96.26584701150045	0.0
96.27584761891906	0.0
96.28584822633768	0.0
96.29584883375628	245.0
96.30584944117489	250.0
96.31585004859349	250.0
96.3258506560121	250.0
96.3358512634307	250.0
96.3458518708493	248.0
96.3558524782679	248.0
96.36585308568652	248.0
96.37585369310513	245.0
96.38585430052373	245.0
96.39585490794234	242.0
96.40585551536094	239.0
96.41585612277954	239.0
96.42585673019815	236.0
96.43585733761675	234.0
96.44585794503537	228.0
96.45585855245398	223.0
96.46585915987258	218.0
96.47585976729118	213.0
96.48586037470979	210.0
96.49586098212839	208.0
96.505861589547	206.0
96.5158621969656	203.0
96.52586280438422	203.0
96.53586341180282	203.0
96.54586401922143	203.0
96.55586462664003	203.0
96.56586523405863	203.0
96.57586584147724	203.0
96.58586644889584	203.0
96.59586705631445	201.0
96.60586766373306	201.0
96.61586827115167	196.0
96.62586887857027	187.0
96.63586948598888	185.0
96.64587009340748	183.0
96.65587070082609	185.0
96.66587130824469	190.0
96.67587191566331	194.0
96.68587252308191	203.0
96.69587313050052	208.0
96.70587373791912	215.0
96.71587434533772	223.0
96.72587495275633	228.0
96.73587556017493	231.0
96.74587616759354	234.0
96.75587677501215	234.0
96.76587738243076	231.0
96.77587798984936	231.0
96.78587859726797	231.0
96.79587920468657	228.0
96.80587981210518	228.0
96.81588041952378	228.0
96.82588102694238	228.0
96.835881634361	226.0
96.8458822417796	226.0
96.85588284919821	226.0
96.86588345661681	223.0
96.87588406403542	223.0
96.88588467145402	223.0
96.89588527887263	220.0
96.90588588629123	218.0
96.91588649370985	213.0
96.92588710112845	208.0
96.93588770854706	206.0
96.94588831596566	206.0
96.95588892338426	206.0
96.96588953080287	210.0
96.97589013822147	223.0
96.98589074564008	239.0
96.9958913530587	245.0
97.0058919604773	248.0
97.0158925678959	248.0
97.02589317531451	248.0
97.03589378273311	245.0
97.04589439015172	242.0
97.05589499757032	242.0
97.06589560498894	239.0
97.07589621240754	236.0
97.08589681982615	234.0
97.09589742724475	231.0
97.10589803466335	231.0
97.11589864208196	228.0
97.12589924950056	228.0
97.13589985691917	228.0
97.14590046433779	228.0
97.15590107175639	226.0
97.165901679175	226.0
97.1759022865936	226.0
97.1859028940122	226.0
97.1959035014308	223.0
97.20590410884941	220.0
97.21590471626801	210.0
97.22590532368663	0.0
97.23590593110524	0.0
97.24590653852384	0.0
97.25590714594244	0.0
97.26590775336105	0.0
97.27590836077965	0.0
97.28590896819826	0.0
97.29590957561686	0.0
97.30591018303548	0.0
97.31591079045408	256.0
97.32591139787269	256.0
97.33591200529129	253.0
97.3459126127099	253.0
97.3559132201285	250.0
97.3659138275471	248.0
97.37591443496571	248.0
97.38591504238433	245.0
97.39591564980293	242.0
97.40591625722153	239.0
97.41591686464014	236.0
97.42591747205874	234.0
97.43591807947735	234.0
97.44591868689595	231.0
97.45591929431455	231.0
97.46591990173317	228.0
97.47592050915178	228.0
97.48592111657038	228.0
97.49592172398899	228.0
97.50592233140759	228.0
97.5159229388262	228.0
97.5259235462448	228.0
97.53592415366342	228.0
97.54592476108202	228.0
97.55592536850062	231.0
97.56592597591923	231.0
97.57592658333783	234.0
97.58592719075644	236.0
97.59592779817504	239.0
97.60592840559364	242.0
97.61592901301226	245.0
97.62592962043087	245.0
97.63593022784947	245.0
97.64593083526808	242.0
97.65593144268668	242.0
97.66593205010528	239.0
97.67593265752389	236.0
97.68593326494249	234.0
97.69593387236111	231.0
97.70593447977971	228.0
97.71593508719832	226.0
97.72593569461692	220.0
97.73593630203553	218.0
97.74593690945413	213.0
97.75593751687273	210.0
97.76593812429134	208.0
97.77593873170996	206.0
97.78593933912856	203.0
97.79593994654716	203.0
97.80594055396577	201.0
97.81594116138437	201.0
97.82594176880298	201.0
97.83594237622158	201.0
97.84594298364019	201.0
97.8559435910588	201.0
97.86594419847741	201.0
97.87594480589601	201.0
97.88594541331462	201.0
97.89594602073322	203.0
97.90594662815182	203.0
97.91594723557043	203.0
97.92594784298903	201.0
97.93594845040765	201.0
97.94594905782625	199.0
97.95594966524486	196.0
97.96595027266346	194.0
97.97595088008207	190.0
97.98595148750067	185.0
97.99595209491928	183.0
98.0059527023379	183.0
98.0159533097565	187.0
98.0259539171751	190.0
98.0359545245937	196.0
98.04595513201231	203.0
98.05595573943091	210.0
98.06595634684952	220.0
98.07595695426812	226.0
98.08595756168674	231.0
98.09595816910534	231.0
98.10595877652395	234.0
98.11595938394255	234.0
98.12595999136116	231.0
98.13596059877976	231.0
98.14596120619836	228.0
98.15596181361697	228.0
98.16596242103559	226.0
98.17596302845419	226.0
98.1859636358728	223.0
98.1959642432914	223.0
98.20596485071	226.0
98.21596545812861	226.0
98.22596606554721	226.0
98.23596667296582	228.0
98.24596728038443	231.0
98.25596788780304	231.0
98.26596849522164	231.0
98.27596910264025	228.0
98.28596971005885	223.0
98.29597031747745	0.0
98.30597092489606	0.0
98.31597153231466	0.0
98.32597213973328	0.0
98.33597274715189	0.0
98.34597335457049	0.0
98.3559739619891	0.0
98.3659745694077	0.0
98.3759751768263	0.0
98.3859757842449	0.0
98.39597639166351	213.0
98.40597699908213	210.0
98.41597760650073	208.0
98.42597821391934	206.0
98.43597882133794	206.0
98.44597942875654	206.0
98.45598003617515	206.0
98.46598064359375	206.0
98.47598125101237	206.0
98.48598185843097	206.0
98.49598246584958	203.0
98.50598307326818	203.0
98.51598368068679	203.0
98.52598428810539	201.0
98.535984895524	201.0
98.5459855029426	201.0
98.55598611036122	201.0
98.56598671777982	199.0
98.57598732519843	199.0
98.58598793261703	199.0
98.59598854003563	199.0
98.60598914745424	199.0
98.61598975487284	199.0
98.62599036229145	199.0
98.63599096971006	199.0
98.64599157712867	196.0
98.65599218454727	194.0
98.66599279196588	190.0
98.67599339938448	185.0
98.68599400680309	185.0
98.69599461422169	185.0
98.7059952216403	187.0
98.71599582905891	192.0
98.72599643647752	196.0
98.73599704389612	199.0
98.74599765131472	201.0
98.75599825873333	201.0
98.76599886615193	201.0
98.77599947357054	201.0
98.78600008098914	203.0
98.79600068840776	203.0
98.80600129582636	203.0
98.81600190324497	203.0
98.82600251066357	201.0
98.83600311808217	199.0
98.84600372550078	196.0
98.85600433291938	192.0
98.866004940338	190.0
98.8760055477566	187.0
98.88600615517521	185.0
98.89600676259381	181.0
98.90600737001242	179.0
98.91600797743102	179.0
98.92600858484963	179.0
98.93600919226823	177.0
98.94600979968685	177.0
98.95601040710545	177.0
98.96601101452406	175.0
98.97601162194266	175.0
98.98601222936126	173.0
98.99601283677987	171.0
99.00601344419847	167.0
99.01601405161708	165.0
99.0260146590357	163.0
99.0360152664543	163.0
99.0460158738729	163.0
99.05601648129151	163.0
99.06601708871011	165.0
99.07601769612872	167.0
99.08601830354732	171.0
99.09601891096592	177.0
99.10601951838454	181.0
99.11602012580315	183.0
99.12602073322175	185.0
99.13602134064035	185.0
99.14602194805896	185.0
99.15602255547756	183.0
99.16602316289617	181.0
99.17602377031477	179.0
99.18602437773339	177.0
99.196024985152	171.0
99.2060255925706	0.0
99.2160261999892	0.0
99.2260268074078	0.0
99.23602741482641	0.0
99.24602802224501	0.0
99.25602862966362	0.0
99.26602923708224	0.0
99.27602984450084	0.0
99.28603045191944	0.0
99.29603105933805	0.0
99.30603166675665	0.0
99.31603227417526	0.0
99.32603288159386	0.0
99.33603348901248	0.0
99.34603409643108	0.0
99.35603470384969	0.0
99.36603531126829	0.0
99.3760359186869	0.0
99.3860365261055	0.0
99.3960371335241	0.0
99.40603774094271	0.0
99.41603834836133	0.0
99.42603895577993	0.0
99.43603956319853	0.0
99.44604017061714	173.0
99.45604077803574	167.0
99.46604138545435	165.0
99.47604199287295	163.0
99.48604260029155	161.0
99.49604320771017	163.0
99.50604381512878	167.0
99.51604442254738	171.0
99.52604502996599	177.0
99.53604563738459	183.0
99.5460462448032	187.0
99.5560468522218	190.0
99.5660474596404	190.0
99.57604806705902	187.0
99.58604867447762	185.0
99.59604928189623	179.0
99.60604988931483	173.0
99.61605049673344	165.0
99.62605110415204	0.0
99.63605171157064	0.0
99.64605231898925	0.0
99.65605292640787	0.0
99.66605353382647	0.0
99.67605414124507	0.0
99.68605474866368	0.0
99.69605535608228	0.0
99.70605596350089	0.0
99.71605657091949	0.0
99.7260571783381	0.0
99.73605778575671	0.0
99.74605839317532	208.0
99.75605900059392	208.0
99.76605960801253	206.0
99.77606021543113	206.0
99.78606082284973	206.0
99.79606143026834	203.0
99.80606203768696	203.0
99.81606264510556	203.0
99.82606325252416	203.0
99.83606385994277	206.0
99.84606446736137	203.0
99.85606507477998	203.0
99.86606568219858	206.0
99.87606628961719	206.0
99.8860668970358	206.0
99.89606750445441	206.0
99.90606811187301	206.0
99.91606871929162	206.0
99.92606932671022	206.0
99.93606993412882	203.0
99.94607054154743	203.0
99.95607114896603	203.0
99.96607175638465	203.0
99.97607236380325	203.0
99.98607297122186	201.0
99.99607357864046	199.0
100.00607418605907	194.0
100.01607479347767	190.0
100.02607540089627	183.0
100.03607600831488	181.0
100.0460766157335	179.0
100.0560772231521	183.0
100.0660778305707	190.0
100.07607843798931	196.0
100.08607904540791	203.0
100.09607965282652	203.0
100.10608026024512	206.0
100.11608086766373	206.0
100.12608147508234	206.0
100.13608208250095	206.0
100.14608268991955	206.0
100.15608329733816	206.0
100.16608390475676	206.0
100.17608451217536	206.0
100.18608511959397	203.0
100.19608572701259	201.0
100.20608633443119	199.0
100.2160869418498	196.0
100.2260875492684	194.0
100.236088156687	190.0
100.24608876410561	187.0
100.25608937152421	183.0
100.26608997894282	181.0
100.27609058636143	179.0
100.28609119378004	0.0
100.29609180119864	0.0
100.30609240861725	0.0
100.31609301603585	0.0
100.32609362345445	0.0
100.33609423087306	0.0
100.34609483829166	0.0
100.35609544571028	0.0
100.36609605312889	0.0
100.37609666054749	0.0
100.3860972679661	0.0
100.3960978753847	0.0
100.4060984828033	0.0
100.4160990902219	208.0
100.42609969764051	206.0
100.43610030505913	206.0
100.44610091247773	203.0
100.45610151989634	203.0
100.46610212731494	203.0
100.47610273473354	203.0
100.48610334215215	203.0
100.49610394957075	203.0
100.50610455698936	203.0
100.51610516440797	203.0
100.52610577182658	203.0
100.53610637924518	206.0
100.54610698666379	206.0
100.55610759408239	206.0
100.566108201501	206.0
100.5761088089196	206.0
100.5861094163382	206.0
100.59611002375682	206.0
100.60611063117543	206.0
100.61611123859403	206.0
100.62611184601263	203.0
100.63611245343124	203.0
100.64611306084984	199.0
100.65611366826845	194.0
100.66611427568706	185.0
100.67611488310567	181.0
100.68611549052427	177.0
100.69611609794288	173.0
100.70611670536148	0.0
100.71611731278009	0.0
100.72611792019869	0.0
100.7361185276173	0.0
100.74611913503591	0.0
100.75611974245452	0.0
100.76612034987312	220.0
100.77612095729172	226.0
100.78612156471033	228.0
100.79612217212893	228.0
100.80612277954754	228.0
100.81612338696614	228.0
100.82612399438476	226.0
100.83612460180336	226.0
100.84612520922197	226.0
100.85612581664057	223.0
100.86612642405917	223.0
100.87612703147778	223.0
100.88612763889638	223.0
100.89612824631499	226.0
100.9061288537336	226.0
100.91612946115221	226.0
100.92613006857081	226.0
100.93613067598942	226.0
100.94613128340802	0.0
100.95613189082663	0.0
100.96613249824523	0.0
100.97613310566383	0.0
100.98613371308245	0.0
100.99613432050106	0.0
101.00613492791966	0.0
101.01613553533826	0.0
101.02613614275687	0.0
101.03613675017547	0.0
101.04613735759408	0.0
101.05613796501268	0.0
101.0661385724313	0.0
101.0761391798499	0.0
101.08613978726851	0.0
101.09614039468711	0.0
101.10614100210572	0.0
101.11614160952432	0.0
101.12614221694292	0.0
101.13614282436154	0.0
101.14614343178015	0.0
101.15614403919875	0.0
101.16614464661735	0.0
101.17614525403596	0.0
101.18614586145456	0.0
101.19614646887317	0.0
101.20614707629177	0.0
101.21614768371039	0.0
101.226148291129	0.0
101.2361488985476	0.0
101.2461495059662	0.0
101.2561501133848	0.0
101.26615072080341	0.0
101.27615132822201	0.0
101.28615193564062	0.0
101.29615254305924	0.0
101.30615315047784	0.0
101.31615375789644	0.0
101.32615436531505	0.0
101.33615497273365	0.0
101.34615558015226	0.0
101.35615618757086	0.0
101.36615679498946	0.0
101.37615740240808	0.0
101.38615800982669	0.0
101.39615861724529	0.0
101.4061592246639	0.0
101.4161598320825	0.0
101.4261604395011	0.0
101.43616104691971	0.0
101.44616165433831	0.0
101.45616226175693	0.0
101.46616286917553	0.0
101.47616347659414	0.0
101.48616408401274	0.0
101.49616469143135	234.0
101.50616529884995	231.0
101.51616590626855	234.0
101.52616651368717	234.0
101.53616712110578	236.0
101.54616772852438	236.0
101.55616833594298	236.0
101.56616894336159	234.0
101.5761695507802	234.0
101.5861701581988	231.0
101.5961707656174	231.0
101.60617137303602	231.0
101.61617198045462	228.0
101.62617258787323	228.0
101.63617319529183	228.0
101.64617380271044	226.0
101.65617441012904	226.0
101.66617501754764	226.0
101.67617562496625	226.0
101.68617623238487	226.0
101.69617683980347	228.0
101.70617744722207	228.0
101.71617805464068	228.0
101.72617866205928	226.0
101.73617926947789	226.0
101.74617987689649	223.0
101.7561804843151	220.0
101.76618109173371	213.0
101.77618169915232	208.0
101.78618230657092	208.0
101.79618291398953	208.0
101.80618352140813	226.0
101.81618412882673	236.0
101.82618473624534	242.0
101.83618534366394	245.0
101.84618595108256	248.0
101.85618655850116	248.0
101.86618716591977	248.0
101.87618777333837	248.0
101.88618838075698	245.0
101.89618898817558	242.0
101.90618959559418	239.0
101.91619020301279	236.0
101.92619081043141	234.0
101.93619141785001	231.0
101.94619202526862	231.0
101.95619263268722	228.0
101.96619324010582	228.0
101.97619384752443	226.0
101.98619445494303	226.0
101.99619506236165	226.0
102.00619566978025	226.0
102.01619627719886	226.0
102.02619688461746	226.0
102.03619749203607	226.0
102.04619809945467	223.0
102.05619870687327	220.0
102.06619931429188	215.0
102.0761999217105	206.0
102.0862005291291	203.0
102.0962011365477	0.0
102.10620174396631	0.0
102.11620235138491	0.0
102.12620295880352	0.0
102.13620356622212	0.0
102.14620417364073	245.0
102.15620478105934	250.0
102.16620538847795	250.0
102.17620599589655	250.0
102.18620660331516	250.0
102.19620721073376	248.0
102.20620781815236	248.0
102.21620842557097	248.0
102.22620903298957	248.0
102.23620964040819	248.0
102.2462102478268	245.0
102.2562108552454	245.0
102.266211462664	242.0
102.27621207008261	239.0
102.28621267750121	234.0
102.29621328491982	231.0
102.30621389233842	226.0
102.31621449975704	220.0
102.32621510717564	218.0
102.33621571459425	213.0
102.34621632201285	210.0
102.35621692943145	208.0
102.36621753685006	206.0
102.37621814426866	203.0
102.38621875168727	203.0
102.39621935910588	201.0
102.40621996652449	196.0
102.4162205739431	190.0
102.4262211813617	187.0
102.4362217887803	190.0
102.4462223961989	196.0
102.45622300361751	203.0
102.46622361103613	210.0
102.47622421845473	223.0
102.48622482587334	231.0
102.49622543329194	236.0
102.50622604071054	239.0
102.51622664812915	236.0
102.52622725554775	234.0
102.53622786296636	231.0
102.54622847038497	226.0
102.55622907780358	226.0
102.56622968522218	223.0
102.57623029264079	226.0
102.58623090005939	228.0
102.596231507478	231.0
102.6062321148966	234.0
102.6162327223152	234.0
102.62623332973382	234.0
102.63623393715243	231.0
102.64623454457103	228.0
102.65623515198963	226.0
102.66623575940824	220.0
102.67623636682684	215.0
102.68623697424545	210.0
102.69623758166405	208.0
102.70623818908267	206.0
102.71623879650127	203.0
102.72623940391988	203.0
102.73624001133848	203.0
102.74624061875708	203.0
102.75624122617569	206.0
102.7662418335943	208.0
102.7762424410129	213.0
102.78624304843152	218.0
102.79624365585012	228.0
102.80624426326872	234.0
102.81624487068733	242.0
102.82624547810593	248.0
102.83624608552454	259.0
102.84624669294314	268.0
102.85624730036176	272.0
102.86624790778036	272.0
102.87624851519897	272.0
102.88624912261757	272.0
102.89624973003617	272.0
102.90625033745478	272.0
102.91625094487338	272.0
102.92625155229199	272.0
102.9362521597106	272.0
102.94625276712921	272.0
102.95625337454781	272.0
102.96625398196642	268.0
102.97625458938502	268.0
102.98625519680363	268.0
102.99625580422223	268.0
103.00625641164083	268.0
103.01625701905945	268.0
103.02625762647806	268.0
103.03625823389666	268.0
103.04625884131526	268.0
103.05625944873387	268.0
103.06626005615247	268.0
103.07626066357108	268.0
103.08626127098968	265.0
103.0962618784083	268.0
103.1062624858269	268.0
103.11626309324551	272.0
103.12626370066411	272.0
103.13626430808272	275.0
103.14626491550132	275.0
103.15626552291992	272.0
103.16626613033853	272.0
103.17626673775715	268.0
103.18626734517575	265.0
103.19626795259435	262.0
103.20626856001296	259.0
103.21626916743156	256.0
103.22626977485017	256.0
103.23627038226877	259.0
103.24627098968737	262.0
103.256271597106	265.0
103.2662722045246	268.0
103.2762728119432	268.0
103.2862734193618	272.0
103.29627402678041	272.0
103.30627463419901	272.0
103.31627524161762	268.0
103.32627584903624	268.0
103.33627645645484	265.0
103.34627706387344	262.0
103.35627767129205	259.0
103.36627827871065	253.0
103.37627888612926	248.0
103.38627949354786	242.0
103.39628010096646	239.0
103.40628070838508	236.0
103.41628131580369	239.0
103.42628192322229	262.0
103.4362825306409	265.0
103.4462831380595	265.0
103.4562837454781	268.0
103.46628435289671	268.0
103.47628496031531	268.0
103.48628556773393	268.0
103.49628617515253	268.0
103.50628678257114	268.0
103.51628738998974	268.0
103.52628799740835	268.0
103.53628860482695	268.0
103.54628921224555	265.0
103.55628981966416	265.0
103.56629042708278	265.0
103.57629103450138	265.0
103.58629164191998	268.0
103.59629224933859	281.0
103.6062928567572	305.0
103.6162934641758	319.0
103.6262940715944	331.0
103.636294679013	342.0
103.64629528643162	354.0
103.65629589385023	358.0
103.66629650126883	363.0
103.67629710868744	367.0
103.68629771610604	331.0
103.69629832352464	316.0
103.70629893094325	301.0
103.71629953836185	259.0
103.72630014578047	248.0
103.73630075319907	245.0
103.74630136061768	242.0
103.75630196803628	245.0
103.76630257545489	245.0
103.77630318287349	248.0
103.7863037902921	250.0
103.79630439771071	253.0
103.80630500512932	256.0
103.81630561254792	256.0
103.82630621996653	259.0
103.83630682738513	259.0
103.84630743480373	262.0
103.85630804222234	262.0
103.86630864964094	262.0
103.87630925705956	265.0
103.88630986447816	265.0
103.89631047189677	265.0
103.90631107931537	265.0
103.91631168673398	265.0
103.92631229415258	265.0
103.93631290157118	265.0
103.94631350898979	265.0
103.95631411640841	265.0
103.96631472382701	262.0
103.97631533124562	262.0
103.98631593866422	262.0
103.99631654608282	259.0
104.00631715350143	256.0
104.01631776092003	250.0
104.02631836833864	250.0
104.03631897575725	250.0
104.04631958317586	256.0
104.05632019059446	259.0
104.06632079801307	262.0
104.07632140543167	265.0
104.08632201285027	265.0
104.09632262026888	265.0
104.10632322768748	265.0
104.1163238351061	265.0
104.1263244425247	265.0
104.13632504994331	262.0
104.14632565736191	262.0
104.15632626478052	259.0
104.16632687219912	256.0
104.17632747961773	253.0
104.18632808703633	250.0
104.19632869445495	245.0
104.20632930187355	242.0
104.21632990929216	236.0
104.22633051671076	234.0
104.23633112412936	234.0
104.24633173154797	234.0
104.25633233896657	236.0
104.26633294638519	245.0
104.2763335538038	253.0
104.2863341612224	284.0
104.296334768641	298.0
104.30633537605961	305.0
104.31633598347821	312.0
104.32633659089682	312.0
104.33633719831542	308.0
104.34633780573404	298.0
104.35633841315264	262.0
104.36633902057125	228.0
104.37633962798985	215.0
104.38634023540845	206.0
104.39634084282706	206.0
104.40634145024566	208.0
104.41634205766427	210.0
104.42634266508288	215.0
104.43634327250149	218.0
104.4463438799201	220.0
104.4563444873387	223.0
104.4663450947573	226.0
104.4763457021759	226.0
104.48634630959451	226.0
104.49634691701311	223.0
104.50634752443173	223.0
104.51634813185034	226.0
104.52634873926894	226.0
104.53634934668754	226.0
104.54634995410615	228.0
104.55635056152475	228.0
104.56635116894336	228.0
104.57635177636196	228.0
104.58635238378058	228.0
104.59635299119918	228.0
104.60635359861779	228.0
104.61635420603639	231.0
104.626354813455	228.0
104.6363554208736	226.0
104.6463560282922	223.0
104.65635663571082	215.0
104.66635724312943	208.0
104.67635785054803	0.0
104.68635845796663	0.0
104.69635906538524	0.0
104.70635967280384	0.0
104.71636028022245	0.0
104.72636088764105	0.0
104.73636149505967	0.0
104.74636210247827	0.0
104.75636270989688	196.0
104.76636331731548	196.0
104.77636392473408	194.0
104.78636453215269	194.0
104.7963651395713	194.0
104.8063657469899	196.0
104.81636635440852	196.0
104.82636696182712	199.0
104.83636756924572	201.0
104.84636817666433	201.0
104.85636878408293	201.0
104.86636939150154	201.0
104.87636999892014	201.0
104.88637060633874	201.0
104.89637121375736	203.0
104.90637182117597	203.0
104.91637242859457	203.0
104.92637303601317	203.0
104.93637364343178	201.0
104.94637425085038	201.0
104.95637485826899	199.0
104.96637546568759	199.0
104.97637607310621	196.0
104.98637668052481	185.0
104.99637728794342	181.0
105.00637789536202	181.0
105.01637850278063	183.0
105.02637911019923	187.0
105.03637971761783	192.0
105.04638032503644	196.0
105.05638093245506	201.0
105.06638153987366	206.0
105.07638214729226	210.0
105.08638275471087	218.0
105.09638336212947	226.0
105.10638396954808	231.0
105.11638457696668	234.0
105.1263851843853	234.0
105.1363857918039	231.0
105.14638639922251	231.0
105.15638700664111	231.0
105.16638761405972	231.0
105.17638822147832	231.0
105.18638882889692	231.0
105.19638943631553	231.0
105.20639004373415	231.0
105.21639065115275	231.0
105.22639125857135	231.0
105.23639186598996	231.0
105.24639247340856	231.0
105.25639308082717	231.0
105.26639368824577	231.0
105.27639429566437	231.0
105.28639490308299	228.0
105.2963955105016	228.0
105.3063961179202	220.0
105.3163967253388	213.0
105.32639733275741	206.0
105.33639794017601	206.0
105.34639854759462	206.0
105.35639915501322	210.0
105.36639976243184	215.0
105.37640036985044	218.0
105.38640097726905	223.0
105.39640158468765	223.0
105.40640219210626	226.0
105.41640279952486	226.0
105.42640340694346	226.0
105.43640401436207	226.0
105.44640462178069	226.0
105.45640522919929	226.0
105.4664058366179	226.0
105.4764064440365	228.0
105.4864070514551	228.0
105.49640765887371	228.0
105.50640826629231	228.0
105.51640887371092	226.0
105.52640948112953	223.0
105.53641008854814	220.0
105.54641069596674	218.0
105.55641130338535	218.0
105.56641191080395	218.0
105.57641251822255	223.0
105.58641312564116	228.0
105.59641373305978	236.0
105.60641434047838	242.0
105.61641494789698	248.0
105.62641555531559	265.0
105.63641616273419	272.0
105.6464167701528	272.0
105.6564173775714	268.0
105.66641798499	265.0
105.67641859240862	265.0
105.68641919982723	265.0
105.69641980724583	265.0
105.70642041466444	262.0
105.71642102208304	256.0
105.72642162950164	245.0
105.73642223692025	236.0
105.74642284433885	226.0
105.75642345175747	218.0
105.76642405917607	213.0
105.77642466659468	208.0
105.78642527401328	208.0
105.79642588143189	210.0
105.80642648885049	215.0
105.8164270962691	220.0
105.8264277036877	231.0
105.83642831110632	242.0
105.84642891852492	248.0
105.85642952594353	256.0
105.86643013336213	262.0
105.87643074078073	268.0
105.88643134819934	272.0
105.89643195561794	275.0
105.90643256303655	275.0
105.91643317045516	272.0
105.92643377787377	272.0
105.93643438529237	268.0
105.94643499271098	268.0
105.95643560012958	268.0
105.96643620754818	268.0
105.97643681496679	268.0
105.9864374223854	268.0
105.99643802980401	265.0
106.00643863722262	262.0
106.01643924464122	259.0
106.02643985205982	250.0
106.03644045947843	242.0
106.04644106689703	231.0
106.05644167431564	226.0
106.06644228173425	223.0
106.07644288915286	223.0
106.08644349657146	226.0
106.09644410399007	228.0
106.10644471140867	228.0
106.11644531882727	231.0
106.12644592624588	231.0
106.13644653366448	228.0
106.1464471410831	228.0
106.1564477485017	226.0
106.16644835592031	226.0
106.17644896333891	226.0
106.18644957075752	223.0
106.19645017817612	223.0
106.20645078559473	223.0
106.21645139301333	223.0
106.22645200043195	223.0
106.23645260785055	226.0
106.24645321526916	228.0
106.25645382268776	234.0
106.26645443010636	239.0
106.27645503752497	245.0
106.28645564494357	250.0
106.29645625236218	256.0
106.3064568597808	262.0
106.3164574671994	265.0
106.326458074618	268.0
106.33645868203661	268.0
106.34645928945521	268.0
106.35645989687382	265.0
106.36646050429242	262.0
106.37646111171102	259.0
106.38646171912964	253.0
106.39646232654825	250.0
106.40646293396685	245.0
106.41646354138545	242.0
106.42646414880406	236.0
106.43646475622266	234.0
106.44646536364127	228.0
106.45646597105988	226.0
106.46646657847849	226.0
106.47646718589709	223.0
106.4864677933157	220.0
106.4964684007343	220.0
106.5064690081529	223.0
106.51646961557151	226.0
106.52647022299011	228.0
106.53647083040873	234.0
106.54647143782734	239.0
106.55647204524594	245.0
106.56647265266454	253.0
106.57647326008315	259.0
106.58647386750175	265.0
106.59647447492036	268.0
106.60647508233896	272.0
106.61647568975758	272.0
106.62647629717618	272.0
106.63647690459479	268.0
106.64647751201339	265.0
106.656478119432	262.0
106.6664787268506	259.0
106.6764793342692	253.0
106.68647994168781	248.0
106.69648054910643	242.0
106.70648115652503	234.0
106.71648176394363	226.0
106.72648237136224	218.0
106.73648297878084	213.0
106.74648358619945	210.0
106.75648419361805	210.0
106.76648480103665	210.0
106.77648540845527	213.0
106.78648601587388	218.0
106.79648662329248	223.0
106.80648723071108	231.0
106.81648783812969	239.0
106.82648844554829	248.0
106.8364890529669	259.0
106.8464896603855	262.0
106.85649026780412	265.0
106.86649087522272	268.0
106.87649148264133	268.0
106.88649209005993	268.0
106.89649269747854	268.0
106.90649330489714	268.0
106.91649391231574	268.0
106.92649451973436	268.0
106.93649512715297	268.0
106.94649573457157	268.0
106.95649634199017	268.0
106.96649694940878	268.0
106.97649755682738	268.0
106.98649816424599	268.0
106.99649877166459	268.0
107.00649937908321	268.0
107.01649998650181	268.0
107.02650059392042	268.0
107.03650120133902	265.0
107.04650180875763	265.0
107.05650241617623	262.0
107.06650302359483	259.0
107.07650363101344	256.0
107.08650423843206	248.0
107.09650484585066	242.0
107.10650545326926	236.0
107.11650606068787	236.0
107.12650666810647	236.0
107.13650727552508	242.0
107.14650788294368	248.0
107.15650849036228	350.0
107.1665090977809	354.0
107.1765097051995	363.0
107.18651031261811	363.0
107.19651092003672	358.0
107.20651152745532	354.0
107.21651213487392	346.0
107.22651274229253	342.0
107.23651334971113	334.0
107.24651395712975	331.0
107.25651456454835	331.0
107.26651517196696	327.0
107.27651577938556	327.0
107.28651638680417	327.0
107.29651699422277	327.0
107.30651760164137	327.0
107.31651820905999	331.0
107.3265188164786	334.0
107.3365194238972	334.0
107.3465200313158	338.0
107.35652063873441	338.0
107.36652124615301	338.0
107.37652185357162	338.0
107.38652246099022	334.0
107.39652306840884	327.0
107.40652367582744	323.0
107.41652428324605	327.0
107.42652489066465	334.0
107.43652549808326	338.0
107.44652610550186	342.0
107.45652671292046	354.0
107.46652732033907	367.0
107.47652792775769	375.0
107.48652853517629	380.0
107.4965291425949	380.0
107.5065297500135	380.0
107.5165303574321	380.0
107.5265309648507	375.0
107.53653157226931	371.0
107.54653217968792	371.0
107.55653278710653	367.0
107.56653339452514	358.0
107.57653400194374	354.0
107.58653460936235	342.0
107.59653521678095	331.0
107.60653582419955	319.0
107.61653643161816	308.0
107.62653703903676	294.0
107.63653764645538	281.0
107.64653825387398	268.0
107.65653886129259	262.0
107.66653946871119	256.0
107.6765400761298	256.0
107.6865406835484	256.0
107.696541290967	256.0
107.70654189838561	259.0
107.71654250580423	259.0
107.72654311322283	262.0
107.73654372064144	262.0
107.74654432806004	259.0
107.75654493547864	256.0
107.76654554289725	253.0
107.77654615031585	248.0
107.78654675773447	245.0
107.79654736515307	245.0
107.80654797257168	250.0
107.81654857999028	253.0
107.82654918740889	259.0
107.83654979482749	265.0
107.8465504022461	354.0
107.8565510096647	354.0
107.86655161708332	350.0
107.87655222450192	338.0
107.88655283192053	331.0
107.89655343933913	327.0
107.90655404675773	327.0
107.91655465417634	331.0
107.92655526159494	334.0
107.93655586901355	338.0
107.94655647643216	346.0
107.95655708385077	350.0
107.96655769126937	354.0
107.97655829868798	354.0
107.98655890610658	350.0
107.99655951352518	346.0
108.00656012094379	338.0
108.01656072836239	334.0
108.02656133578101	331.0
108.03656194319962	331.0
108.04656255061822	331.0
108.05656315803682	331.0
108.06656376545543	331.0
108.07656437287403	331.0
108.08656498029264	327.0
108.09656558771124	323.0
108.10656619512986	0.0
108.11656680254846	0.0
108.12656740996707	0.0
108.13656801738567	0.0
108.14656862480427	0.0
108.15656923222288	0.0
108.16656983964148	0.0
108.17657044706009	0.0
108.1865710544787	0.0
108.19657166189731	0.0
108.20657226931591	402.0
108.21657287673452	407.0
108.22657348415312	407.0
108.23657409157173	407.0
108.24657469899033	407.0
108.25657530640895	407.0
108.26657591382755	402.0
108.27657652124616	402.0
108.28657712866476	402.0
108.29657773608336	402.0
108.30657834350197	402.0
108.31657895092057	402.0
108.32657955833918	402.0
108.3365801657578	402.0
108.3465807731764	402.0
108.356581380595	402.0
108.3665819880136	402.0
108.37658259543221	402.0
108.38658320285082	398.0
108.39658381026942	393.0
108.40658441768802	389.0
108.41658502510664	375.0
108.42658563252525	367.0
108.43658623994385	0.0
108.44658684736245	0.0
108.45658745478106	0.0
108.46658806219966	0.0
108.47658866961827	0.0
108.48658927703687	0.0
108.49658988445549	0.0
108.50659049187409	0.0
108.5165910992927	0.0
108.5265917067113	0.0
108.5365923141299	0.0
108.54659292154851	0.0
108.55659352896711	0.0
108.56659413638572	0.0
108.57659474380434	0.0
108.58659535122294	0.0
108.59659595864154	0.0
108.60659656606015	0.0
108.61659717347875	0.0
108.62659778089736	0.0
108.63659838831596	0.0
108.64659899573458	0.0
108.65659960315318	0.0
108.66660021057179	0.0
108.67660081799039	0.0
108.686601425409	0.0
108.6966020328276	0.0
108.7066026402462	0.0
108.7166032476648	0.0
108.72660385508343	0.0
108.73660446250203	0.0
108.74660506992063	0.0
108.75660567733924	0.0
108.76660628475784	0.0
108.77660689217645	0.0
108.78660749959505	0.0
108.79660810701365	0.0
108.80660871443227	0.0
108.81660932185088	0.0
108.82660992926948	0.0
108.83661053668808	0.0
108.84661114410669	0.0
108.85661175152529	0.0
108.8666123589439	0.0
108.8766129663625	0.0
108.88661357378112	0.0
108.89661418119972	436.0
108.90661478861833	436.0
108.91661539603693	447.0
108.92661600345554	452.0
108.93661661087414	457.0
108.94661721829274	457.0
108.95661782571135	457.0
108.96661843312997	457.0
108.97661904054857	452.0
108.98661964796717	452.0
108.99662025538578	452.0
109.00662086280438	452.0
109.01662147022299	447.0
109.02662207764159	447.0
109.0366226850602	447.0
109.04662329247881	447.0
109.05662389989742	447.0
109.06662450731602	447.0
109.07662511473463	447.0
109.08662572215323	447.0
109.09662632957183	447.0
109.10662693699044	447.0
109.11662754440906	447.0
109.12662815182766	452.0
109.13662875924626	452.0
109.14662936666487	452.0
109.15662997408347	452.0
109.16663058150208	452.0
109.17663118892068	452.0
109.18663179633928	447.0
109.1966324037579	447.0
109.2066330111765	452.0
109.21663361859511	452.0
109.22663422601372	462.0
109.23663483343232	473.0
109.24663544085092	479.0
109.25663604826953	484.0
109.26663665568813	484.0
109.27663726310675	479.0
109.28663787052535	479.0
109.29663847794396	479.0
109.30663908536256	479.0
109.31663969278117	473.0
109.32664030019977	468.0
109.33664090761837	457.0
109.34664151503698	452.0
109.3566421224556	447.0
109.3666427298742	447.0
109.3766433372928	447.0
109.38664394471141	447.0
109.39664455213001	447.0
109.40664515954862	452.0
109.41664576696722	452.0
109.42664637438583	452.0
109.43664698180444	452.0
109.44664758922305	452.0
109.45664819664165	457.0
109.46664880406026	452.0
109.47664941147886	452.0
109.48665001889746	447.0
109.49665062631607	436.0
109.50665123373467	412.0
109.51665184115329	402.0
109.5266524485719	0.0
109.5366530559905	0.0
109.5466536634091	0.0
109.5566542708277	0.0
109.56665487824631	0.0
109.57665548566492	479.0
109.58665609308353	484.0
109.59665670050214	490.0
109.60665730792074	496.0
109.61665791533935	496.0
109.62665852275795	496.0
109.63665913017655	496.0
109.64665973759516	496.0
109.65666034501376	490.0
109.66666095243238	490.0
109.67666155985098	484.0
109.68666216726959	479.0
109.69666277468819	473.0
109.7066633821068	468.0
109.7166639895254	462.0
109.726664596944	452.0
109.73666520436261	441.0
109.74666581178123	431.0
109.75666641919983	421.0
109.76666702661844	417.0
109.77666763403704	412.0
109.78666824145564	407.0
109.79666884887425	407.0
109.80666945629285	407.0
109.81667006371146	402.0
109.82667067113007	402.0
109.83667127854868	402.0
109.84667188596728	407.0
109.85667249338589	407.0
109.86667310080449	407.0
109.8766737082231	412.0
109.8866743156417	412.0
109.8966749230603	407.0
109.90667553047892	398.0
109.91667613789753	389.0
109.92667674531613	393.0
109.93667735273473	407.0
109.94667796015334	417.0
109.95667856757194	426.0
109.96667917499055	436.0
109.97667978240916	441.0
109.98668038982777	452.0
109.99668099724637	452.0
110.00668160466498	457.0
110.01668221208358	457.0
110.02668281950218	457.0
110.03668342692079	452.0
110.04668403433939	452.0
110.05668464175801	452.0
110.06668524917662	452.0
110.07668585659522	452.0
110.08668646401382	457.0
110.09668707143243	457.0
110.10668767885103	457.0
110.11668828626964	457.0
110.12668889368824	457.0
110.13668950110686	452.0
110.14669010852546	452.0
110.15669071594407	452.0
110.16669132336267	452.0
110.17669193078127	457.0
110.18669253819988	452.0
110.19669314561848	452.0
110.20669375303709	452.0
110.2166943604557	447.0
110.22669496787431	447.0
110.23669557529291	447.0
110.24669618271152	452.0
110.25669679013012	457.0
110.26669739754873	468.0
110.27669800496733	473.0
110.28669861238593	479.0
110.29669921980455	479.0
110.30669982722316	479.0
110.31670043464176	479.0
110.32670104206036	479.0
110.33670164947897	479.0
110.34670225689757	479.0
110.35670286431618	473.0
110.36670347173478	473.0
110.3767040791534	468.0
110.386704686572	462.0
110.3967052939906	457.0
110.40670590140921	457.0
110.41670650882782	452.0
110.42670711624642	452.0
110.43670772366502	452.0
110.44670833108364	452.0
110.45670893850225	452.0
110.46670954592085	452.0
110.47671015333945	452.0
110.48671076075806	452.0
110.49671136817666	447.0
110.50671197559527	447.0
110.51671258301387	447.0
110.52671319043249	447.0
110.53671379785109	452.0
110.5467144052697	452.0
110.5567150126883	457.0
110.5667156201069	457.0
110.57671622752551	457.0
110.58671683494411	457.0
110.59671744236272	457.0
110.60671804978134	462.0
110.61671865719994	490.0
110.62671926461854	490.0
110.63671987203715	490.0
110.64672047945575	490.0
110.65672108687436	484.0
110.66672169429296	484.0
110.67672230171156	484.0
110.68672290913018	479.0
110.69672351654879	479.0
110.70672412396739	479.0
110.716724731386	473.0
110.7267253388046	468.0
110.7367259462232	468.0
110.7467265536418	462.0
110.75672716106041	462.0
110.76672776847903	462.0
110.77672837589763	462.0
110.78672898331624	462.0
110.79672959073484	462.0
110.80673019815345	462.0
110.81673080557205	462.0
110.82673141299065	462.0
110.83673202040926	468.0
110.84673262782788	473.0
110.85673323524648	479.0
110.86673384266508	501.0
110.87673445008369	525.0
110.88673505750229	544.0
110.8967356649209	556.0
110.9067362723395	569.0
110.91673687975812	589.0
110.92673748717672	596.0
110.93673809459533	583.0
110.94673870201393	569.0
110.95673930943254	0.0
110.96673991685114	0.0
110.97674052426974	0.0
110.98674113168835	0.0
110.99674173910697	441.0
111.00674234652557	436.0
111.01674295394417	431.0
111.02674356136278	436.0
111.03674416878138	441.0
111.04674477619999	447.0
111.05674538361859	452.0
111.0667459910372	457.0
111.07674659845581	462.0
111.08674720587442	468.0
111.09674781329302	473.0
111.10674842071163	479.0
111.11674902813023	479.0
111.12674963554883	479.0
111.13675024296744	484.0
111.14675085038604	484.0
111.15675145780466	484.0
111.16675206522326	484.0
111.17675267264187	484.0
111.18675328006047	484.0
111.19675388747908	484.0
111.20675449489768	484.0
111.21675510231628	484.0
111.22675570973489	0.0
111.2367563171535	0.0
111.24675692457211	0.0
111.25675753199071	0.0
111.26675813940932	0.0
111.27675874682792	0.0
111.28675935424653	0.0
111.29675996166513	0.0
111.30676056908374	441.0
111.31676117650235	441.0
111.32676178392096	447.0
111.33676239133956	457.0
111.34676299875817	457.0
111.35676360617677	462.0
111.36676421359537	457.0
111.37676482101398	462.0
111.3867654284326	462.0
111.3967660358512	462.0
111.4067666432698	462.0
111.41676725068841	462.0
111.42676785810701	457.0
111.43676846552562	457.0
111.44676907294422	457.0
111.45676968036283	457.0
111.46677028778144	457.0
111.47677089520005	457.0
111.48677150261865	457.0
111.49677211003726	457.0
111.50677271745586	457.0
111.51677332487446	457.0
111.52677393229307	462.0
111.53677453971167	462.0
111.54677514713029	462.0
111.5567757545489	462.0
111.5667763619675	457.0
111.5767769693861	457.0
111.5867775768047	447.0
111.59677818422331	426.0
111.60677879164191	384.0
111.61677939906052	441.0
111.62678000647914	441.0
111.63678061389774	447.0
111.64678122131635	457.0
111.65678182873495	457.0
111.66678243615355	457.0
111.67678304357216	457.0
111.68678365099076	452.0
111.69678425840937	452.0
111.70678486582798	452.0
111.71678547324659	452.0
111.72678608066519	452.0
111.7367866880838	452.0
111.7467872955024	452.0
111.756787902921	452.0
111.76678851033961	452.0
111.77678911775823	452.0
111.78678972517683	452.0
111.79679033259544	452.0
111.80679094001404	452.0
111.81679154743264	452.0
111.82679215485125	452.0
111.83679276226985	452.0
111.84679336968846	452.0
111.85679397710707	452.0
111.86679458452568	452.0
111.87679519194428	452.0
111.88679579936289	452.0
111.89679640678149	452.0
111.9067970142001	452.0
111.9167976216187	452.0
111.9267982290373	452.0
111.93679883645592	452.0
111.94679944387453	452.0
111.95680005129313	452.0
111.96680065871173	452.0
111.97680126613034	452.0
111.98680187354894	452.0
111.99680248096755	452.0
112.00680308838615	452.0
112.01680369580477	452.0
112.02680430322337	452.0
112.03680491064198	452.0
112.04680551806058	457.0
112.05680612547918	462.0
112.06680673289779	468.0
112.07680734031639	473.0
112.086807947735	479.0
112.09680855515361	484.0
112.10680916257222	484.0
112.11680976999082	490.0
112.12681037740943	490.0
112.13681098482803	490.0
112.14681159224664	484.0
112.15681219966524	484.0
112.16681280708384	479.0
112.17681341450246	473.0
112.18681402192107	468.0
112.19681462933967	468.0
112.20681523675827	462.0
112.21681584417688	468.0
112.22681645159548	473.0
112.23681705901409	479.0
112.2468176664327	490.0
112.25681827385131	507.0
112.26681888126991	519.0
112.27681948868852	531.0
112.28682009610712	544.0
112.29682070352573	556.0
112.30682131094433	569.0
112.31682191836293	569.0
112.32682252578155	563.0
112.33682313320016	544.0
112.34682374061876	0.0
112.35682434803736	0.0
112.36682495545597	0.0
112.37682556287457	421.0
112.38682617029318	421.0
112.39682677771178	426.0
112.4068273851304	431.0
112.416827992549	436.0
112.4268285999676	441.0
112.43682920738621	447.0
112.44682981480481	447.0
112.45683042222342	447.0
112.46683102964202	452.0
112.47683163706063	452.0
112.48683224447925	452.0
112.49683285189785	452.0
112.50683345931645	452.0
112.51683406673506	452.0
112.52683467415366	452.0
112.53683528157227	452.0
112.54683588899087	457.0
112.55683649640947	457.0
112.56683710382809	457.0
112.5768377112467	457.0
112.5868383186653	462.0
112.5968389260839	468.0
112.60683953350251	468.0
112.61684014092111	473.0
112.62684074833972	473.0
112.63684135575832	473.0
112.64684196317694	452.0
112.65684257059554	0.0
112.66684317801415	0.0
112.67684378543275	0.0
112.68684439285136	0.0
112.69684500026996	0.0
112.70684560768856	0.0
112.71684621510718	0.0
112.72684682252579	0.0
112.73684742994439	0.0
112.746848037363	0.0
112.7568486447816	389.0
112.7668492522002	389.0
112.7768498596188	393.0
112.78685046703741	393.0
112.79685107445603	398.0
112.80685168187463	398.0
112.81685228929324	398.0
112.82685289671184	398.0
112.83685350413045	398.0
112.84685411154905	398.0
112.85685471896765	402.0
112.86685532638626	402.0
112.87685593380488	402.0
112.88685654122348	402.0
112.89685714864208	407.0
112.90685775606069	407.0
112.91685836347929	407.0
112.9268589708979	407.0
112.9368595783165	407.0
112.9468601857351	402.0
112.95686079315372	402.0
112.96686140057233	402.0
112.97686200799093	402.0
112.98686261540954	402.0
112.99686322282814	402.0
113.00686383024674	398.0
113.01686443766535	358.0
113.02686504508395	354.0
113.03686565250257	354.0
113.04686625992117	398.0
113.05686686733978	398.0
113.06686747475838	402.0
113.07686808217699	402.0
113.08686868959559	402.0
113.0968692970142	402.0
113.10686990443281	407.0
113.11687051185142	407.0
113.12687111927002	407.0
113.13687172668863	407.0
113.14687233410723	407.0
113.15687294152583	407.0
113.16687354894444	407.0
113.17687415636304	407.0
113.18687476378166	407.0
113.19687537120026	407.0
113.20687597861887	402.0
113.21687658603747	398.0
113.22687719345608	393.0
113.23687780087468	389.0
113.24687840829328	380.0
113.25687901571189	375.0
113.2668796231305	367.0
113.27688023054911	354.0
113.28688083796771	346.0
113.29688144538632	331.0
113.30688205280492	323.0
113.31688266022353	319.0
113.32688326764213	319.0
113.33688387506074	323.0
113.34688448247935	327.0
113.35688508989796	338.0
113.36688569731656	346.0
113.37688630473517	350.0
113.38688691215377	363.0
113.39688751957237	398.0
113.40688812699098	407.0
113.41688873440958	407.0
113.4268893418282	412.0
113.4368899492468	412.0
113.44689055666541	407.0
113.45689116408401	407.0
113.46689177150262	402.0
113.47689237892122	402.0
113.48689298633983	398.0
113.49689359375843	389.0
113.50689420117705	384.0
113.51689480859565	380.0
113.52689541601426	371.0
113.53689602343286	367.0
113.54689663085146	358.0
113.55689723827007	354.0
113.56689784568867	350.0
113.57689845310729	346.0
113.5868990605259	342.0
113.5968996679445	338.0
113.6069002753631	338.0
113.6169008827817	338.0
113.62690149020031	338.0
113.63690209761891	338.0
113.64690270503752	338.0
113.65690331245614	338.0
113.66690391987474	342.0
113.67690452729335	0.0
113.68690513471195	0.0
113.69690574213055	0.0
113.70690634954916	380.0
113.71690695696776	402.0
113.72690756438637	426.0
113.73690817180498	452.0
113.74690877922359	473.0
113.75690938664219	490.0
113.7669099940608	507.0
113.7769106014794	513.0
113.786911208898	507.0
113.79691181631661	496.0
113.80691242373521	468.0
113.81691303115383	452.0
113.82691363857244	431.0
113.83691424599104	0.0
113.84691485340964	0.0
113.85691546082825	0.0
113.86691606824685	0.0
113.87691667566546	0.0
113.88691728308406	0.0
113.89691789050268	0.0
113.90691849792128	0.0
113.91691910533989	0.0
113.92691971275849	398.0
113.9369203201771	398.0
113.9469209275957	402.0
113.9569215350143	402.0
113.9669221424329	402.0
113.97692274985152	402.0
113.98692335727013	402.0
113.99692396468873	402.0
114.00692457210734	402.0
114.01692517952594	402.0
114.02692578694455	402.0
114.03692639436315	402.0
114.04692700178177	398.0
114.05692760920037	398.0
114.06692821661898	398.0
114.07692882403758	398.0
114.08692943145618	398.0
114.09693003887479	398.0
114.10693064629339	398.0
114.116931253712	398.0
114.12693186113061	398.0
114.13693246854922	398.0
114.14693307596782	398.0
114.15693368338643	398.0
114.16693429080503	402.0
114.17693489822364	402.0
114.18693550564224	402.0
114.19693611306084	402.0
114.20693672047946	402.0
114.21693732789807	402.0
114.22693793531667	402.0
114.23693854273527	402.0
114.24693915015388	402.0
114.25693975757248	402.0
114.26694036499109	402.0
114.27694097240969	402.0
114.28694157982831	402.0
114.29694218724691	402.0
114.30694279466552	402.0
114.31694340208412	402.0
114.32694400950272	398.0
114.33694461692133	393.0
114.34694522433993	380.0
114.35694583175854	371.0
114.36694643917716	367.0
114.37694704659576	363.0
114.38694765401436	402.0
114.39694826143297	407.0
114.40694886885157	412.0
114.41694947627018	412.0
114.42695008368878	412.0
114.4369506911074	412.0
114.446951298526	412.0
114.4569519059446	407.0
114.46695251336321	407.0
114.47695312078181	402.0
114.48695372820042	393.0
114.49695433561902	389.0
114.50695494303763	380.0
114.51695555045625	371.0
114.52695615787485	363.0
114.53695676529345	354.0
114.54695737271206	350.0
114.55695798013066	342.0
114.56695858754927	338.0
114.57695919496787	338.0
114.58695980238647	338.0
114.59696040980509	338.0
114.6069610172237	338.0
114.6169616246423	338.0
114.6269622320609	338.0
114.63696283947951	338.0
114.64696344689811	338.0
114.65696405431672	334.0
114.66696466173532	331.0
114.67696526915394	331.0
114.68696587657254	334.0
114.69696648399115	338.0
114.70696709140975	342.0
114.71696769882836	350.0
114.72696830624696	358.0
114.73696891366556	367.0
114.74696952108417	367.0
114.75697012850279	367.0
114.76697073592139	363.0
114.77697134334	358.0
114.7869719507586	350.0
114.7969725581772	342.0
114.8069731655958	334.0
114.81697377301441	323.0
114.82697438043301	308.0
114.83697498785163	291.0
114.84697559527024	275.0
114.85697620268884	268.0
114.86697681010745	265.0
114.87697741752605	265.0
114.88697802494465	265.0
114.89697863236326	268.0
114.90697923978188	268.0
114.91697984720048	268.0
114.92698045461908	268.0
114.93698106203769	268.0
114.94698166945629	268.0
114.9569822768749	268.0
114.9669828842935	268.0
114.9769834917121	268.0
114.98698409913072	265.0
114.99698470654933	262.0
115.00698531396793	250.0
115.01698592138654	242.0
115.02698652880514	239.0
115.03698713622374	242.0
115.04698774364235	265.0
115.05698835106095	275.0
115.06698895847957	275.0
115.07698956589817	275.0
115.08699017331678	275.0
115.09699078073538	272.0
115.10699138815399	272.0
115.11699199557259	272.0
115.1269926029912	268.0
115.1369932104098	268.0
115.14699381782842	265.0
115.15699442524702	259.0
115.16699503266562	253.0
115.17699564008423	248.0
115.18699624750283	242.0
115.19699685492144	236.0
115.20699746234004	228.0
115.21699806975865	228.0
115.22699867717726	228.0
115.23699928459587	228.0
115.24699989201447	234.0
115.25700049943308	242.0
115.26700110685168	253.0
115.27700171427028	272.0
115.28700232168889	294.0
115.29700292910749	305.0
115.30700353652611	316.0
115.31700414394471	319.0
115.32700475136332	319.0
115.33700535878192	316.0
115.34700596620053	308.0
115.35700657361913	301.0
115.36700718103774	226.0
115.37700778845635	220.0
115.38700839587496	203.0
115.39700900329356	203.0
115.40700961071217	206.0
115.41701021813077	213.0
115.42701082554937	218.0
115.43701143296798	223.0
115.44701204038658	223.0
115.4570126478052	226.0
115.4670132552238	226.0
115.47701386264241	226.0
115.48701447006101	226.0
115.49701507747962	226.0
115.50701568489822	226.0
115.51701629231682	226.0
115.52701689973543	226.0
115.53701750715405	226.0
115.54701811457265	226.0
115.55701872199126	226.0
115.56701932940986	226.0
115.57701993682846	226.0
115.58702054424707	226.0
115.59702115166567	228.0
115.60702175908428	228.0
115.6170223665029	228.0
115.6270229739215	228.0
115.6370235813401	226.0
115.6470241887587	223.0
115.65702479617731	0.0
115.66702540359591	0.0
115.67702601101452	0.0
115.68702661843312	0.0
115.69702722585174	0.0
115.70702783327035	0.0
115.71702844068895	0.0
115.72702904810755	0.0
115.73702965552616	0.0
115.74703026294476	0.0
115.75703087036337	208.0
115.76703147778198	206.0
115.77703208520059	203.0
115.78703269261919	203.0
115.7970333000378	206.0
115.8070339074564	0.0
115.817034514875	0.0
115.82703512229361	0.0
115.83703572971221	0.0
115.84703633713083	0.0
115.85703694454944	0.0
115.86703755196804	0.0
115.87703815938664	0.0
115.88703876680525	0.0
115.89703937422385	0.0
115.90703998164246	0.0
115.91704058906106	0.0
115.92704119647968	0.0
115.93704180389828	0.0
115.94704241131689	0.0
115.95704301873549	0.0
115.9670436261541	0.0
115.9770442335727	0.0
115.9870448409913	0.0
115.9970454484099	0.0
116.00704605582852	0.0
116.01704666324713	0.0
116.02704727066573	0.0
116.03704787808434	0.0
116.04704848550294	0.0
116.05704909292155	0.0
116.06704970034015	0.0
116.07705030775875	0.0
116.08705091517737	0.0
116.09705152259598	0.0
116.10705213001458	0.0
116.11705273743318	0.0
116.12705334485179	0.0
116.13705395227039	0.0
116.147054559689	0.0
116.1570551671076	0.0
116.16705577452622	0.0
116.17705638194482	0.0
116.18705698936343	0.0
116.19705759678203	0.0
116.20705820420064	0.0
116.21705881161924	0.0
116.22705941903784	0.0
116.23706002645646	0.0
116.24706063387507	220.0
116.25706124129367	220.0
116.26706184871227	220.0
116.27706245613088	223.0
116.28706306354948	226.0
116.29706367096809	226.0
116.30706427838669	228.0
116.31706488580531	228.0
116.32706549322391	228.0
116.33706610064252	228.0
116.34706670806112	228.0
116.35706731547972	228.0
116.36706792289833	228.0
116.37706853031693	228.0
116.38706913773554	228.0
116.39706974515416	228.0
116.40707035257276	228.0
116.41707095999136	226.0
116.42707156740997	226.0
116.43707217482857	223.0
116.44707278224718	220.0
116.45707338966578	218.0
116.46707399708438	218.0
116.477074604503	218.0
116.4870752119216	218.0
116.49707581934021	220.0
116.50707642675881	220.0
116.51707703417742	220.0
116.52707764159602	223.0
116.53707824901463	223.0
116.54707885643323	223.0
116.55707946385185	226.0
116.56708007127045	226.0
116.57708067868906	223.0
116.58708128610766	223.0
116.59708189352627	223.0
116.60708250094487	223.0
116.61708310836347	220.0
116.62708371578208	218.0
116.6370843232007	215.0
116.6470849306193	215.0
116.6570855380379	213.0
116.66708614545651	215.0
116.67708675287511	223.0
116.68708736029372	231.0
116.69708796771232	242.0
116.70708857513094	256.0
116.71708918254954	265.0
116.72708978996815	272.0
116.73709039738675	272.0
116.74709100480536	265.0
116.75709161222396	256.0
116.76709221964256	248.0
116.77709282706117	231.0
116.78709343447979	218.0
116.79709404189839	208.0
116.807094649317	206.0
116.8170952567356	208.0
116.8270958641542	215.0
116.8370964715728	226.0
116.84709707899141	248.0
116.85709768641001	262.0
116.86709829382863	278.0
116.87709890124724	288.0
116.88709950866584	291.0
116.89710011608445	291.0
116.90710072350305	288.0
116.91710133092165	265.0
116.92710193834026	248.0
116.93710254575886	239.0
116.94710315317748	223.0
116.95710376059608	213.0
116.96710436801469	208.0
116.97710497543329	208.0
116.9871055828519	213.0
116.9971061902705	218.0
117.0071067976891	228.0
117.01710740510771	239.0
117.02710801252633	248.0
117.03710861994493	253.0
117.04710922736353	256.0
117.05710983478214	256.0
117.06711044220074	256.0
117.07711104961935	253.0
117.08711165703795	245.0
117.09711226445656	234.0
117.10711287187517	226.0
117.11711347929378	223.0
117.12711408671238	223.0
117.13711469413099	228.0
117.14711530154959	236.0
117.1571159089682	245.0
117.1671165163868	253.0
117.17711712380542	256.0
117.18711773122402	259.0
117.19711833864262	256.0
117.20711894606123	250.0
117.21711955347983	242.0
117.22712016089844	218.0
117.23712076831704	203.0
117.24712137573565	196.0
117.25712198315426	194.0
117.26712259057287	196.0
117.27712319799147	199.0
117.28712380541008	201.0
117.29712441282868	203.0
117.30712502024728	203.0
117.31712562766589	203.0
117.32712623508449	201.0
117.33712684250311	196.0
117.34712744992171	0.0
117.35712805734032	0.0
117.36712866475892	0.0
117.37712927217753	0.0
117.38712987959613	0.0
117.39713048701473	0.0
117.40713109443334	0.0
117.41713170185196	0.0
117.42713230927056	0.0
117.43713291668917	0.0
117.44713352410777	0.0
117.45713413152637	0.0
117.46713473894498	0.0
117.47713534636358	0.0
117.48713595378219	0.0
117.4971365612008	0.0
117.50713716861941	0.0
117.51713777603801	0.0
117.52713838345662	0.0
117.53713899087522	0.0
117.54713959829382	0.0
117.55714020571243	0.0
117.56714081313105	0.0
117.57714142054965	0.0
117.58714202796826	0.0
117.59714263538686	0.0
117.60714324280546	0.0
117.61714385022407	201.0
117.62714445764267	201.0
117.63714506506128	201.0
117.6471456724799	201.0
117.6571462798985	203.0
117.6671468873171	203.0
117.6771474947357	203.0
117.68714810215431	206.0
117.69714870957291	206.0
117.70714931699152	203.0
117.71714992441012	203.0
117.72715053182874	203.0
117.73715113924735	203.0
117.74715174666595	203.0
117.75715235408455	203.0
117.76715296150316	201.0
117.77715356892176	199.0
117.78715417634037	196.0
117.79715478375897	190.0
117.80715539117759	187.0
117.81715599859619	187.0
117.8271566060148	192.0
117.8371572134334	201.0
117.847157820852	218.0
117.85715842827061	231.0
117.86715903568921	239.0
117.87715964310782	248.0
117.88716025052643	253.0
117.89716085794504	253.0
117.90716146536364	250.0
117.91716207278225	242.0
117.92716268020085	234.0
117.93716328761946	226.0
117.94716389503806	218.0
117.95716450245666	208.0
117.96716510987528	206.0
117.97716571729389	203.0
117.98716632471249	203.0
117.9971669321311	206.0
118.0071675395497	206.0
118.0171681469683	208.0
118.0271687543869	208.0
118.03716936180552	208.0
118.04716996922413	208.0
118.05717057664273	206.0
118.06717118406134	201.0
118.07717179147994	196.0
118.08717239889855	190.0
118.09717300631715	181.0
118.10717361373575	0.0
118.11717422115437	0.0
118.12717482857298	0.0
118.13717543599158	0.0
118.14717604341018	0.0
118.15717665082879	0.0
118.16717725824739	0.0
118.177177865666	0.0
118.1871784730846	213.0
118.19717908050322	220.0
118.20717968792182	223.0
118.21718029534043	220.0
118.22718090275903	215.0
118.23718151017763	208.0
118.24718211759624	196.0
118.25718272501484	181.0
118.26718333243345	0.0
118.27718393985207	0.0
118.28718454727067	0.0
118.29718515468927	0.0
118.30718576210788	0.0
118.31718636952648	163.0
118.32718697694509	165.0
118.33718758436369	167.0
118.3471881917823	0.0
118.35718879920091	0.0
118.36718940661952	0.0
118.37719001403812	0.0
118.38719062145672	0.0
118.39719122887533	0.0
118.40719183629393	0.0
118.41719244371254	0.0
118.42719305113114	0.0
118.43719365854976	0.0
118.44719426596836	0.0
118.45719487338697	0.0
118.46719548080557	0.0
118.47719608822418	0.0
118.48719669564278	0.0
118.49719730306138	0.0
118.50719791048	0.0
118.5171985178986	0.0
118.52719912531721	0.0
118.53719973273581	0.0
118.54720034015442	0.0
118.55720094757302	0.0
118.56720155499163	0.0
118.57720216241023	0.0
118.58720276982885	0.0
118.59720337724745	0.0
118.60720398466606	0.0
118.61720459208466	0.0
118.62720519950327	0.0
118.63720580692187	0.0
118.64720641434047	0.0
118.65720702175908	0.0
118.6672076291777	0.0
118.6772082365963	0.0
118.6872088440149	0.0
118.69720945143351	0.0
118.70721005885211	0.0
118.71721066627072	0.0
118.72721127368932	0.0
118.73721188110792	0.0
118.74721248852654	0.0
118.75721309594515	0.0
118.76721370336375	0.0
118.77721431078236	0.0
118.78721491820096	0.0
118.79721552561956	0.0
118.80721613303817	0.0
118.81721674045677	0.0
118.82721734787539	0.0
118.837217955294	0.0
118.8472185627126	0.0
118.8572191701312	0.0
118.8672197775498	0.0
118.87722038496841	0.0
118.88722099238701	0.0
118.89722159980563	0.0
118.90722220722424	0.0
118.91722281464284	0.0
118.92722342206145	0.0
118.93722402948005	0.0
118.94722463689865	0.0
118.95722524431726	185.0
118.96722585173586	187.0
118.97722645915448	187.0
118.98722706657308	187.0
118.99722767399169	185.0
119.00722828141029	183.0
119.0172288888289	183.0
119.0272294962475	181.0
119.0372301036661	179.0
119.04723071108471	179.0
119.05723131850333	177.0
119.06723192592193	173.0
119.07723253334053	167.0
119.08723314075914	163.0
119.09723374817774	159.0
119.10723435559635	156.0
119.11723496301495	156.0
119.12723557043356	156.0
119.13723617785217	156.0
119.14723678527078	158.0
119.15723739268938	158.0
119.16723800010799	159.0
119.17723860752659	163.0
119.1872392149452	0.0
119.1972398223638	169.0
119.2072404297824	169.0
119.21724103720102	167.0
119.22724164461962	163.0
119.23724225203823	159.0
119.24724285945683	158.0
119.25724346687544	0.0
119.26724407429404	0.0
119.27724468171265	0.0
119.28724528913125	0.0
119.29724589654987	0.0
119.30724650396847	181.0
119.31724711138708	187.0
119.32724771880568	196.0
119.33724832622428	201.0
119.34724893364289	203.0
119.35724954106149	206.0
119.36725014848011	206.0
119.37725075589871	203.0
119.38725136331732	203.0
119.39725197073592	201.0
119.40725257815453	201.0
119.41725318557313	201.0
119.42725379299173	201.0
119.43725440041034	201.0
119.44725500782896	201.0
119.45725561524756	201.0
119.46725622266617	201.0
119.47725683008477	201.0
119.48725743750337	201.0
119.49725804492198	201.0
119.50725865234058	201.0
119.51725925975919	203.0
119.5272598671778	203.0
119.53726047459641	203.0
119.54726108201501	203.0
119.55726168943362	203.0
119.56726229685222	203.0
119.57726290427082	203.0
119.58726351168943	203.0
119.59726411910803	203.0
119.60726472652665	203.0
119.61726533394526	203.0
119.62726594136386	203.0
119.63726654878246	203.0
119.64726715620107	203.0
119.65726776361967	203.0
119.66726837103828	203.0
119.67726897845688	201.0
119.6872695858755	199.0
119.6972701932941	196.0
119.7072708007127	192.0
119.71727140813131	185.0
119.72727201554991	179.0
119.73727262296852	173.0
119.74727323038712	165.0
119.75727383780573	158.0
119.76727444522434	156.0
119.77727505264295	156.0
119.78727566006155	158.0
119.79727626748016	163.0
119.80727687489876	179.0
119.81727748231737	187.0
119.82727808973597	194.0
119.83727869715459	199.0
119.84727930457319	201.0
119.8572799119918	203.0
119.8672805194104	206.0
119.877281126829	206.0
119.88728173424761	203.0
119.89728234166621	203.0
119.90728294908482	201.0
119.91728355650343	196.0
119.92728416392204	194.0
119.93728477134064	192.0
119.94728537875925	194.0
119.95728598617785	199.0
119.96728659359646	203.0
119.97728720101506	206.0
119.98728780843366	208.0
119.99728841585228	210.0
120.00728902327089	210.0
120.01728963068949	208.0
120.0272902381081	206.0
120.0372908455267	203.0
120.0472914529453	199.0
120.0572920603639	190.0
120.06729266778251	183.0
120.07729327520113	173.0
120.08729388261973	167.0
120.09729449003834	156.0
120.10729509745694	156.0
120.11729570487554	0.0
120.12729631229415	167.0
120.13729691971275	185.0
120.14729752713136	192.0
120.15729813454998	201.0
120.16729874196858	206.0
120.17729934938718	208.0
120.18729995680579	208.0
120.19730056422439	208.0
120.207301171643	203.0
120.2173017790616	199.0
120.22730238648022	194.0
120.23730299389882	190.0
120.24730360131743	187.0
120.25730420873603	190.0
120.26730481615463	194.0
120.27730542357324	201.0
120.28730603099184	206.0
120.29730663841045	213.0
120.30730724582907	218.0
120.31730785324767	226.0
120.32730846066627	231.0
120.33730906808488	231.0
120.34730967550348	228.0
120.35731028292209	228.0
120.36731089034069	228.0
120.3773114977593	226.0
120.38731210517791	226.0
120.39731271259652	226.0
120.40731332001512	226.0
120.41731392743372	223.0
120.42731453485233	223.0
120.43731514227093	223.0
120.44731574968954	223.0
120.45731635710814	223.0
120.46731696452676	226.0
120.47731757194536	226.0
120.48731817936397	228.0
120.49731878678257	228.0
120.50731939420118	228.0
120.51732000161978	226.0
120.52732060903838	226.0
120.53732121645699	223.0
120.5473218238756	223.0
120.55732243129421	226.0
120.56732303871281	231.0
120.57732364613142	236.0
120.58732425355002	248.0
120.59732486096863	256.0
120.60732546838723	268.0
120.61732607580583	275.0
120.62732668322445	278.0
120.63732729064306	275.0
120.64732789806166	272.0
120.65732850548027	265.0
120.66732911289887	259.0
120.67732972031747	250.0
120.68733032773608	242.0
120.6973309351547	231.0
120.7073315425733	223.0
120.7173321499919	220.0
120.72733275741051	218.0
120.73733336482911	215.0
120.74733397224772	215.0
120.75733457966632	218.0
120.76733518708492	220.0
120.77733579450354	226.0
120.78733640192215	231.0
120.79733700934075	236.0
120.80733761675936	242.0
120.81733822417796	250.0
120.82733883159656	259.0
120.83733943901517	265.0
120.84734004643377	268.0
120.85734065385239	272.0
120.867341261271	272.0
120.8773418686896	272.0
120.8873424761082	272.0
120.8973430835268	268.0
120.90734369094541	268.0
120.91734429836401	265.0
120.92734490578262	262.0
120.93734551320124	253.0
120.94734612061984	242.0
120.95734672803844	231.0
120.96734733545705	220.0
120.97734794287565	213.0
120.98734855029426	210.0
120.99734915771286	213.0
121.00734976513147	220.0
121.01735037255008	231.0
121.02735097996869	245.0
121.03735158738729	262.0
121.0473521948059	268.0
121.0573528022245	272.0
121.0673534096431	272.0
121.07735401706171	265.0
121.08735462448031	253.0
121.09735523189893	228.0
121.10735583931753	218.0
121.11735644673614	213.0
121.12735705415474	213.0
121.13735766157335	220.0
121.14735826899195	231.0
121.15735887641056	242.0
121.16735948382917	265.0
121.17736009124778	281.0
121.18736069866638	288.0
121.19736130608499	291.0
121.20736191350359	291.0
121.2173625209222	281.0
121.2273631283408	265.0
121.2373637357594	250.0
121.24736434317802	231.0
121.25736495059662	218.0
121.26736555801523	213.0
121.27736616543383	213.0
121.28736677285244	218.0
121.29736738027104	228.0
121.30736798768964	239.0
121.31736859510825	253.0
121.32736920252687	272.0
121.33736980994547	281.0
121.34737041736408	284.0
121.35737102478268	281.0
121.36737163220128	268.0
121.37737223961989	250.0
121.38737284703849	223.0
121.3973734544571	203.0
121.40737406187571	199.0
121.41737466929432	201.0
121.42737527671292	201.0
121.43737588413153	201.0
121.44737649155013	203.0
121.45737709896873	203.0
121.46737770638734	203.0
121.47737831380594	206.0
121.48737892122456	206.0
121.49737952864317	203.0
121.50738013606177	203.0
121.51738074348037	201.0
121.52738135089898	201.0
121.53738195831758	199.0
121.54738256573619	196.0
121.5573831731548	196.0
121.56738378057341	199.0
121.57738438799201	201.0
121.58738499541062	206.0
121.59738560282922	208.0
121.60738621024782	215.0
121.61738681766643	220.0
121.62738742508503	226.0
121.63738803250365	231.0
121.64738863992226	231.0
121.65738924734086	231.0
121.66738985475946	231.0
121.67739046217807	228.0
121.68739106959667	226.0
121.69739167701528	226.0
121.70739228443388	223.0
121.7173928918525	220.0
121.7273934992711	220.0
121.7373941066897	218.0
121.74739471410831	218.0
121.75739532152691	220.0
121.76739592894552	228.0
121.77739653636412	236.0
121.78739714378273	253.0
121.79739775120134	268.0
121.80739835861995	281.0
121.81739896603855	291.0
121.82739957345716	294.0
121.83740018087576	291.0
121.84740078829437	275.0
121.85740139571297	259.0
121.86740200313157	245.0
121.87740261055019	206.0
121.8874032179688	201.0
121.8974038253874	199.0
121.907404432806	201.0
121.91740504022461	203.0
121.92740564764321	206.0
121.93740625506182	210.0
121.94740686248042	220.0
121.95740746989904	231.0
121.96740807731764	239.0
121.97740868473625	248.0
121.98740929215485	253.0
121.99740989957346	256.0
122.00741050699206	259.0
122.01741111441066	262.0
122.02741172182928	265.0
122.03741232924789	265.0
122.04741293666649	268.0
122.0574135440851	268.0
122.0674141515037	272.0
122.0774147589223	272.0
122.0874153663409	272.0
122.09741597375951	272.0
122.10741658117813	272.0
122.11741718859673	272.0
122.12741779601534	272.0
122.13741840343394	272.0
122.14741901085254	272.0
122.15741961827115	272.0
122.16742022568975	272.0
122.17742083310836	272.0
122.18742144052698	268.0
122.19742204794558	268.0
122.20742265536418	265.0
122.21742326278279	265.0
122.22742387020139	259.0
122.23742447762	253.0
122.2474250850386	248.0
122.2574256924572	236.0
122.26742629987582	223.0
122.27742690729443	215.0
122.28742751471303	213.0
122.29742812213163	218.0
122.30742872955024	231.0
122.31742933696884	245.0
122.32742994438745	262.0
122.33743055180605	281.0
122.34743115922467	291.0
122.35743176664327	294.0
122.36743237406188	294.0
122.37743298148048	288.0
122.38743358889909	275.0
122.39743419631769	259.0
122.4074348037363	239.0
122.4174354111549	218.0
122.42743601857352	208.0
122.43743662599212	208.0
122.44743723341072	210.0
122.45743784082933	218.0
122.46743844824793	228.0
122.47743905566654	242.0
122.48743966308514	256.0
122.49744027050376	284.0
122.50744087792236	294.0
122.51744148534097	288.0
122.52744209275957	275.0
122.53744270017818	262.0
122.54744330759678	253.0
122.55744391501538	239.0
122.56744452243399	223.0
122.5774451298526	218.0
122.58744573727121	215.0
122.59744634468981	218.0
122.60744695210842	220.0
122.61744755952702	223.0
122.62744816694563	226.0
122.63744877436423	228.0
122.64744938178283	228.0
122.65744998920145	231.0
122.66745059662006	228.0
122.67745120403866	228.0
122.68745181145727	226.0
122.69745241887587	223.0
122.70745302629447	218.0
122.71745363371308	215.0
122.72745424113168	215.0
122.7374548485503	218.0
122.7474554559689	223.0
122.75745606338751	231.0
122.76745667080611	239.0
122.77745727822472	245.0
122.78745788564332	253.0
122.79745849306192	256.0
122.80745910048053	256.0
122.81745970789915	248.0
122.82746031531775	239.0
122.83746092273635	223.0
122.84746153015496	206.0
122.85746213757356	196.0
122.86746274499217	194.0
122.87746335241077	194.0
122.88746395982938	196.0
122.897464567248	203.0
122.9074651746666	208.0
122.9174657820852	210.0
122.9274663895038	210.0
122.93746699692241	210.0
122.94746760434101	210.0
122.95746821175962	208.0
122.96746881917824	208.0
122.97746942659684	206.0
122.98747003401544	203.0
122.99747064143405	199.0
123.00747124885265	199.0
123.01747185627126	196.0
123.02747246368986	201.0
123.03747307110847	206.0
123.04747367852708	215.0
123.05747428594569	223.0
123.06747489336429	228.0
123.0774755007829	231.0
123.0874761082015	231.0
123.0974767156201	226.0
123.10747732303871	0.0
123.11747793045731	0.0
123.12747853787593	0.0
123.13747914529453	0.0
123.14747975271314	0.0
123.15748036013174	0.0
123.16748096755035	0.0
123.17748157496895	0.0
123.18748218238755	0.0
123.19748278980616	0.0
123.20748339722478	0.0
123.21748400464338	0.0
123.22748461206199	0.0
123.23748521948059	0.0
123.2474858268992	0.0
123.2574864343178	0.0
123.2674870417364	0.0
123.277487649155	0.0
123.28748825657362	0.0
123.29748886399223	0.0
123.30748947141083	0.0
123.31749007882944	0.0
123.32749068624804	0.0
123.33749129366664	0.0
123.34749190108525	0.0
123.35749250850387	0.0
123.36749311592247	0.0
123.37749372334108	0.0
123.38749433075968	0.0
123.39749493817828	0.0
123.40749554559689	220.0
123.41749615301549	223.0
123.4274967604341	223.0
123.43749736785271	226.0
123.44749797527132	226.0
123.45749858268992	228.0
123.46749919010853	228.0
123.47749979752713	228.0
123.48750040494573	226.0
123.49750101236434	223.0
123.50750161978294	220.0
123.51750222720156	215.0
123.52750283462017	208.0
123.53750344203877	201.0
123.54750404945737	192.0
123.55750465687598	181.0
123.56750526429458	173.0
123.57750587171319	163.0
123.58750647913179	159.0
123.59750708655041	159.0
123.60750769396901	183.0
123.61750830138762	190.0
123.62750890880622	199.0
123.63750951622482	206.0
123.64751012364343	208.0
123.65751073106203	210.0
123.66751133848064	210.0
123.67751194589925	210.0
123.68751255331786	208.0
123.69751316073646	206.0
123.70751376815507	203.0
123.71751437557367	201.0
123.72751498299228	201.0
123.73751559041088	201.0
123.74751619782948	203.0
123.7575168052481	208.0
123.7675174126667	218.0
123.77751802008531	223.0
123.78751862750391	231.0
123.79751923492252	236.0
123.80751984234112	239.0
123.81752044975973	239.0
123.82752105717834	239.0
123.83752166459695	234.0
123.84752227201555	228.0
123.85752287943416	220.0
123.86752348685276	213.0
123.87752409427137	210.0
123.88752470168997	208.0
123.89752530910857	208.0
123.90752591652719	215.0
123.9175265239458	226.0
123.9275271313644	248.0
123.937527738783	262.0
123.94752834620161	272.0
123.95752895362021	275.0
123.96752956103882	272.0
123.97753016845742	259.0
123.98753077587604	250.0
123.99753138329464	228.0
124.00753199071325	201.0
124.01753259813185	192.0
124.02753320555045	192.0
124.03753381296906	196.0
124.04753442038766	206.0
124.05753502780627	218.0
124.06753563522489	228.0
124.07753624264349	245.0
124.0875368500621	253.0
124.0975374574807	259.0
124.1075380648993	262.0
124.1175386723179	265.0
124.12753927973651	265.0
124.13753988715511	262.0
124.14754049457373	259.0
124.15754110199234	250.0
124.16754170941094	239.0
124.17754231682954	245.0
124.18754292424815	250.0
124.19754353166675	253.0
124.20754413908536	253.0
124.21754474650396	256.0
124.22754535392258	262.0
124.23754596134118	275.0
124.24754656875979	291.0
124.25754717617839	301.0
124.267547783597	316.0
124.2775483910156	323.0
124.2875489984342	327.0
124.29754960585282	327.0
124.30755021327143	316.0
124.31755082069003	305.0
124.32755142810863	248.0
124.33755203552724	236.0
124.34755264294584	228.0
124.35755325036445	228.0
124.36755385778305	236.0
124.37755446520167	248.0
124.38755507262027	262.0
124.39755568003888	272.0
124.40755628745748	278.0
124.41755689487609	278.0
124.42755750229469	275.0
124.4375581097133	268.0
124.4475587171319	262.0
124.45755932455052	256.0
124.46755993196912	253.0
124.47756053938772	250.0
124.48756114680633	250.0
124.49756175422493	256.0
124.50756236164354	262.0
124.51756296906214	288.0
124.52756357648074	301.0
124.53756418389936	319.0
124.54756479131797	334.0
124.55756539873657	346.0
124.56756600615518	358.0
124.57756661357378	363.0
124.58756722099238	367.0
124.59756782841099	363.0
124.60756843582959	354.0
124.61756904324821	346.0
124.62756965066681	338.0
124.63757025808542	327.0
124.64757086550402	323.0
124.65757147292263	319.0
124.66757208034123	323.0
124.67757268775983	327.0
124.68757329517845	338.0
124.69757390259706	346.0
124.70757451001566	358.0
124.71757511743427	371.0
124.72757572485287	380.0
124.73757633227147	393.0
124.74757693969008	402.0
124.75757754710868	407.0
124.7675781545273	407.0
124.7775787619459	407.0
124.78757936936451	407.0
124.79757997678311	407.0
124.80758058420172	402.0
124.81758119162032	402.0
124.82758179903892	402.0
124.83758240645753	402.0
124.84758301387615	402.0
124.85758362129475	402.0
124.86758422871335	402.0
124.87758483613196	402.0
124.88758544355056	402.0
124.89758605096917	402.0
124.90758665838777	402.0
124.91758726580638	402.0
124.927587873225	402.0
124.9375884806436	407.0
124.9475890880622	407.0
124.9575896954808	407.0
124.96759030289941	407.0
124.97759091031801	407.0
124.98759151773662	407.0
124.99759212515522	407.0
125.00759273257384	407.0
125.01759333999244	407.0
125.02759394741105	407.0
125.03759455482965	407.0
125.04759516224826	407.0
125.05759576966686	407.0
125.06759637708547	407.0
125.07759698450407	393.0
125.08759759192269	380.0
125.09759819934129	0.0
125.1075988067599	0.0
125.1175994141785	0.0
125.1276000215971	0.0
125.13760062901571	350.0
125.14760123643431	354.0
125.15760184385293	350.0
125.16760245127153	338.0
125.17760305869014	327.0
125.18760366610874	319.0
125.19760427352735	319.0
125.20760488094595	319.0
125.21760548836455	327.0
125.22760609578316	338.0
125.23760670320178	346.0
125.24760731062038	350.0
125.25760791803899	354.0
125.26760852545759	354.0
125.2776091328762	350.0
125.2876097402948	342.0
125.2976103477134	331.0
125.307610955132	323.0
125.31761156255062	323.0
125.32761216996923	323.0
125.33761277738783	331.0
125.34761338480644	342.0
125.35761399222504	358.0
125.36761459964364	389.0
125.37761520706225	412.0
125.38761581448085	426.0
125.39761642189947	436.0
125.40761702931808	441.0
125.41761763673668	436.0
125.42761824415528	393.0
125.43761885157389	384.0
125.44761945899249	371.0
125.4576200664111	346.0
125.4676206738297	338.0
125.47762128124832	327.0
125.48762188866692	327.0
125.49762249608553	331.0
125.50762310350413	338.0
125.51762371092273	350.0
125.52762431834134	363.0
125.53762492575994	371.0
125.54762553317855	375.0
125.55762614059716	375.0
125.56762674801577	367.0
125.57762735543437	354.0
125.58762796285298	327.0
125.59762857027158	312.0
125.60762917769019	291.0
125.61762978510879	272.0
125.62763039252741	262.0
125.63763099994601	262.0
125.64763160736462	265.0
125.65763221478322	272.0
125.66763282220182	272.0
125.67763342962043	268.0
125.68763403703903	262.0
125.69763464445764	262.0
125.70763525187625	0.0
125.71763585929486	0.0
125.72763646671346	0.0
125.73763707413207	0.0
125.74763768155067	0.0
125.75763828896928	0.0
125.76763889638788	0.0
125.77763950380648	0.0
125.7876401112251	0.0
125.7976407186437	0.0
125.80764132606231	0.0
125.81764193348091	0.0
125.82764254089952	0.0
125.83764314831812	0.0
125.84764375573673	0.0
125.85764436315533	0.0
125.86764497057395	0.0
125.87764557799255	0.0
125.88764618541116	0.0
125.89764679282976	0.0
125.90764740024836	0.0
125.91764800766697	0.0
125.92764861508557	0.0
125.93764922250418	0.0
125.9476498299228	0.0
125.9576504373414	0.0
125.96765104476	0.0
125.97765165217861	199.0
125.98765225959721	196.0
125.99765286701582	194.0
126.00765347443442	194.0
126.01765408185304	196.0
126.02765468927164	203.0
126.03765529669025	210.0
126.04765590410885	226.0
126.05765651152745	236.0
126.06765711894606	253.0
126.07765772636466	262.0
126.08765833378327	265.0
126.09765894120189	262.0
126.10765954862049	256.0
126.1176601560391	245.0
126.1276607634577	226.0
126.1376613708763	213.0
126.1476619782949	208.0
126.15766258571351	206.0
126.16766319313211	208.0
126.17766380055073	218.0
126.18766440796934	226.0
126.19766501538794	242.0
126.20766562280654	256.0
126.21766623022515	268.0
126.22766683764375	272.0
126.23766744506236	272.0
126.24766805248096	265.0
126.25766865989958	256.0
126.26766926731818	248.0
126.27766987473679	228.0
126.28767048215539	213.0
126.297671089574	203.0
126.3076716969926	201.0
126.3176723044112	203.0
126.32767291182981	206.0
126.33767351924843	208.0
126.34767412666703	215.0
126.35767473408563	220.0
126.36767534150424	231.0
126.37767594892284	239.0
126.38767655634145	245.0
126.39767716376005	245.0
126.40767777117865	245.0
126.41767837859727	242.0
126.42767898601588	234.0
126.43767959343448	226.0
126.44768020085309	220.0
126.45768080827169	218.0
126.4676814156903	220.0
126.4776820231089	223.0
126.48768263052752	228.0
126.49768323794612	234.0
126.50768384536472	239.0
126.51768445278333	242.0
126.52768506020193	242.0
126.53768566762054	242.0
126.54768627503914	236.0
126.55768688245774	223.0
126.56768748987636	210.0
126.57768809729497	203.0
126.58768870471357	199.0
126.59768931213218	199.0
126.60768991955078	199.0
126.61769052696938	201.0
126.62769113438799	203.0
126.63769174180659	206.0
126.64769234922521	0.0
126.65769295664381	0.0
126.66769356406242	0.0
126.67769417148102	0.0
126.68769477889963	0.0
126.69769538631823	0.0
126.70769599373683	0.0
126.71769660115544	0.0
126.72769720857406	0.0
126.73769781599266	0.0
126.74769842341126	0.0
126.75769903082987	0.0
126.76769963824847	0.0
126.77770024566708	0.0
126.78770085308568	0.0
126.79770146050429	0.0
126.8077020679229	0.0
126.81770267534151	0.0
126.82770328276011	0.0
126.83770389017872	0.0
126.84770449759732	0.0
126.85770510501592	0.0
126.86770571243453	0.0
126.87770631985313	0.0
126.88770692727175	0.0
126.89770753469035	384.0
126.90770814210896	389.0
126.91770874952756	398.0
126.92770935694617	402.0
126.93770996436477	402.0
126.94771057178338	402.0
126.957711179202	402.0
126.9677117866206	402.0
126.9777123940392	402.0
126.9877130014578	402.0
126.99771360887641	402.0
127.00771421629501	402.0
127.01771482371362	402.0
127.02771543113222	398.0
127.03771603855084	393.0
127.04771664596944	384.0
127.05771725338805	367.0
127.06771786080665	350.0
127.07771846822526	334.0
127.08771907564386	327.0
127.09771968306246	327.0
127.10772029048107	334.0
127.11772089789969	350.0
127.12772150531829	367.0
127.1377221127369	384.0
127.1477227201555	407.0
127.1577233275741	421.0
127.16772393499271	436.0
127.17772454241131	436.0
127.18772514982992	431.0
127.19772575724853	417.0
127.20772636466714	384.0
127.21772697208574	358.0
127.22772757950435	342.0
127.23772818692295	331.0
127.24772879434155	327.0
127.25772940176016	327.0
127.26773000917876	331.0
127.27773061659738	334.0
127.28773122401599	338.0
127.29773183143459	342.0
127.3077324388532	350.0
127.3177330462718	358.0
127.3277336536904	358.0
127.337734261109	358.0
127.34773486852762	358.0
127.35773547594623	350.0
127.36773608336483	338.0
127.37773669078344	312.0
127.38773729820204	294.0
127.39773790562064	256.0
127.40773851303925	245.0
127.41773912045785	236.0
127.42773972787647	236.0
127.43774033529508	239.0
127.44774094271368	248.0
127.45774155013228	262.0
127.46774215755089	284.0
127.47774276496949	301.0
127.4877433723881	312.0
127.4977439798067	319.0
127.50774458722532	327.0
127.51774519464392	331.0
127.52774580206253	334.0
127.53774640948113	338.0
127.54774701689973	338.0
127.55774762431834	338.0
127.56774823173694	338.0
127.57774883915555	338.0
127.58774944657416	338.0
127.59775005399277	338.0
127.60775066141137	338.0
127.61775126882998	338.0
127.62775187624858	334.0
127.63775248366719	331.0
127.64775309108579	323.0
127.6577536985044	312.0
127.66775430592301	301.0
127.67775491334162	281.0
127.68775552076022	250.0
127.69775612817882	242.0
127.70775673559743	242.0
127.71775734301603	245.0
127.72775795043464	248.0
127.73775855785324	253.0
127.74775916527186	259.0
127.75775977269046	265.0
127.76776038010907	268.0
127.77776098752767	272.0
127.78776159494628	272.0
127.79776220236488	272.0
127.80776280978348	268.0
127.8177634172021	262.0
127.8277640246207	256.0
127.83776463203931	250.0
127.84776523945791	248.0
127.85776584687652	248.0
127.86776645429512	250.0
127.87776706171373	259.0
127.88776766913233	272.0
127.89776827655095	291.0
127.90776888396955	312.0
127.91776949138816	323.0
127.92777009880676	334.0
127.93777070622536	342.0
127.94777131364397	342.0
127.95777192106257	346.0
127.96777252848118	342.0
127.9777731358998	338.0
127.9877737433184	327.0
127.997774350737	316.0
128.0077749581556	323.0
128.01777556557423	301.0
128.02777617299282	284.0
128.03777678041143	256.0
128.04777738783002	253.0
128.05777799524864	256.0
128.06777860266723	262.0
128.07777921008585	275.0
128.08777981750444	284.0
128.09778042492306	298.0
128.10778103234168	323.0
128.11778163976027	338.0
128.12778224717889	338.0
128.13778285459748	331.0
128.1477834620161	319.0
128.15778406943468	301.0
128.1677846768533	278.0
128.17778528427192	256.0
128.1877858916905	250.0
128.19778649910913	248.0
128.20778710652772	250.0
128.21778771394634	253.0
128.22778832136493	259.0
128.23778892878354	262.0
128.24778953620216	265.0
128.25779014362075	265.0
128.26779075103937	265.0
128.27779135845796	262.0
128.28779196587658	256.0
128.29779257329517	250.0
128.3077931807138	245.0
128.31779378813238	248.0
128.327794395551	253.0
128.3377950029696	259.0
128.3477956103882	262.0
128.35779621780682	262.0
128.3677968252254	262.0
128.37779743264403	262.0
128.38779804006262	262.0
128.39779864748124	262.0
128.40779925489986	265.0
128.41779986231845	265.0
128.42780046973706	265.0
128.43780107715565	265.0
128.44780168457427	265.0
128.45780229199286	262.0
128.46780289941148	259.0
128.47780350683007	256.0
128.4878041142487	250.0
128.4978047216673	245.0
128.5078053290859	239.0
128.51780593650452	231.0
128.5278065439231	226.0
128.53780715134172	226.0
128.5478077587603	234.0
128.55780836617893	245.0
128.56780897359755	256.0
128.57780958101614	281.0
128.58781018843476	294.0
128.59781079585335	301.0
128.60781140327197	301.0
128.61781201069056	298.0
128.62781261810917	288.0
128.63781322552776	265.0
128.64781383294638	248.0
128.657814440365	226.0
128.6678150477836	218.0
128.6778156552022	215.0
128.6878162626208	215.0
128.69781687003942	218.0
128.707817477458	220.0
128.71781808487663	223.0
128.72781869229524	223.0
128.73781929971383	223.0
128.74781990713245	223.0
128.75782051455104	226.0
128.76782112196966	226.0
128.77782172938825	228.0
128.78782233680687	228.0
128.7978229442255	228.0
128.80782355164408	226.0
128.8178241590627	226.0
128.82782476648129	223.0
128.8378253738999	223.0
128.8478259813185	220.0
128.8578265887371	223.0
128.8678271961557	223.0
128.87782780357432	226.0
128.88782841099294	234.0
128.89782901841153	242.0
128.90782962583015	250.0
128.91783023324874	256.0
128.92783084066735	259.0
128.93783144808594	262.0
128.94783205550456	259.0
128.95783266292318	253.0
128.96783327034177	245.0
128.9778338777604	234.0
128.98783448517898	228.0
128.9978350925976	228.0
129.0078357000162	231.0
129.0178363074348	236.0
129.0278369148534	245.0
129.037837522272	259.0
129.04783812969063	272.0
129.05783873710922	281.0
129.06783934452784	281.0
129.07783995194643	278.0
129.08784055936505	265.0
129.09784116678364	256.0
129.10784177420226	242.0
129.11784238162087	220.0
129.12784298903946	208.0
129.13784359645808	203.0
129.14784420387667	203.0
129.1578448112953	206.0
129.16784541871388	210.0
129.1778460261325	218.0
129.18784663355112	223.0
129.1978472409697	228.0
129.20784784838833	234.0
129.21784845580692	234.0
129.22784906322553	234.0
129.23784967064412	231.0
129.24785027806274	226.0
129.25785088548133	223.0
129.26785149289995	220.0
129.27785210031857	220.0
129.28785270773716	223.0
129.29785331515578	226.0
129.30785392257437	231.0
129.31785452999299	239.0
129.32785513741158	245.0
129.3378557448302	245.0
129.3478563522488	245.0
129.3578569596674	239.0
129.36785756708602	234.0
129.3778581745046	226.0
129.38785878192323	218.0
129.39785938934182	208.0
129.40785999676044	201.0
129.41786060417903	196.0
129.42786121159764	194.0
129.43786181901626	194.0
129.44786242643485	196.0
129.45786303385347	201.0
129.46786364127206	203.0
129.47786424869068	206.0
129.48786485610927	208.0
129.4978654635279	208.0
129.5078660709465	208.0
129.5178666783651	206.0
129.5278672857837	206.0
129.5378678932023	203.0
129.54786850062092	201.0
129.5578691080395	199.0
129.56786971545813	196.0
129.57787032287675	194.0
129.58787093029534	194.0
129.59787153771396	196.0
129.60787214513255	201.0
129.61787275255116	206.0
129.62787335996975	210.0
129.63787396738837	218.0
129.64787457480696	226.0
129.65787518222558	231.0
129.6678757896442	234.0
129.6778763970628	236.0
129.6878770044814	236.0
129.6978776119	234.0
129.70787821931862	231.0
129.7178788267372	226.0
129.72787943415582	223.0
129.73788004157444	215.0
129.74788064899303	208.0
129.75788125641165	206.0
129.76788186383024	206.0
129.77788247124886	208.0
129.78788307866745	218.0
129.79788368608607	228.0
129.80788429350466	239.0
129.81788490092327	250.0
129.8278855083419	272.0
129.83788611576048	284.0
129.8478867231791	294.0
129.8578873305977	301.0
129.8678879380163	301.0
129.8778885454349	301.0
129.88788915285352	298.0
129.89788976027214	288.0
129.90789036769073	265.0
129.91789097510934	253.0
129.92789158252793	239.0
129.93789218994655	223.0
129.94789279736514	210.0
129.95789340478376	203.0
129.96789401220235	203.0
129.97789461962097	203.0
129.9878952270396	208.0
129.99789583445818	218.0
130.0078964418768	228.0
130.01789704929539	236.0
130.027897656714	245.0
130.0378982641326	253.0
130.0478988715512	262.0
130.05789947896983	268.0
130.06790008638842	275.0
130.07790069380704	278.0
130.08790130122563	281.0
130.09790190864425	278.0
130.10790251606284	278.0
130.11790312348145	275.0
130.12790373090007	272.0
130.13790433831866	272.0
130.14790494573728	272.0
130.15790555315587	268.0
130.1679061605745	268.0
130.17790676799308	268.0
130.1879073754117	268.0
130.1979079828303	268.0
130.2079085902489	272.0
130.21790919766752	272.0
130.2279098050861	272.0
130.23791041250473	272.0
130.24791101992332	272.0
130.25791162734194	272.0
130.26791223476053	272.0
130.27791284217915	272.0
130.28791344959777	272.0
130.29791405701636	268.0
130.30791466443497	268.0
130.31791527185356	268.0
130.32791587927218	265.0
130.33791648669077	262.0
130.3479170941094	265.0
130.35791770152798	268.0
130.3679183089466	272.0
130.37791891636522	272.0
130.3879195237838	268.0
130.39792013120243	268.0
130.40792073862102	268.0
130.41792134603963	268.0
130.42792195345822	272.0
130.43792256087684	288.0
130.44792316829546	305.0
130.45792377571405	323.0
130.46792438313267	342.0
130.47792499055126	363.0
130.48792559796988	380.0
130.49792620538847	384.0
130.50792681280709	380.0
130.5179274202257	367.0
130.5279280276443	327.0
130.5379286350629	316.0
130.5479292424815	294.0
130.55792984990012	278.0
130.5679304573187	272.0
130.57793106473733	275.0
130.58793167215592	275.0
130.59793227957454	278.0
130.60793288699315	278.0
130.61793349441174	278.0
130.62793410183036	275.0
130.63793470924895	268.0
130.64793531666757	259.0
130.65793592408616	253.0
130.66793653150478	239.0
130.6779371389234	223.0
130.687937746342	208.0
130.6979383537606	194.0
130.7079389611792	187.0
130.7179395685978	187.0
130.7279401760164	192.0
130.73794078343502	201.0
130.7479413908536	213.0
130.75794199827223	223.0
130.76794260569085	231.0
130.77794321310944	239.0
130.78794382052806	242.0
130.79794442794665	245.0
130.80794503536526	245.0
130.81794564278385	242.0
130.82794625020247	236.0
130.8379468576211	231.0
130.84794746503968	228.0
130.8579480724583	226.0
130.8679486798769	226.0
130.8779492872955	226.0
130.8879498947141	226.0
130.89795050213272	226.0
130.90795110955133	228.0
130.91795171696992	228.0
130.92795232438854	228.0
130.93795293180713	231.0
130.94795353922575	228.0
130.95795414664434	228.0
130.96795475406296	223.0
130.97795536148155	215.0
130.98795596890017	208.0
130.99795657631878	206.0
131.00795718373737	0.0
131.017957791156	228.0
131.02795839857458	228.0
131.0379590059932	228.0
131.0479596134118	228.0
131.0579602208304	228.0
131.06796082824903	228.0
131.07796143566762	234.0
131.08796204308624	242.0
131.09796265050483	253.0
131.10796325792344	265.0
131.11796386534203	272.0
131.12796447276065	275.0
131.13796508017924	278.0
131.14796568759786	272.0
131.15796629501648	256.0
131.16796690243507	228.0
131.1779675098537	203.0
131.18796811727228	192.0
131.1979687246909	192.0
131.20796933210949	196.0
131.2179699395281	206.0
131.22797054694672	218.0
131.2379711543653	231.0
131.24797176178393	245.0
131.25797236920252	256.0
131.26797297662114	262.0
131.27797358403973	265.0
131.28797419145835	268.0
131.29797479887694	272.0
131.30797540629555	268.0
131.31797601371417	268.0
131.32797662113276	265.0
131.33797722855138	265.0
131.34797783596997	268.0
131.3579784433886	275.0
131.36797905080718	288.0
131.3779796582258	305.0
131.38798026564442	319.0
131.397980873063	338.0
131.40798148048162	350.0
131.4179820879002	354.0
131.42798269531883	354.0
131.43798330273742	327.0
131.44798391015604	312.0
131.45798451757466	288.0
131.46798512499325	268.0
131.47798573241187	265.0
131.48798633983046	272.0
131.49798694724907	284.0
131.50798755466766	301.0
131.51798816208628	316.0
131.52798876950487	338.0
131.5379893769235	346.0
131.5479899843421	354.0
131.5579905917607	354.0
131.56799119917932	354.0
131.5779918065979	354.0
131.58799241401653	350.0
131.59799302143512	342.0
131.60799362885373	331.0
131.61799423627235	323.0
131.62799484369094	0.0
131.63799545110956	0.0
131.64799605852815	0.0
131.65799666594677	0.0
131.66799727336536	0.0
131.67799788078398	0.0
131.68799848820257	0.0
131.69799909562119	407.0
131.7079997030398	412.0
131.7180003104584	412.0
131.728000917877	417.0
131.7380015252956	412.0
131.74800213271422	412.0
131.7580027401328	402.0
131.76800334755143	358.0
131.77800395497005	0.0
131.78800456238864	0.0
131.79800516980725	0.0
131.80800577722584	0.0
131.81800638464446	0.0
131.82800699206305	0.0
131.83800759948167	0.0
131.8480082069003	0.0
131.85800881431888	0.0
131.8680094217375	0.0
131.8780100291561	0.0
131.8880106365747	0.0
131.8980112439933	0.0
131.9080118514119	0.0
131.9180124588305	0.0
131.92801306624912	0.0
131.93801367366774	0.0
131.94801428108633	0.0
131.95801488850495	0.0
131.96801549592354	0.0
131.97801610334216	0.0
131.98801671076075	0.0
131.99801731817936	0.0
132.00801792559798	0.0
132.01801853301657	0.0
132.0280191404352	0.0
132.03801974785378	0.0
132.0480203552724	0.0
132.058020962691	0.0
132.0680215701096	0.0
132.0780221775282	354.0
132.08802278494682	342.0
132.09802339236543	334.0
132.10802399978402	323.0
132.11802460720264	316.0
132.12802521462123	308.0
132.13802582203985	308.0
132.14802642945844	312.0
132.15802703687706	323.0
132.16802764429568	346.0
132.17802825171427	358.0
132.18802885913288	367.0
132.19802946655147	375.0
132.2080300739701	375.0
132.21803068138868	375.0
132.2280312888073	371.0
132.23803189622592	363.0
132.2480325036445	346.0
132.25803311106313	331.0
132.26803371848172	323.0
132.27803432590034	323.0
132.28803493331893	331.0
132.29803554073754	342.0
132.30803614815613	358.0
132.31803675557475	375.0
132.32803736299337	389.0
132.33803797041196	402.0
132.34803857783058	412.0
132.35803918524917	417.0
132.3680397926678	417.0
132.37804040008638	417.0
132.388041007505	407.0
132.3980416149236	393.0
132.4080422223422	380.0
132.41804282976082	375.0
132.4280434371794	375.0
132.43804404459803	384.0
132.44804465201662	402.0
132.45804525943524	441.0
132.46804586685383	462.0
132.47804647427245	473.0
132.48804708169106	490.0
132.49804768910965	507.0
132.50804829652827	507.0
132.51804890394686	507.0
132.52804951136548	452.0
132.53805011878407	421.0
132.5480507262027	398.0
132.5580513336213	367.0
132.5680519410399	350.0
132.57805254845852	342.0
132.5880531558771	350.0
132.59805376329572	367.0
132.6080543707143	375.0
132.61805497813293	380.0
132.62805558555152	384.0
132.63805619297014	393.0
132.64805680038876	398.0
132.65805740780735	402.0
132.66805801522597	402.0
132.67805862264456	407.0
132.68805923006317	407.0
132.69805983748176	407.0
132.70806044490038	407.0
132.718061052319	407.0
132.7280616597376	407.0
132.7380622671562	407.0
132.7480628745748	407.0
132.75806348199342	407.0
132.768064089412	412.0
132.77806469683063	407.0
132.78806530424924	407.0
132.79806591166783	407.0
132.80806651908645	407.0
132.81806712650504	402.0
132.82806773392366	398.0
132.83806834134225	393.0
132.84806894876087	393.0
132.85806955617946	393.0
132.86807016359808	393.0
132.8780707710167	398.0
132.88807137843528	402.0
132.8980719858539	412.0
132.9080725932725	426.0
132.9180732006911	441.0
132.9280738081097	457.0
132.93807441552832	468.0
132.94807502294694	473.0
132.95807563036553	479.0
132.96807623778415	468.0
132.97807684520274	457.0
132.98807745262135	447.0
132.99807806003994	441.0
133.00807866745856	441.0
133.01807927487715	436.0
133.02807988229577	436.0
133.0380804897144	441.0
133.04808109713298	447.0
133.0580817045516	452.0
133.0680823119702	457.0
133.0780829193888	452.0
133.0880835268074	452.0
133.098084134226	452.0
133.10808474164463	452.0
133.11808534906322	452.0
133.12808595648184	457.0
133.13808656390043	462.0
133.14808717131905	473.0
133.15808777873764	484.0
133.16808838615626	496.0
133.17808899357487	496.0
133.18808960099346	496.0
133.19809020841208	496.0
133.20809081583067	484.0
133.2180914232493	479.0
133.22809203066788	473.0
133.2380926380865	479.0
133.2480932455051	490.0
133.2580938529237	501.0
133.26809446034233	519.0
133.27809506776092	531.0
133.28809567517953	537.0
133.29809628259812	537.0
133.30809689001674	531.0
133.31809749743533	531.0
133.32809810485395	519.0
133.33809871227257	479.0
133.34809931969116	447.0
133.35809992710978	431.0
133.36810053452837	421.0
133.37810114194698	417.0
133.38810174936557	421.0
133.3981023567842	426.0
133.40810296420278	431.0
133.4181035716214	436.0
133.42810417904002	441.0
133.4381047864586	441.0
133.44810539387723	447.0
133.45810600129582	452.0
133.46810660871444	452.0
133.47810721613303	452.0
133.48810782355164	447.0
133.49810843097026	447.0
133.50810903838885	441.0
133.51810964580747	441.0
133.52811025322606	441.0
133.53811086064468	441.0
133.54811146806327	441.0
133.5581120754819	441.0
133.56811268290048	441.0
133.5781132903191	447.0
133.5881138977377	452.0
133.5981145051563	462.0
133.60811511257492	473.0
133.6181157199935	484.0
133.62811632741213	496.0
133.63811693483072	501.0
133.64811754224934	496.0
133.65811814966796	496.0
133.66811875708655	484.0
133.67811936450516	479.0
133.68811997192375	468.0
133.69812057934237	462.0
133.70812118676096	452.0
133.71812179417958	441.0
133.7281224015982	431.0
133.7381230090168	421.0
133.7481236164354	407.0
133.758124223854	371.0
133.76812483127262	0.0
133.7781254386912	0.0
133.78812604610982	0.0
133.7981266535284	0.0
133.80812726094703	0.0
133.81812786836565	0.0
133.82812847578424	519.0
133.83812908320286	519.0
133.84812969062145	525.0
133.85813029804007	537.0
133.86813090545866	544.0
133.87813151287727	550.0
133.8881321202959	550.0
133.89813272771448	550.0
133.9081333351331	550.0
133.9181339425517	544.0
133.9281345499703	544.0
133.9381351573889	537.0
133.94813576480752	531.0
133.9581363722261	513.0
133.96813697964473	496.0
133.97813758706334	468.0
133.98813819448193	447.0
133.99813880190055	436.0
134.00813940931914	431.0
134.01814001673776	431.0
134.02814062415635	436.0
134.03814123157497	447.0
134.0481418389936	457.0
134.05814244641218	462.0
134.0681430538308	468.0
134.07814366124938	473.0
134.088144268668	468.0
134.0981448760866	468.0
134.1081454835052	457.0
134.11814609092383	447.0
134.12814669834242	436.0
134.13814730576104	431.0
134.14814791317963	431.0
134.15814852059825	436.0
134.16814912801684	452.0
134.17814973543545	462.0
134.18815034285404	473.0
134.19815095027266	484.0
134.20815155769128	490.0
134.21815216510987	496.0
134.2281527725285	490.0
134.23815337994708	484.0
134.2481539873657	473.0
134.2581545947843	462.0
134.2681552022029	452.0
134.27815580962152	436.0
134.2881564170401	436.0
134.29815702445873	436.0
134.30815763187732	452.0
134.31815823929594	462.0
134.32815884671453	473.0
134.33815945413315	490.0
134.34816006155174	496.0
134.35816066897036	501.0
134.36816127638897	490.0
134.37816188380756	468.0
134.38816249122618	441.0
134.39816309864477	426.0
134.4081637060634	426.0
134.41816431348198	412.0
134.4281649209006	380.0
134.43816552831922	380.0
134.4481661357378	384.0
134.45816674315643	389.0
134.46816735057502	393.0
134.47816795799363	398.0
134.48816856541222	402.0
134.49816917283084	402.0
134.50816978024946	402.0
134.51817038766805	402.0
134.52817099508667	398.0
134.53817160250526	389.0
134.54817220992388	358.0
134.55817281734247	0.0
134.56817342476108	0.0
134.57817403217967	412.0
134.5881746395983	426.0
134.5981752470169	436.0
134.6081758544355	441.0
134.61817646185412	447.0
134.6281770692727	452.0
134.63817767669133	452.0
134.64817828410992	452.0
134.65817889152854	452.0
134.66817949894715	452.0
134.67818010636574	452.0
134.68818071378436	452.0
134.69818132120295	452.0
134.70818192862157	447.0
134.71818253604016	447.0
134.72818314345878	441.0
134.73818375087737	441.0
134.748184358296	436.0
134.7581849657146	436.0
134.7681855731332	436.0
134.7781861805518	436.0
134.7881867879704	447.0
134.79818739538902	457.0
134.8081880028076	468.0
134.81818861022623	479.0
134.82818921764485	490.0
134.83818982506344	490.0
134.84819043248206	490.0
134.85819103990065	484.0
134.86819164731926	479.0
134.87819225473785	468.0
134.88819286215647	457.0
134.89819346957506	441.0
134.90819407699368	431.0
134.9181946844123	426.0
134.9281952918309	431.0
134.9381958992495	441.0
134.9481965066681	457.0
134.95819711408672	462.0
134.9681977215053	468.0
134.97819832892392	468.0
134.98819893634254	457.0
134.99819954376113	447.0
135.00820015117975	436.0
135.01820075859834	417.0
135.02820136601696	398.0
135.03820197343555	384.0
135.04820258085417	380.0
135.05820318827278	384.0
135.06820379569137	389.0
135.07820440311	398.0
135.08820501052858	407.0
135.0982056179472	412.0
135.1082062253658	412.0
135.1182068327844	412.0
135.128207440203	412.0
135.13820804762162	407.0
135.14820865504024	402.0
135.15820926245883	393.0
135.16820986987744	384.0
135.17821047729603	375.0
135.18821108471465	371.0
135.19821169213324	371.0
135.20821229955186	380.0
135.21821290697048	398.0
135.22821351438907	417.0
135.2382141218077	436.0
135.24821472922628	452.0
135.2582153366449	462.0
135.26821594406348	468.0
135.2782165514821	473.0
135.2882171589007	468.0
135.2982177663193	457.0
135.30821837373793	447.0
135.31821898115652	421.0
135.32821958857514	426.0
135.33822019599373	417.0
135.34822080341235	393.0
135.35822141083094	375.0
135.36822201824955	354.0
135.37822262566817	334.0
135.38822323308676	323.0
135.39822384050538	316.0
135.40822444792397	316.0
135.4182250553426	323.0
135.42822566276118	331.0
135.4382262701798	342.0
135.44822687759842	350.0
135.458227485017	354.0
135.46822809243562	358.0
135.4782286998542	358.0
135.48822930727283	354.0
135.49822991469142	346.0
135.50823052211004	342.0
135.51823112952863	338.0
135.52823173694725	342.0
135.53823234436587	363.0
135.54823295178446	375.0
135.55823355920307	402.0
135.56823416662166	447.0
135.57823477404028	462.0
135.58823538145887	484.0
135.5982359888775	501.0
135.6082365962961	507.0
135.6182372037147	501.0
135.62823781113332	479.0
135.6382384185519	457.0
135.64823902597053	431.0
135.65823963338912	417.0
135.66824024080773	402.0
135.67824084822632	398.0
135.68824145564494	398.0
135.69824206306356	398.0
135.70824267048215	402.0
135.71824327790077	402.0
135.72824388531936	412.0
135.73824449273798	412.0
135.74824510015657	417.0
135.75824570757518	417.0
135.7682463149938	417.0
135.7782469224124	417.0
135.788247529831	417.0
135.7982481372496	417.0
135.80824874466822	412.0
135.8182493520868	407.0
135.82824995950543	398.0
135.83825056692405	384.0
135.84825117434264	367.0
135.85825178176125	354.0
135.86825238917984	342.0
135.87825299659846	338.0
135.88825360401705	338.0
135.89825421143567	354.0
135.90825481885426	380.0
135.91825542627288	407.0
135.9282560336915	426.0
135.9382566411101	436.0
135.9482572485287	441.0
135.9582578559473	436.0
135.9682584633659	417.0
135.9782590707845	393.0
135.98825967820312	363.0
135.99826028562174	331.0
136.00826089304033	316.0
136.01826150045895	308.0
136.02826210787754	308.0
136.03826271529616	316.0
136.04826332271475	331.0
136.05826393013336	350.0
136.06826453755195	367.0
136.07826514497057	384.0
136.0882657523892	393.0
136.09826635980778	393.0
136.1082669672264	389.0
136.118267574645	380.0
136.1282681820636	363.0
136.1382687894822	331.0
136.14826939690082	308.0
136.15827000431943	278.0
136.16827061173802	268.0
136.17827121915664	265.0
136.18827182657523	262.0
136.19827243399385	262.0
136.20827304141244	265.0
136.21827364883106	265.0
136.22827425624965	268.0
136.23827486366827	268.0
136.24827547108688	265.0
136.25827607850547	259.0
136.2682766859241	245.0
136.27827729334268	242.0
136.2882779007613	245.0
136.2982785081799	256.0
136.3082791155985	265.0
136.31827972301713	272.0
136.32828033043572	272.0
136.33828093785434	275.0
136.34828154527293	272.0
136.35828215269154	268.0
136.36828276011013	265.0
136.37828336752875	268.0
136.38828397494737	298.0
136.39828458236596	316.0
136.40828518978458	334.0
136.41828579720317	367.0
136.4282864046218	371.0
136.43828701204038	371.0
136.448287619459	358.0
136.45828822687758	342.0
136.4682888342962	319.0
136.47828944171482	288.0
136.4882900491334	268.0
136.49829065655203	265.0
136.50829126397062	262.0
136.51829187138924	265.0
136.52829247880783	268.0
136.53829308622645	272.0
136.54829369364506	275.0
136.55829430106365	275.0
136.56829490848227	272.0
136.57829551590086	268.0
136.58829612331948	259.0
136.59829673073807	250.0
136.6082973381567	226.0
136.61829794557528	218.0
136.6282985529939	208.0
136.63829916041252	203.0
136.6482997678311	203.0
136.65830037524972	203.0
136.6683009826683	206.0
136.67830159008693	208.0
136.68830219750552	215.0
136.69830280492414	226.0
136.70830341234276	234.0
136.71830401976135	242.0
136.72830462717997	245.0
136.73830523459856	248.0
136.74830584201717	245.0
136.75830644943576	239.0
136.76830705685438	234.0
136.778307664273	226.0
136.7883082716916	226.0
136.7983088791102	226.0
136.8083094865288	228.0
136.81831009394742	234.0
136.828310701366	239.0
136.83831130878463	245.0
136.84831191620322	248.0
136.85831252362183	248.0
136.86831313104045	245.0
136.87831373845904	239.0
136.88831434587766	231.0
136.89831495329625	220.0
136.90831556071487	210.0
136.91831616813346	201.0
136.92831677555208	196.0
136.9383173829707	194.0
136.94831799038928	194.0
136.9583185978079	194.0
136.9683192052265	196.0
136.9783198126451	196.0
136.9883204200637	199.0
136.99832102748232	199.0
137.0083216349009	201.0
137.01832224231953	199.0
137.02832284973815	199.0
137.03832345715674	196.0
137.04832406457535	192.0
137.05832467199394	187.0
137.06832527941256	187.0
137.07832588683115	194.0
137.08832649424977	199.0
137.0983271016684	208.0
137.10832770908698	215.0
137.1183283165056	223.0
137.1283289239242	231.0
137.1383295313428	234.0
137.1483301387614	236.0
137.15833074618	239.0
137.16833135359863	239.0
137.17833196101722	242.0
137.18833256843584	242.0
137.19833317585443	239.0
137.20833378327305	236.0
137.21833439069164	226.0
137.22833499811026	220.0
137.23833560552885	215.0
137.24833621294746	210.0
137.25833682036608	208.0
137.26833742778467	210.0
137.2783380352033	218.0
137.28833864262188	236.0
137.2983392500405	250.0
137.3083398574591	291.0
137.3183404648777	298.0
137.32834107229633	305.0
137.33834167971492	305.0
137.34834228713353	298.0
137.35834289455212	256.0
137.36834350197074	245.0
137.37834410938933	234.0
137.38834471680795	215.0
137.39834532422654	208.0
137.40834593164516	203.0
137.41834653906378	203.0
137.42834714648237	208.0
137.43834775390098	213.0
137.44834836131957	223.0
137.4583489687382	231.0
137.46834957615678	242.0
137.4783501835754	250.0
137.48835079099402	262.0
137.4983513984126	272.0
137.50835200583123	275.0
137.51835261324982	275.0
137.52835322066844	272.0
137.53835382808703	265.0
137.54835443550564	262.0
137.55835504292423	265.0
137.56835565034285	265.0
137.57835625776147	265.0
137.58835686518006	265.0
137.59835747259868	265.0
137.60835808001727	265.0
137.6183586874359	265.0
137.62835929485448	265.0
137.6383599022731	265.0
137.6483605096917	268.0
137.6583611171103	268.0
137.66836172452892	265.0
137.6783623319475	265.0
137.68836293936613	262.0
137.69836354678472	256.0
137.70836415420334	253.0
137.71836476162196	245.0
137.72836536904055	236.0
137.73836597645916	228.0
137.74836658387775	223.0
137.75836719129637	220.0
137.76836779871496	220.0
137.77836840613358	220.0
137.78836901355217	220.0
137.7983696209708	223.0
137.8083702283894	223.0
137.818370835808	223.0
137.82837144322662	220.0
137.8383720506452	218.0
137.84837265806382	215.0
137.8583732654824	215.0
137.86837387290103	218.0
137.87837448031965	223.0
137.88837508773824	226.0
137.89837569515686	228.0
137.90837630257545	234.0
137.91837690999407	239.0
137.92837751741266	245.0
137.93837812483127	248.0
137.94837873224986	250.0
137.95837933966848	248.0
137.9683799470871	242.0
137.9783805545057	234.0
137.9883811619243	223.0
137.9983817693429	196.0
138.00838237676152	196.0
138.0183829841801	196.0
138.02838359159873	201.0
138.03838419901734	203.0
138.04838480643593	203.0
138.05838541385455	206.0
138.06838602127314	206.0
138.07838662869176	206.0
138.08838723611035	203.0
138.09838784352897	203.0
138.1083884509476	203.0
138.11838905836618	201.0
138.1283896657848	199.0
138.13839027320338	199.0
138.148390880622	194.0
138.1583914880406	187.0
138.1683920954592	185.0
138.1783927028778	190.0
138.18839331029642	199.0
138.19839391771504	206.0
138.20839452513363	213.0
138.21839513255225	220.0
138.22839573997084	226.0
138.23839634738945	228.0
138.24839695480804	228.0
138.25839756222666	231.0
138.26839816964528	231.0
138.27839877706387	231.0
138.2883993844825	226.0
138.29839999190108	218.0
138.3084005993197	215.0
138.3184012067383	215.0
138.3284018141569	215.0
138.3384024215755	215.0
138.3484030289941	215.0
138.35840363641273	215.0
138.36840424383132	215.0
138.37840485124994	218.0
138.38840545866853	220.0
138.39840606608715	226.0
138.40840667350574	236.0
138.41840728092436	245.0
138.42840788834297	259.0
138.43840849576156	265.0
138.44840910318018	265.0
138.45840971059877	259.0
138.4684103180174	253.0
138.47841092543598	248.0
138.4884115328546	245.0
138.49841214027322	239.0
138.5084127476918	231.0
138.51841335511043	226.0
138.52841396252902	220.0
138.53841456994763	220.0
138.54841517736622	226.0
138.55841578478484	231.0
138.56841639220343	242.0
138.57841699962205	248.0
138.58841760704067	253.0
138.59841821445926	259.0
138.60841882187788	262.0
138.61841942929647	259.0
138.62842003671508	250.0
138.63842064413367	245.0
138.6484212515523	234.0
138.6584218589709	220.0
138.6684224663895	208.0
138.67842307380812	199.0
138.6884236812267	194.0
138.69842428864533	192.0
138.70842489606392	192.0
138.71842550348254	194.0
138.72842611090113	194.0
138.73842671831974	196.0
138.74842732573836	199.0
138.75842793315695	199.0
138.76842854057557	199.0
138.77842914799416	196.0
138.78842975541278	192.0
138.79843036283137	187.0
138.80843097025	185.0
138.8184315776686	187.0
138.8284321850872	194.0
138.8384327925058	201.0
138.8484333999244	210.0
138.85843400734302	218.0
138.8684346147616	226.0
138.87843522218023	234.0
138.88843582959882	236.0
138.89843643701744	236.0
138.90843704443606	231.0
138.91843765185465	223.0
138.92843825927326	218.0
138.93843886669185	0.0
138.94843947411047	0.0
138.95844008152906	0.0
138.96844068894768	0.0
138.9784412963663	0.0
138.9884419037849	206.0
138.9984425112035	206.0
139.0084431186221	206.0
139.01844372604072	203.0
139.0284443334593	203.0
139.03844494087792	201.0
139.04844554829654	201.0
139.05844615571513	201.0
139.06844676313375	201.0
139.07844737055234	199.0
139.08844797797096	199.0
139.09844858538955	196.0
139.10844919280817	190.0
139.11844980022676	181.0
139.12845040764537	0.0
139.138451015064	0.0
139.14845162248258	0.0
139.1584522299012	0.0
139.1684528373198	0.0
139.1784534447384	0.0
139.188454052157	0.0
139.19845465957562	0.0
139.20845526699424	0.0
139.21845587441283	0.0
139.22845648183144	0.0
139.23845708925003	0.0
139.24845769666865	177.0
139.25845830408724	179.0
139.26845891150586	179.0
139.27845951892445	179.0
139.28846012634307	179.0
139.2984607337617	177.0
139.30846134118028	0.0
139.3184619485989	0.0
139.32846255601748	0.0
139.3384631634361	0.0
139.3484637708547	0.0
139.3584643782733	0.0
139.36846498569193	0.0
139.37846559311052	0.0
139.38846620052914	0.0
139.39846680794773	0.0
139.40846741536635	0.0
139.41846802278494	0.0
139.42846863020355	0.0
139.43846923762217	0.0
139.44846984504076	0.0
139.45847045245938	0.0
139.46847105987797	206.0
139.4784716672966	203.0
139.48847227471518	199.0
139.4984728821338	192.0
139.5084734895524	187.0
139.518474096971	183.0
139.52847470438962	167.0
139.5384753118082	0.0
139.54847591922683	0.0
139.55847652664542	0.0
139.56847713406404	0.0
139.57847774148263	0.0
139.58847834890125	0.0
139.59847895631987	203.0
139.60847956373846	206.0
139.61848017115707	206.0
139.62848077857566	203.0
139.63848138599428	203.0
139.64848199341287	203.0
139.6584826008315	203.0
139.66848320825008	203.0
139.6784838156687	201.0
139.68848442308732	196.0
139.6984850305059	194.0
139.70848563792453	190.0
139.71848624534312	0.0
139.72848685276173	0.0
139.73848746018032	0.0
139.74848806759894	0.0
139.75848867501756	0.0
139.76848928243615	0.0
139.77848988985477	0.0
139.78849049727336	0.0
139.79849110469198	0.0
139.80849171211057	201.0
139.81849231952918	201.0
139.8284929269478	201.0
139.8384935343664	199.0
139.848494141785	190.0
139.8584947492036	181.0
139.86849535662222	173.0
139.8784959640408	173.0
139.88849657145943	201.0
139.89849717887802	203.0
139.90849778629664	203.0
139.91849839371525	206.0
139.92849900113384	206.0
139.93849960855246	208.0
139.94850021597105	208.0
139.95850082338967	206.0
139.96850143080826	206.0
139.97850203822688	203.0
139.9885026456455	201.0
139.9985032530641	199.0
140.0085038604827	196.0
140.0185044679013	194.0
140.0285050753199	192.0
140.0385056827385	194.0
140.04850629015712	201.0
140.0585068975757	210.0
140.06850750499433	220.0
140.07850811241295	228.0
140.08850871983154	234.0
140.09850932725016	0.0
140.10850993466875	0.0
140.11851054208736	0.0
140.12851114950595	0.0
140.13851175692457	0.0
140.1485123643432	0.0
140.15851297176178	0.0
140.1685135791804	0.0
140.178514186599	0.0
140.1885147940176	0.0
140.1985154014362	0.0
140.20851600885482	0.0
140.2185166162734	0.0
140.22851722369202	0.0
140.23851783111064	0.0
140.24851843852923	0.0
140.25851904594785	0.0
140.26851965336644	0.0
140.27852026078506	0.0
140.28852086820365	0.0
140.29852147562227	0.0
140.30852208304088	0.0
140.31852269045947	0.0
140.3285232978781	0.0
140.33852390529668	0.0
140.3485245127153	0.0
140.3585251201339	0.0
140.3685257275525	0.0
140.37852633497113	0.0
140.38852694238972	0.0
140.39852754980834	0.0
140.40852815722693	0.0
140.41852876464554	0.0
140.42852937206413	0.0
140.43852997948275	0.0
140.44853058690134	215.0
140.45853119431996	215.0
140.46853180173858	218.0
140.47853240915717	220.0
140.4885330165758	223.0
140.49853362399438	226.0
140.508534231413	226.0
140.51853483883158	223.0
140.5285354462502	223.0
140.53853605366882	220.0
140.5485366610874	218.0
140.55853726850603	218.0
140.56853787592462	213.0
140.57853848334324	208.0
140.58853909076183	201.0
140.59853969818045	199.0
140.60854030559904	201.0
140.61854091301765	203.0
140.62854152043627	210.0
140.63854212785486	215.0
140.64854273527348	226.0
140.65854334269207	234.0
140.6685439501107	242.0
140.67854455752928	250.0
140.6885451649479	253.0
140.69854577236651	250.0
140.7085463797851	245.0
140.71854698720372	234.0
140.7285475946223	223.0
140.73854820204093	190.0
140.74854880945952	183.0
140.75854941687814	183.0
140.76855002429676	187.0
140.77855063171535	192.0
140.78855123913397	194.0
140.79855184655256	196.0
140.80855245397117	196.0
140.81855306138976	196.0
140.82855366880838	199.0
140.83855427622697	201.0
140.8485548836456	203.0
140.8585554910642	203.0
140.8685560984828	201.0
140.87855670590142	199.0
140.88855731332	194.0
140.89855792073863	190.0
140.90855852815722	185.0
140.91855913557583	185.0
140.92855974299445	190.0
140.93856035041304	196.0
140.94856095783166	206.0
140.95856156525025	220.0
140.96856217266887	231.0
140.97856278008746	236.0
140.98856338750608	236.0
140.99856399492467	236.0
141.00856460234328	234.0
141.0185652097619	231.0
141.0285658171805	226.0
141.0385664245991	223.0
141.0485670320177	215.0
141.05856763943632	208.0
141.0685682468549	206.0
141.07856885427353	203.0
141.08856946169215	201.0
141.09857006911074	203.0
141.10857067652935	206.0
141.11857128394794	210.0
141.12857189136656	218.0
141.13857249878515	231.0
141.14857310620377	239.0
141.1585737136224	245.0
141.16857432104098	253.0
141.1785749284596	265.0
141.1885755358782	275.0
141.1985761432968	281.0
141.2085767507154	281.0
141.218577358134	281.0
141.2285779655526	278.0
141.23857857297122	275.0
141.24857918038984	268.0
141.25857978780843	268.0
141.26858039522705	265.0
141.27858100264564	265.0
141.28858161006426	265.0
141.29858221748285	265.0
141.30858282490146	265.0
141.31858343232008	265.0
141.32858403973867	268.0
141.3385846471573	268.0
141.34858525457588	272.0
141.3585858619945	275.0
141.3685864694131	275.0
141.3785870768317	275.0
141.3885876842503	272.0
141.39858829166891	265.0
141.40858889908753	256.0
141.41858950650612	250.0
141.42859011392474	253.0
141.43859072134333	259.0
141.44859132876195	262.0
141.45859193618054	265.0
141.46859254359916	272.0
141.47859315101778	278.0
141.48859375843637	298.0
141.49859436585498	316.0
141.50859497327357	338.0
141.5185955806922	354.0
141.52859618811078	371.0
141.5385967955294	389.0
141.548597402948	393.0
141.5585980103666	389.0
141.56859861778523	371.0
141.57859922520382	323.0
141.58859983262244	298.0
141.59860044004103	281.0
141.60860104745964	272.0
141.61860165487823	265.0
141.62860226229685	262.0
141.63860286971547	262.0
141.64860347713406	268.0
141.65860408455268	272.0
141.66860469197127	275.0
141.6786052993899	278.0
141.68860590680848	275.0
141.6986065142271	275.0
141.7086071216457	268.0
141.7186077290643	265.0
141.72860833648292	253.0
141.7386089439015	228.0
141.74860955132013	215.0
141.75861015873872	208.0
141.76861076615734	203.0
141.77861137357593	203.0
141.78861198099455	203.0
141.79861258841316	206.0
141.80861319583175	210.0
141.81861380325037	218.0
141.82861441066896	226.0
141.83861501808758	236.0
141.84861562550617	242.0
141.8586162329248	242.0
141.8686168403434	239.0
141.878617447762	234.0
141.88861805518061	223.0
141.8986186625992	218.0
141.90861927001782	215.0
141.9186198774364	220.0
141.92862048485503	226.0
141.93862109227362	234.0
141.94862169969224	239.0
141.95862230711086	245.0
141.96862291452945	248.0
141.97862352194807	250.0
141.98862412936666	250.0
141.99862473678527	245.0
142.00862534420386	239.0
142.01862595162248	234.0
142.0286265590411	196.0
142.0386271664597	181.0
142.0486277738783	181.0
142.0586283812969	203.0
142.06862898871552	201.0
142.0786295961341	201.0
142.08863020355273	201.0
142.09863081097134	201.0
142.10863141838993	201.0
142.11863202580855	203.0
142.12863263322714	203.0
142.13863324064576	206.0
142.14863384806435	206.0
142.15863445548297	203.0
142.16863506290156	201.0
142.17863567032018	199.0
142.1886362777388	196.0
142.19863688515738	196.0
142.208637492576	199.0
142.2186380999946	201.0
142.2286387074132	210.0
142.2386393148318	215.0
142.24863992225042	218.0
142.25864052966904	220.0
142.26864113708763	223.0
142.27864174450625	223.0
142.28864235192484	223.0
142.29864295934345	226.0
142.30864356676204	226.0
142.31864417418066	226.0
142.32864478159925	226.0
142.33864538901787	223.0
142.3486459964365	206.0
142.35864660385508	203.0
142.3686472112737	203.0
142.3786478186923	206.0
142.3886484261109	208.0
142.3986490335295	215.0
142.4086496409481	231.0
142.41865024836673	245.0
142.42865085578532	262.0
142.43865146320394	278.0
142.44865207062253	294.0
142.45865267804115	298.0
142.46865328545974	294.0
142.47865389287836	288.0
142.48865450029697	236.0
142.49865510771556	218.0
142.50865571513418	203.0
142.51865632255277	199.0
142.5286569299714	196.0
142.53865753738998	196.0
142.5486581448086	199.0
142.5586587522272	206.0
142.5686593596458	218.0
142.57865996706443	234.0
142.58866057448301	245.0
142.59866118190163	256.0
142.60866178932022	265.0
142.61866239673884	275.0
142.62866300415743	278.0
142.63866361157605	275.0
142.64866421899467	268.0
142.65866482641326	256.0
142.66866543383188	250.0
142.67866604125047	248.0
142.68866664866908	253.0
142.69866725608767	265.0
142.7086678635063	272.0
142.71866847092488	272.0
142.7286690783435	268.0
142.73866968576212	268.0
142.7486702931807	268.0
142.75867090059933	272.0
142.76867150801792	272.0
142.77867211543654	275.0
142.78867272285513	275.0
142.79867333027374	272.0
142.80867393769236	268.0
142.81867454511095	262.0
142.82867515252957	253.0
142.83867575994816	250.0
142.84867636736678	236.0
142.85867697478537	215.0
142.868677582204	210.0
142.87867818962258	208.0
142.8886787970412	239.0
142.8986794044598	250.0
142.9086800118784	262.0
142.91868061929702	291.0
142.9286812267156	308.0
142.93868183413423	316.0
142.94868244155282	319.0
142.95868304897144	316.0
142.96868365639006	298.0
142.97868426380865	259.0
142.98868487122726	248.0
142.99868547864585	223.0
143.00868608606447	210.0
143.01868669348306	206.0
143.02868730090168	203.0
143.0386879083203	206.0
143.0486885157389	208.0
143.0586891231575	213.0
143.0686897305761	226.0
143.07869033799471	239.0
143.0886909454133	250.0
143.09869155283192	262.0
143.1086921602505	272.0
143.11869276766913	272.0
143.12869337508775	268.0
143.13869398250634	262.0
143.14869458992496	256.0
143.15869519734355	259.0
143.16869580476217	265.0
143.17869641218076	272.0
143.18869701959937	291.0
143.198697627018	308.0
143.20869823443658	327.0
143.2186988418552	342.0
143.2286994492738	354.0
143.2387000566924	354.0
143.248700664111	350.0
143.25870127152962	338.0
143.2687018789482	327.0
143.27870248636683	245.0
143.28870309378544	236.0
143.29870370120403	234.0
143.30870430862265	236.0
143.31870491604124	242.0
143.32870552345986	250.0
143.33870613087845	259.0
143.34870673829707	265.0
143.3587073457157	272.0
143.36870795313428	265.0
143.3787085605529	272.0
143.38870916797148	275.0
143.3987097753901	278.0
143.4087103828087	281.0
143.4187109902273	281.0
143.42871159764593	281.0
143.43871220506452	281.0
143.44871281248314	275.0
143.45871341990173	256.0
143.46871402732035	301.0
143.47871463473894	323.0
143.48871524215755	342.0
143.49871584957614	350.0
143.50871645699476	358.0
143.51871706441338	363.0
143.52871767183197	363.0
143.5387182792506	358.0
143.54871888666918	354.0
143.5587194940878	350.0
143.5687201015064	338.0
143.578720708925	331.0
143.58872131634362	319.0
143.5987219237622	316.0
143.60872253118083	0.0
143.61872313859942	0.0
143.62872374601804	0.0
143.63872435343663	0.0
143.64872496085525	0.0
143.65872556827384	417.0
143.66872617569246	421.0
143.67872678311107	421.0
143.68872739052966	417.0
143.69872799794828	412.0
143.70872860536687	371.0
143.7187292127855	358.0
143.72872982020408	0.0
143.7387304276227	0.0
143.74873103504132	0.0
143.7587316424599	0.0
143.76873224987852	0.0
143.77873285729711	0.0
143.78873346471573	0.0
143.79873407213432	0.0
143.80873467955294	0.0
143.81873528697156	0.0
143.82873589439015	0.0
143.83873650180877	0.0
143.84873710922736	0.0
143.85873771664598	0.0
143.86873832406457	0.0
143.87873893148318	0.0
143.88873953890177	0.0
143.8987401463204	0.0
143.908740753739	0.0
143.9187413611576	0.0
143.92874196857622	0.0
143.9387425759948	0.0
143.94874318341343	0.0
143.95874379083202	0.0
143.96874439825064	0.0
143.97874500566925	0.0
143.98874561308784	0.0
143.99874622050646	0.0
144.00874682792505	0.0
144.01874743534367	389.0
144.02874804276226	447.0
144.03874865018088	452.0
144.04874925759947	457.0
144.0587498650181	457.0
144.0687504724367	462.0
144.0787510798553	457.0
144.0887516872739	457.0
144.0987522946925	457.0
144.10875290211112	457.0
144.1187535095297	452.0
144.12875411694833	447.0
144.13875472436695	441.0
144.14875533178554	431.0
144.15875593920416	417.0
144.16875654662275	452.0
144.17875715404136	457.0
144.18875776145995	462.0
144.19875836887857	468.0
144.20875897629716	473.0
144.21875958371578	479.0
144.2287601911344	479.0
144.238760798553	484.0
144.2487614059716	479.0
144.2587620133902	473.0
144.26876262080881	468.0
144.2787632282274	452.0
144.28876383564602	389.0
144.29876444306464	371.0
144.30876505048323	363.0
144.31876565790185	338.0
144.32876626532044	350.0
144.33876687273906	380.0
144.34876748015765	393.0
144.35876808757627	402.0
144.36876869499488	412.0
144.37876930241347	421.0
144.3887699098321	421.0
144.39877051725068	426.0
144.4087711246693	426.0
144.4187717320879	421.0
144.4287723395065	421.0
144.4387729469251	417.0
144.44877355434372	412.0
144.45877416176234	363.0
144.46877476918092	371.0
144.47877537659954	407.0
144.48877598401813	412.0
144.49877659143675	421.0
144.50877719885534	431.0
144.51877780627396	447.0
144.52877841369258	457.0
144.53877902111117	468.0
144.5487796285298	473.0
144.55878023594838	479.0
144.568780843367	479.0
144.57878145078558	479.0
144.5887820582042	473.0
144.5987826656228	468.0
144.6087832730414	468.0
144.61878388046003	457.0
144.62878448787862	457.0
144.63878509529724	457.0
144.64878570271583	462.0
144.65878631013445	457.0
144.66878691755304	452.0
144.67878752497165	452.0
144.68878813239027	457.0
144.69878873980886	462.0
144.70878934722748	473.0
144.71878995464607	479.0
144.7287905620647	484.0
144.73879116948328	490.0
144.7487917769019	484.0
144.75879238432051	468.0
144.7687929917391	457.0
144.77879359915772	447.0
144.7887942065763	441.0
144.79879481399493	441.0
144.80879542141352	452.0
144.81879602883214	462.0
144.82879663625073	484.0
144.83879724366935	507.0
144.84879785108797	525.0
144.85879845850656	537.0
144.86879906592517	550.0
144.87879967334376	563.0
144.88880028076238	569.0
144.89880088818097	563.0
144.9088014955996	550.0
144.9188021030182	462.0
144.9288027104368	426.0
144.93880331785542	407.0
144.948803925274	407.0
144.95880453269262	407.0
144.96880514011121	417.0
144.97880574752983	436.0
144.98880635494842	462.0
144.99880696236704	484.0
145.00880756978566	507.0
145.01880817720425	519.0
145.02880878462287	525.0
145.03880939204146	525.0
145.04880999946008	525.0
145.05881060687867	519.0
145.06881121429728	513.0
145.0788118217159	496.0
145.0888124291345	462.0
145.0988130365531	457.0
145.1088136439717	452.0
145.11881425139032	452.0
145.1288148588089	452.0
145.13881546622753	452.0
145.14881607364612	452.0
145.15881668106474	452.0
145.16881728848335	457.0
145.17881789590194	457.0
145.18881850332056	457.0
145.19881911073915	457.0
145.20881971815777	431.0
145.21882032557636	426.0
145.22882093299498	431.0
145.2388215404136	452.0
145.2488221478322	457.0
145.2588227552508	462.0
145.2688233626694	462.0
145.278823970088	462.0
145.2888245775066	462.0
145.29882518492522	462.0
145.30882579234384	462.0
145.31882639976243	462.0
145.32882700718105	462.0
145.33882761459964	462.0
145.34882822201826	457.0
145.35882882943685	457.0
145.36882943685546	457.0
145.37883004427405	452.0
145.38883065169267	452.0
145.3988312591113	447.0
145.40883186652988	447.0
145.4188324739485	441.0
145.4288330813671	441.0
145.4388336887857	447.0
145.4488342962043	457.0
145.45883490362291	468.0
145.46883551104153	479.0
145.47883611846012	496.0
145.48883672587874	507.0
145.49883733329733	513.0
145.50883794071595	519.0
145.51883854813454	525.0
145.52883915555316	473.0
145.53883976297175	457.0
145.54884037039037	441.0
145.55884097780898	431.0
145.56884158522757	431.0
145.5788421926462	447.0
145.58884280006478	468.0
145.5988434074834	484.0
145.608844014902	513.0
145.6188446223206	531.0
145.62884522973923	537.0
145.63884583715782	531.0
145.64884644457644	525.0
145.65884705199502	513.0
145.66884765941364	447.0
145.67884826683223	431.0
145.68884887425085	421.0
145.69884948166947	407.0
145.70885008908806	375.0
145.71885069650668	375.0
145.72885130392527	384.0
145.7388519113439	398.0
145.74885251876248	407.0
145.7588531261811	417.0
145.76885373359968	421.0
145.7788543410183	426.0
145.78885494843692	426.0
145.7988555558555	426.0
145.80885616327413	417.0
145.81885677069272	407.0
145.82885737811134	393.0
145.83885798552993	367.0
145.84885859294855	327.0
145.85885920036716	316.0
145.86885980778575	305.0
145.87886041520437	294.0
145.88886102262296	288.0
145.89886163004158	288.0
145.90886223746017	291.0
145.9188628448788	331.0
145.92886345229738	346.0
145.938864059716	358.0
145.94886466713461	384.0
145.9588652745532	389.0
145.96886588197182	389.0
145.9788664893904	384.0
145.98886709680903	350.0
145.99886770422762	338.0
146.00886831164624	327.0
146.01886891906486	323.0
146.02886952648345	323.0
146.03887013390207	331.0
146.04887074132066	350.0
146.05887134873927	398.0
146.06887195615786	431.0
146.07887256357648	462.0
146.0888731709951	490.0
146.0988737784137	496.0
146.1088743858323	496.0
146.1188749932509	468.0
146.12887560066952	447.0
146.1388762080881	417.0
146.14887681550672	371.0
146.15887742292531	363.0
146.16887803034393	367.0
146.17887863776255	384.0
146.18887924518114	398.0
146.19887985259976	407.0
146.20888046001835	412.0
146.21888106743697	417.0
146.22888167485556	412.0
146.23888228227418	402.0
146.2488828896928	363.0
146.25888349711138	0.0
146.26888410453	0.0
146.2788847119486	0.0
146.2888853193672	0.0
146.2988859267858	0.0
146.30888653420442	0.0
146.318887141623	0.0
146.32888774904163	0.0
146.33888835646025	0.0
146.34888896387884	0.0
146.35888957129745	0.0
146.36889017871604	0.0
146.37889078613466	0.0
146.38889139355325	0.0
146.39889200097187	0.0
146.4088926083905	0.0
146.41889321580908	0.0
146.4288938232277	0.0
146.4388944306463	0.0
146.4488950380649	0.0
146.4588956454835	275.0
146.4688962529021	275.0
146.4788968603207	281.0
146.48889746773932	298.0
146.49889807515794	323.0
146.50889868257653	331.0
146.51889928999515	342.0
146.52889989741374	354.0
146.53890050483236	363.0
146.54890111225095	367.0
146.55890171966956	367.0
146.56890232708818	358.0
146.57890293450677	350.0
146.5889035419254	342.0
146.59890414934398	291.0
146.6089047567626	268.0
146.6189053641812	259.0
146.6289059715998	256.0
146.63890657901842	256.0
146.64890718643701	256.0
146.65890779385563	259.0
146.66890840127422	265.0
146.67890900869284	268.0
146.68890961611143	275.0
146.69891022353005	278.0
146.70891083094864	278.0
146.71891143836726	278.0
146.72891204578588	272.0
146.73891265320447	262.0
146.74891326062308	253.0
146.75891386804167	242.0
146.7689144754603	228.0
146.77891508287888	215.0
146.7889156902975	210.0
146.79891629771612	210.0
146.8089169051347	213.0
146.81891751255333	215.0
146.82891811997192	220.0
146.83891872739053	226.0
146.84891933480912	234.0
146.85891994222774	242.0
146.86892054964633	245.0
146.87892115706495	248.0
146.88892176448357	248.0
146.89892237190216	245.0
146.90892297932078	234.0
146.91892358673937	213.0
146.928924194158	210.0
146.93892480157658	215.0
146.9489254089952	223.0
146.9589260164138	234.0
146.9689266238324	242.0
146.97892723125102	250.0
146.9889278386696	256.0
146.99892844608823	259.0
147.00892905350682	256.0
147.01892966092544	253.0
147.02893026834406	248.0
147.03893087576265	228.0
147.04893148318126	0.0
147.05893209059985	0.0
147.06893269801847	0.0
147.07893330543706	0.0
147.08893391285568	0.0
147.09893452027427	0.0
147.1089351276929	206.0
147.1189357351115	206.0
147.1289363425301	203.0
147.13893694994871	201.0
147.1489375573673	199.0
147.15893816478592	199.0
147.1689387722045	199.0
147.17893937962313	199.0
147.18893998704175	199.0
147.19894059446034	199.0
147.20894120187896	201.0
147.21894180929755	201.0
147.22894241671617	199.0
147.23894302413476	192.0
147.24894363155337	181.0
147.25894423897196	179.0
147.26894484639058	177.0
147.2789454538092	179.0
147.2889460612278	187.0
147.2989466686464	196.0
147.308947276065	203.0
147.31894788348362	218.0
147.3289484909022	223.0
147.33894909832082	226.0
147.34894970573944	226.0
147.35895031315803	226.0
147.36895092057665	223.0
147.37895152799524	223.0
147.38895213541386	223.0
147.39895274283245	223.0
147.40895335025107	223.0
147.4189539576697	223.0
147.42895456508828	223.0
147.4389551725069	223.0
147.44895577992548	223.0
147.4589563873441	223.0
147.4689569947627	226.0
147.4789576021813	226.0
147.4889582095999	228.0
147.49895881701852	228.0
147.50895942443714	231.0
147.51896003185573	231.0
147.52896063927435	231.0
147.53896124669293	231.0
147.54896185411155	231.0
147.55896246153014	231.0
147.56896306894876	231.0
147.57896367636738	231.0
147.58896428378597	231.0
147.5989648912046	231.0
147.60896549862318	231.0
147.6189661060418	231.0
147.6289667134604	0.0
147.638967320879	0.0
147.6489679282976	228.0
147.6589685357162	228.0
147.66896914313483	228.0
147.67896975055342	228.0
147.68897035797204	228.0
147.69897096539063	228.0
147.70897157280925	228.0
147.71897218022784	0.0
147.72897278764646	0.0
147.73897339506507	226.0
147.74897400248366	226.0
147.75897460990228	226.0
147.76897521732087	226.0
147.7789758247395	0.0
147.78897643215808	228.0
147.7989770395767	228.0
147.8089776469953	228.0
147.8189782544139	228.0
147.82897886183252	228.0
147.83897946925111	226.0
147.84898007666973	226.0
147.85898068408832	226.0
147.86898129150694	223.0
147.87898189892553	223.0
147.88898250634415	223.0
147.89898311376277	220.0
147.90898372118136	218.0
147.91898432859998	215.0
147.92898493601857	213.0
147.93898554343718	210.0
147.94898615085577	208.0
147.9589867582744	206.0
147.968987365693	206.0
147.9789879731116	206.0
147.98898858053022	208.0
147.9989891879488	208.0
148.00898979536743	210.0
148.01899040278602	215.0
148.02899101020463	218.0
148.03899161762322	223.0
148.04899222504184	226.0
148.05899283246046	228.0
148.06899343987905	228.0
148.07899404729767	228.0
148.08899465471626	228.0
148.09899526213488	226.0
148.10899586955347	226.0
148.1189964769721	226.0
148.1289970843907	226.0
148.1389976918093	226.0
148.1489982992279	226.0
148.1589989066465	226.0
148.16899951406512	226.0
148.1790001214837	226.0
148.18900072890233	226.0
148.19900133632092	226.0
148.20900194373954	226.0
148.21900255115816	228.0
148.22900315857675	228.0
148.23900376599536	228.0
148.24900437341395	228.0
148.25900498083257	228.0
148.26900558825116	228.0
148.27900619566978	226.0
148.2890068030884	226.0
148.299007410507	226.0
148.3090080179256	223.0
148.3190086253442	223.0
148.32900923276281	220.0
148.3390098401814	218.0
148.34901044760002	215.0
148.35901105501864	215.0
148.36901166243723	215.0
148.37901226985585	220.0
148.38901287727444	228.0
148.39901348469306	236.0
148.40901409211165	248.0
148.41901469953027	259.0
148.42901530694886	272.0
148.43901591436747	278.0
148.4490165217861	278.0
148.45901712920468	278.0
148.4690177366233	272.0
148.4790183440419	265.0
148.4890189514605	272.0
148.4990195588791	265.0
148.50902016629772	259.0
148.51902077371633	253.0
148.52902138113492	245.0
148.53902198855354	236.0
148.54902259597213	231.0
148.55902320339075	228.0
148.56902381080934	226.0
148.57902441822796	223.0
148.58902502564655	223.0
148.59902563306517	220.0
148.6090262404838	220.0
148.61902684790238	218.0
148.629027455321	215.0
148.63902806273958	213.0
148.6490286701582	213.0
148.6590292775768	210.0
148.6690298849954	210.0
148.67903049241403	213.0
148.68903109983262	218.0
148.69903170725124	226.0
148.70903231466983	234.0
148.71903292208845	242.0
148.72903352950703	253.0
148.73903413692565	262.0
148.74903474434427	272.0
148.75903535176286	275.0
148.76903595918148	272.0
148.77903656660007	272.0
148.7890371740187	268.0
148.79903778143728	265.0
148.8090383888559	265.0
148.8190389962745	262.0
148.8290396036931	259.0
148.83904021111172	256.0
148.8490408185303	250.0
148.85904142594893	248.0
148.86904203336752	248.0
148.87904264078614	245.0
148.88904324820473	242.0
148.89904385562335	239.0
148.90904446304197	239.0
148.91904507046056	236.0
148.92904567787917	236.0
148.93904628529776	239.0
148.94904689271638	242.0
148.95904750013497	250.0
148.9690481075536	259.0
148.97904871497218	268.0
148.9890493223908	278.0
148.99904992980942	288.0
149.009050537228	294.0
149.01905114464662	298.0
149.02905175206521	298.0
149.03905235948383	291.0
149.04905296690242	284.0
149.05905357432104	265.0
149.06905418173966	248.0
149.07905478915825	236.0
149.08905539657687	231.0
149.09905600399546	226.0
149.10905661141408	226.0
149.11905721883267	223.0
149.12905782625128	220.0
149.13905843366987	220.0
149.1490590410885	220.0
149.1590596485071	223.0
149.1690602559257	223.0
149.17906086334432	223.0
149.1890614707629	226.0
149.19906207818153	226.0
149.20906268560012	226.0
149.21906329301873	226.0
149.22906390043735	226.0
149.23906450785594	226.0
149.24906511527456	226.0
149.25906572269315	226.0
149.26906633011177	226.0
149.27906693753036	228.0
149.28906754494898	228.0
149.2990681523676	228.0
149.3090687597862	228.0
149.3190693672048	228.0
149.3290699746234	228.0
149.339070582042	226.0
149.3490711894606	226.0
149.35907179687922	223.0
149.3690724042978	220.0
149.37907301171643	215.0
149.38907361913505	208.0
149.39907422655364	203.0
149.40907483397226	201.0
149.41907544139085	196.0
149.42907604880946	196.0
149.43907665622805	196.0
149.44907726364667	199.0
149.4590778710653	199.0
149.46907847848388	201.0
149.4790790859025	201.0
149.4890796933211	203.0
149.4990803007397	203.0
149.5090809081583	203.0
149.51908151557691	203.0
149.5290821229955	203.0
149.53908273041412	203.0
149.54908333783274	201.0
149.55908394525133	201.0
149.56908455266995	199.0
149.57908516008854	199.0
149.58908576750716	199.0
149.59908637492575	199.0
149.60908698234437	199.0
149.61908758976298	199.0
149.62908819718157	199.0
149.6390888046002	199.0
149.64908941201878	201.0
149.6590900194374	0.0
149.669090626856	0.0
149.6790912342746	0.0
149.68909184169323	0.0
149.69909244911182	0.0
149.70909305653043	0.0
149.71909366394902	0.0
149.72909427136764	0.0
149.73909487878623	0.0
149.74909548620485	0.0
149.75909609362344	0.0
149.76909670104206	0.0
149.77909730846068	0.0
149.78909791587927	0.0
149.79909852329789	0.0
149.80909913071648	0.0
149.8190997381351	0.0
149.82910034555368	0.0
149.8391009529723	0.0
149.84910156039092	0.0
149.8591021678095	0.0
149.86910277522813	0.0
149.87910338264672	0.0
149.88910399006534	0.0
149.89910459748393	0.0
149.90910520490254	0.0
149.91910581232113	0.0
149.92910641973975	0.0
149.93910702715837	0.0
149.94910763457696	0.0
149.95910824199558	0.0
149.96910884941417	0.0
149.9791094568328	0.0
149.98911006425138	0.0
149.99911067167	0.0
150.00911127908861	0.0
150.0191118865072	0.0
150.02911249392582	0.0
150.0391131013444	0.0
150.04911370876303	0.0
150.05911431618162	0.0
150.06911492360024	0.0
150.07911553101886	0.0
150.08911613843745	0.0
150.09911674585607	0.0
150.10911735327466	0.0
150.11911796069327	0.0
150.12911856811186	0.0
150.13911917553048	0.0
150.14911978294907	0.0
150.1591203903677	0.0
150.1691209977863	0.0
150.1791216052049	206.0
150.18912221262352	203.0
150.1991228200421	199.0
150.20912342746072	192.0
150.21912403487931	187.0
150.22912464229793	190.0
150.23912524971655	192.0
150.24912585713514	194.0
150.25912646455376	196.0
150.26912707197235	196.0
150.27912767939097	196.0
150.28912828680956	196.0
150.29912889422818	196.0
150.30912950164677	196.0
150.31913010906538	199.0
150.329130716484	199.0
150.3391313239026	201.0
150.3491319313212	201.0
150.3591325387398	201.0
150.36913314615842	201.0
150.379133753577	201.0
150.38913436099563	201.0
150.39913496841424	201.0
150.40913557583283	201.0
150.41913618325145	201.0
150.42913679067004	201.0
150.43913739808866	203.0
150.44913800550725	203.0
150.45913861292587	203.0
150.46913922034446	203.0
150.47913982776308	206.0
150.4891404351817	206.0
150.4991410426003	203.0
150.5091416500189	201.0
150.5191422574375	196.0
150.5291428648561	192.0
150.5391434722747	187.0
150.54914407969332	183.0
150.55914468711194	181.0
150.56914529453053	181.0
150.57914590194915	185.0
150.58914650936774	192.0
150.59914711678636	201.0
150.60914772420495	210.0
150.61914833162356	220.0
150.62914893904218	228.0
150.63914954646077	231.0
150.6491501538794	234.0
150.65915076129798	234.0
150.6691513687166	234.0
150.6791519761352	231.0
150.6891525835538	228.0
150.6991531909724	226.0
150.70915379839101	226.0
150.71915440580963	226.0
150.72915501322822	226.0
150.73915562064684	226.0
150.74915622806543	228.0
150.75915683548405	228.0
150.76915744290264	228.0
150.77915805032126	231.0
150.78915865773988	231.0
150.79915926515847	231.0
150.80915987257708	234.0
150.81916047999567	234.0
150.8291610874143	234.0
150.83916169483288	231.0
150.8491623022515	226.0
150.8591629096701	220.0
150.8691635170887	210.0
150.87916412450733	203.0
150.88916473192592	199.0
150.89916533934453	196.0
150.90916594676312	194.0
150.91916655418174	196.0
150.92916716160033	199.0
150.93916776901895	201.0
150.94916837643757	201.0
150.95916898385616	203.0
150.96916959127478	203.0
150.97917019869337	203.0
150.98917080611199	203.0
150.99917141353058	203.0
151.0091720209492	203.0
151.0191726283678	203.0
151.0291732357864	203.0
151.03917384320502	203.0
151.0491744506236	201.0
151.05917505804223	201.0
151.06917566546082	201.0
151.07917627287944	201.0
151.08917688029803	201.0
151.09917748771664	201.0
151.10917809513526	201.0
151.11917870255385	201.0
151.12917930997247	201.0
151.13917991739106	201.0
151.14918052480968	201.0
151.15918113222827	201.0
151.1691817396469	201.0
151.1791823470655	201.0
151.1891829544841	201.0
151.19918356190271	201.0
151.2091841693213	201.0
151.21918477673992	201.0
151.2291853841585	201.0
151.23918599157713	203.0
151.24918659899572	203.0
151.25918720641434	203.0
151.26918781383296	203.0
151.27918842125155	203.0
151.28918902867017	203.0
151.29918963608876	201.0
151.30919024350737	201.0
151.31919085092596	201.0
151.32919145834458	201.0
151.3391920657632	201.0
151.3491926731818	201.0
151.3591932806004	201.0
151.369193888019	201.0
151.37919449543762	201.0
151.3891951028562	201.0
151.39919571027482	201.0
151.40919631769344	201.0
151.41919692511203	201.0
151.42919753253065	199.0
151.43919813994924	196.0
151.44919874736786	194.0
151.45919935478645	192.0
151.46919996220507	190.0
151.47920056962366	187.0
151.48920117704228	185.0
151.4992017844609	179.0
151.50920239187948	171.0
151.5192029992981	0.0
151.5292036067167	0.0
151.5392042141353	0.0
151.5492048215539	0.0
151.55920542897252	0.0
151.56920603639114	0.0
151.57920664380973	0.0
151.58920725122834	0.0
151.59920785864693	0.0
151.60920846606555	190.0
151.61920907348414	196.0
151.62920968090276	201.0
151.63921028832135	206.0
151.64921089573997	208.0
151.6592115031586	208.0
151.66921211057718	208.0
151.6792127179958	208.0
151.68921332541439	206.0
151.699213932833	203.0
151.7092145402516	201.0
151.7192151476702	196.0
151.72921575508883	192.0
151.73921636250742	187.0
151.74921696992604	183.0
151.75921757734463	181.0
151.76921818476325	177.0
151.77921879218184	175.0
151.78921939960046	173.0
151.79922000701904	171.0
151.80922061443766	171.0
151.81922122185628	171.0
151.82922182927487	169.0
151.8392224366935	169.0
151.84922304411208	169.0
151.8592236515307	167.0
151.8692242589493	167.0
151.8792248663679	167.0
151.88922547378652	167.0
151.89922608120511	167.0
151.90922668862373	169.0
151.91922729604232	171.0
151.92922790346094	173.0
151.93922851087953	177.0
151.94922911829815	181.0
151.95922972571677	183.0
151.96923033313536	185.0
151.97923094055398	187.0
151.98923154797257	185.0
151.99923215539118	183.0
152.00923276280977	181.0
152.0192333702284	177.0
152.02923397764698	173.0
152.0392345850656	167.0
152.04923519248422	163.0
152.0592357999028	0.0
152.06923640732143	0.0
152.07923701474002	0.0
152.08923762215863	0.0
152.09923822957722	0.0
152.10923883699584	0.0
152.11923944441446	0.0
152.12924005183305	0.0
152.13924065925167	0.0
152.14924126667026	0.0
152.15924187408888	0.0
152.16924248150747	0.0
152.17924308892609	0.0
152.18924369634468	0.0
152.1992443037633	0.0
152.2092449111819	0.0
152.2192455186005	0.0
152.22924612601912	0.0
152.2392467334377	0.0
152.24924734085633	0.0
152.25924794827492	0.0
152.26924855569354	0.0
152.27924916311215	0.0
152.28924977053074	0.0
152.29925037794936	0.0
152.30925098536795	0.0
152.31925159278657	0.0
152.32925220020516	0.0
152.33925280762378	0.0
152.3492534150424	0.0
152.359254022461	0.0
152.3692546298796	0.0
152.3792552372982	0.0
152.3892558447168	0.0
152.3992564521354	0.0
152.40925705955402	0.0
152.4192576669726	0.0
152.42925827439123	0.0
152.43925888180985	0.0
152.44925948922844	0.0
152.45926009664706	0.0
152.46926070406565	0.0
152.47926131148427	0.0
152.48926191890286	0.0
152.49926252632147	0.0
152.5092631337401	0.0
152.51926374115868	0.0
152.5292643485773	0.0
152.5392649559959	0.0
152.5492655634145	0.0
152.5592661708331	0.0
152.56926677825172	0.0
152.5792673856703	0.0
152.58926799308892	0.0
152.59926860050754	0.0
152.60926920792613	0.0
152.61926981534475	0.0
152.62927042276334	0.0
152.63927103018196	0.0
152.64927163760055	0.0
152.65927224501917	0.0
152.66927285243779	0.0
152.67927345985638	0.0
152.689274067275	0.0
152.69927467469358	0.0
152.7092752821122	0.0
152.7192758895308	0.0
152.7292764969494	0.0
152.73927710436803	0.0
152.74927771178662	0.0
152.75927831920524	0.0
152.76927892662383	0.0
152.77927953404244	0.0
152.78928014146103	0.0
152.79928074887965	0.0
152.80928135629824	0.0
152.81928196371686	0.0
152.82928257113548	0.0
152.83928317855407	0.0
152.8492837859727	0.0
152.85928439339128	0.0
152.8692850008099	0.0
152.87928560822849	0.0
152.8892862156471	0.0
152.89928682306572	0.0
152.9092874304843	0.0
152.91928803790293	0.0
152.92928864532152	0.0
152.93928925274014	0.0
152.94928986015873	0.0
152.95929046757735	0.0
152.96929107499594	0.0
152.97929168241455	0.0
152.98929228983317	0.0
152.99929289725176	0.0
153.00929350467038	0.0
153.01929411208897	0.0
153.0292947195076	0.0
153.03929532692618	0.0
153.0492959343448	0.0
153.05929654176342	0.0
153.069297149182	0.0
153.07929775660062	0.0
153.0892983640192	0.0
153.09929897143783	0.0
153.10929957885642	0.0
153.11930018627504	0.0
153.12930079369363	0.0
153.13930140111225	0.0
153.14930200853087	0.0
153.15930261594946	0.0
153.16930322336808	0.0
153.17930383078667	0.0
153.18930443820528	0.0
153.19930504562387	183.0
153.2093056530425	0.0
153.2193062604611	0.0
153.2293068678797	0.0
153.23930747529832	0.0
153.2493080827169	0.0
153.25930869013553	0.0
153.26930929755412	0.0
153.27930990497273	0.0
153.28931051239135	0.0
153.29931111980994	0.0
153.30931172722856	0.0
153.31931233464715	0.0
153.32931294206577	0.0
153.33931354948436	0.0
153.34931415690298	0.0
153.35931476432157	0.0
153.36931537174019	0.0
153.3793159791588	0.0
153.3893165865774	0.0
153.399317193996	0.0
153.4093178014146	0.0
153.41931840883322	0.0
153.4293190162518	0.0
153.43931962367043	0.0
153.44932023108905	0.0
153.45932083850764	0.0
153.46932144592625	0.0
153.47932205334484	0.0
153.48932266076346	0.0
153.49932326818205	0.0
153.50932387560067	0.0
153.51932448301926	0.0
153.52932509043788	0.0
153.5393256978565	0.0
153.5493263052751	0.0
153.5593269126937	0.0
153.5693275201123	0.0
153.5793281275309	0.0
153.5893287349495	0.0
153.59932934236812	0.0
153.60932994978674	161.0
153.61933055720533	159.0
153.62933116462395	0.0
153.63933177204254	0.0
153.64933237946116	0.0
153.65933298687975	0.0
153.66933359429837	0.0
153.67933420171698	0.0
153.68933480913557	169.0
153.6993354165542	181.0
153.70933602397278	196.0
153.7193366313914	206.0
153.72933723881	208.0
153.7393378462286	210.0
153.7493384536472	210.0
153.75933906106582	208.0
153.76933966848443	208.0
153.77934027590302	206.0
153.78934088332164	206.0
153.79934149074023	203.0
153.80934209815885	203.0
153.81934270557744	201.0
153.82934331299606	201.0
153.83934392041468	201.0
153.84934452783327	199.0
153.85934513525189	199.0
153.86934574267048	199.0
153.8793463500891	199.0
153.88934695750768	201.0
153.8993475649263	201.0
153.9093481723449	203.0
153.9193487797635	203.0
153.92934938718213	206.0
153.93934999460072	206.0
153.94935060201934	206.0
153.95935120943793	206.0
153.96935181685654	206.0
153.97935242427513	206.0
153.98935303169375	203.0
153.99935363911237	203.0
154.00935424653096	203.0
154.01935485394958	203.0
154.02935546136817	203.0
154.0393560687868	203.0
154.04935667620538	201.0
154.059357283624	201.0
154.0693578910426	201.0
154.0793584984612	201.0
154.08935910587982	199.0
154.0993597132984	199.0
154.10936032071703	199.0
154.11936092813562	199.0
154.12936153555424	199.0
154.13936214297283	199.0
154.14936275039145	199.0
154.15936335781007	199.0
154.16936396522865	199.0
154.17936457264727	199.0
154.18936518006586	199.0
154.19936578748448	201.0
154.20936639490307	201.0
154.2193670023217	201.0
154.2293676097403	201.0
154.2393682171589	201.0
154.24936882457752	201.0
154.2593694319961	201.0
154.26937003941472	201.0
154.2793706468333	201.0
154.28937125425193	201.0
154.29937186167052	201.0
154.30937246908914	201.0
154.31937307650776	201.0
154.32937368392635	201.0
154.33937429134497	201.0
154.34937489876356	201.0
154.35937550618218	199.0
154.36937611360077	199.0
154.37937672101938	199.0
154.389377328438	199.0
154.3993779358566	199.0
154.4093785432752	196.0
154.4193791506938	194.0
154.42937975811242	192.0
154.439380365531	190.0
154.44938097294963	187.0
154.45938158036822	183.0
154.46938218778683	181.0
154.47938279520545	177.0
154.48938340262404	173.0
154.49938401004266	171.0
154.50938461746125	167.0
154.51938522487987	165.0
154.52938583229846	163.0
154.53938643971708	163.0
154.5493870471357	161.0
154.55938765455429	161.0
154.5693882619729	161.0
154.5793888693915	163.0
154.5893894768101	165.0
154.5993900842287	167.0
154.60939069164732	169.0
154.61939129906594	171.0
154.62939190648453	171.0
154.63939251390315	171.0
154.64939312132174	171.0
154.65939372874035	169.0
154.66939433615894	169.0
154.67939494357756	169.0
154.68939555099615	171.0
154.69939615841477	173.0
154.7093967658334	179.0
154.71939737325198	183.0
154.7293979806706	185.0
154.7393985880892	190.0
154.7493991955078	194.0
154.7593998029264	196.0
154.769400410345	199.0
154.77940101776363	201.0
154.78940162518222	203.0
154.79940223260084	203.0
154.80940284001943	203.0
154.81940344743805	203.0
154.82940405485664	203.0
154.83940466227526	203.0
154.84940526969385	203.0
154.85940587711247	203.0
154.86940648453108	203.0
154.87940709194967	203.0
154.8894076993683	203.0
154.89940830678688	203.0
154.9094089142055	203.0
154.9194095216241	201.0
154.9294101290427	201.0
154.93941073646133	203.0
154.94941134387992	203.0
154.95941195129853	203.0
154.96941255871712	203.0
154.97941316613574	203.0
154.98941377355433	203.0
154.99941438097295	201.0
155.00941498839157	201.0
155.01941559581016	201.0
155.02941620322878	201.0
155.03941681064737	201.0
155.04941741806599	201.0
155.05941802548458	203.0
155.0694186329032	203.0
155.07941924032178	203.0
155.0894198477404	206.0
155.09942045515902	206.0
155.1094210625776	206.0
155.11942166999623	206.0
155.12942227741482	206.0
155.13942288483344	206.0
155.14942349225203	206.0
155.15942409967064	206.0
155.16942470708926	206.0
155.17942531450785	206.0
155.18942592192647	206.0
155.19942652934506	206.0
155.20942713676368	206.0
155.21942774418227	206.0
155.2294283516009	203.0
155.23942895901948	203.0
155.2494295664381	201.0
155.2594301738567	199.0
155.2694307812753	194.0
155.27943138869392	192.0
155.2894319961125	190.0
155.29943260353113	185.0
155.30943321094972	183.0
155.31943381836834	181.0
155.32943442578696	179.0
155.33943503320555	171.0
155.34943564062416	165.0
155.35943624804275	161.0
155.36943685546137	159.0
155.37943746287996	159.0
155.38943807029858	161.0
155.3994386777172	163.0
155.4094392851358	169.0
155.4194398925544	179.0
155.429440499973	185.0
155.43944110739162	194.0
155.4494417148102	201.0
155.45944232222882	206.0
155.4694429296474	206.0
155.47944353706603	206.0
155.48944414448465	206.0
155.49944475190324	206.0
155.50944535932186	206.0
155.51944596674045	206.0
155.52944657415907	203.0
155.53944718157766	203.0
155.54944778899628	203.0
155.5594483964149	203.0
155.56944900383348	203.0
155.5794496112521	203.0
155.5894502186707	203.0
155.5994508260893	203.0
155.6094514335079	203.0
155.61945204092652	203.0
155.6294526483451	206.0
155.63945325576373	206.0
155.64945386318234	203.0
155.65945447060093	203.0
155.66945507801955	201.0
155.67945568543814	199.0
155.68945629285676	196.0
155.69945690027535	192.0
155.70945750769397	190.0
155.7194581151126	190.0
155.72945872253118	190.0
155.7394593299498	194.0
155.74945993736839	196.0
155.759460544787	201.0
155.7694611522056	206.0
155.7794617596242	210.0
155.7894623670428	213.0
155.79946297446142	215.0
155.80946358188004	220.0
155.81946418929863	223.0
155.82946479671725	226.0
155.83946540413584	228.0
155.84946601155445	228.0
155.85946661897304	228.0
155.86946722639166	226.0
155.87946783381028	226.0
155.88946844122887	226.0
155.8994690486475	226.0
155.90946965606608	223.0
155.9194702634847	223.0
155.9294708709033	223.0
155.9394714783219	223.0
155.94947208574052	223.0
155.9594726931591	223.0
155.96947330057773	223.0
155.97947390799632	226.0
155.98947451541494	226.0
155.99947512283353	226.0
156.00947573025215	226.0
156.01947633767074	228.0
156.02947694508936	228.0
156.03947755250798	228.0
156.04947815992657	228.0
156.05947876734518	228.0
156.06947937476377	231.0
156.0794799821824	228.0
156.08948058960098	228.0
156.0994811970196	228.0
156.10948180443822	228.0
156.1194824118568	226.0
156.12948301927543	226.0
156.13948362669402	226.0
156.14948423411263	223.0
156.15948484153122	223.0
156.16948544894984	220.0
156.17948605636843	220.0
156.18948666378705	223.0
156.19948727120567	228.0
156.20948787862426	231.0
156.21948848604288	239.0
156.22948909346147	245.0
156.23948970088009	253.0
156.24949030829868	262.0
156.2594909157173	268.0
156.2694915231359	275.0
156.2794921305545	278.0
156.28949273797312	278.0
156.2994933453917	275.0
156.30949395281033	272.0
156.31949456022892	268.0
156.32949516764754	265.0
156.33949577506615	262.0
156.34949638248474	259.0
156.35949698990336	253.0
156.36949759732195	248.0
156.37949820474057	242.0
156.38949881215916	239.0
156.39949941957778	234.0
156.40950002699637	231.0
156.419500634415	226.0
156.4295012418336	223.0
156.4395018492522	220.0
156.4495024566708	220.0
156.4595030640894	223.0
156.46950367150802	226.0
156.4795042789266	231.0
156.48950488634523	239.0
156.49950549376385	248.0
156.50950610118244	256.0
156.51950670860106	268.0
156.52950731601965	275.0
156.53950792343826	278.0
156.54950853085685	278.0
156.55950913827547	278.0
156.56950974569406	272.0
156.57951035311268	265.0
156.5895109605313	259.0
156.5995115679499	250.0
156.6095121753685	239.0
156.6195127827871	0.0
156.62951339020572	0.0
156.6395139976243	0.0
156.64951460504292	0.0
156.65951521246154	0.0
156.66951581988013	0.0
156.67951642729875	0.0
156.68951703471734	0.0
156.69951764213596	0.0
156.70951824955455	0.0
156.71951885697317	0.0
156.72951946439179	0.0
156.73952007181038	0.0
156.749520679229	0.0
156.75952128664758	0.0
156.7695218940662	0.0
156.7795225014848	0.0
156.7895231089034	0.0
156.799523716322	0.0
156.80952432374062	0.0
156.81952493115924	0.0
156.82952553857783	0.0
156.83952614599644	0.0
156.84952675341503	0.0
156.85952736083365	0.0
156.86952796825224	0.0
156.87952857567086	0.0
156.88952918308948	0.0
156.89952979050807	0.0
156.9095303979267	0.0
156.91953100534528	0.0
156.9295316127639	0.0
156.93953222018249	0.0
156.9495328276011	0.0
156.9595334350197	0.0
156.9695340424383	0.0
156.97953464985693	0.0
156.98953525727552	0.0
156.99953586469414	0.0
157.00953647211273	0.0
157.01953707953135	0.0
157.02953768694994	0.0
157.03953829436855	0.0
157.04953890178717	0.0
157.05953950920576	0.0
157.06954011662438	259.0
157.07954072404297	259.0
157.0895413314616	0.0
157.09954193888018	0.0
157.1095425462988	0.0
157.1195431537174	0.0
157.129543761136	265.0
157.13954436855462	268.0
157.1495449759732	268.0
157.15954558339183	268.0
157.16954619081042	268.0
157.17954679822904	268.0
157.18954740564763	268.0
157.19954801306625	268.0
157.20954862048487	272.0
157.21954922790346	272.0
157.22954983532208	272.0
157.23955044274066	272.0
157.24955105015928	272.0
157.25955165757787	272.0
157.2695522649965	272.0
157.2795528724151	272.0
157.2895534798337	0.0
157.29955408725232	0.0
157.3095546946709	0.0
157.31955530208953	0.0
157.32955590950812	0.0
157.33955651692673	268.0
157.34955712434532	268.0
157.35955773176394	268.0
157.36955833918256	268.0
157.37955894660115	0.0
157.38955955401977	0.0
157.39956016143836	0.0
157.40956076885698	0.0
157.41956137627557	0.0
157.42956198369419	0.0
157.4395625911128	272.0
157.4495631985314	272.0
157.45956380595	272.0
157.4695644133686	272.0
157.47956502078722	272.0
157.4895656282058	272.0
157.49956623562443	272.0
157.50956684304302	268.0
157.51956745046164	268.0
157.52956805788025	268.0
157.53956866529884	268.0
157.54956927271746	265.0
157.55956988013605	262.0
157.56957048755467	259.0
157.57957109497326	256.0
157.58957170239188	250.0
157.5995723098105	248.0
157.6095729172291	242.0
157.6195735246477	239.0
157.6295741320663	234.0
157.6395747394849	231.0
157.6495753469035	228.0
157.65957595432212	226.0
157.66957656174074	226.0
157.67957716915933	226.0
157.68957777657795	228.0
157.69957838399654	234.0
157.70957899141516	242.0
157.71957959883375	248.0
157.72958020625236	259.0
157.73958081367095	272.0
157.74958142108957	291.0
157.7595820285082	298.0
157.76958263592678	301.0
157.7795832433454	305.0
157.789583850764	298.0
157.7995844581826	288.0
157.8095850656012	272.0
157.81958567301982	253.0
157.82958628043843	245.0
157.83958688785702	223.0
157.84958749527564	210.0
157.85958810269423	206.0
157.86958871011285	203.0
157.87958931753144	203.0
157.88958992495006	206.0
157.89959053236865	210.0
157.90959113978727	215.0
157.91959174720589	220.0
157.92959235462448	231.0
157.9395929620431	236.0
157.94959356946168	242.0
157.9595941768803	245.0
157.9695947842989	245.0
157.9795953917175	245.0
157.98959599913613	242.0
157.99959660655472	239.0
158.00959721397334	234.0
158.01959782139193	228.0
158.02959842881054	226.0
158.03959903622913	223.0
158.04959964364775	223.0
158.05960025106634	223.0
158.06960085848496	226.0
158.07960146590358	231.0
158.08960207332217	234.0
158.0996026807408	236.0
158.10960328815938	239.0
158.119603895578	239.0
158.12960450299659	239.0
158.1396051104152	236.0
158.14960571783382	234.0
158.1596063252524	231.0
158.16960693267103	228.0
158.17960754008962	223.0
158.18960814750824	220.0
158.19960875492683	220.0
158.20960936234545	220.0
158.21960996976406	223.0
158.22961057718265	228.0
158.23961118460127	231.0
158.24961179201986	234.0
158.25961239943848	236.0
158.26961300685707	239.0
158.2796136142757	239.0
158.28961422169428	242.0
158.2996148291129	242.0
158.30961543653152	242.0
158.3196160439501	239.0
158.32961665136872	236.0
158.3396172587873	231.0
158.34961786620593	228.0
158.35961847362452	223.0
158.36961908104314	218.0
158.37961968846176	213.0
158.38962029588035	208.0
158.39962090329897	203.0
158.40962151071756	199.0
158.41962211813618	196.0
158.42962272555476	196.0
158.43962333297338	196.0
158.44962394039197	199.0
158.4596245478106	203.0
158.4696251552292	208.0
158.4796257626478	215.0
158.48962637006642	223.0
158.499626977485	231.0
158.50962758490363	236.0
158.51962819232222	242.0
158.52962879974083	245.0
158.53962940715945	245.0
158.54963001457804	242.0
158.55963062199666	239.0
158.56963122941525	234.0
158.57963183683387	228.0
158.58963244425246	223.0
158.59963305167108	220.0
158.6096336590897	220.0
158.61963426650829	220.0
158.6296348739269	220.0
158.6396354813455	226.0
158.6496360887641	231.0
158.6596366961827	239.0
158.66963730360132	248.0
158.6796379110199	259.0
158.68963851843853	268.0
158.69963912585715	275.0
158.70963973327574	281.0
158.71964034069435	284.0
158.72964094811294	278.0
158.73964155553156	272.0
158.74964216295015	262.0
158.75964277036877	256.0
158.7696433777874	248.0
158.77964398520598	242.0
158.7896445926246	234.0
158.7996452000432	228.0
158.8096458074618	223.0
158.8196464148804	220.0
158.829647022299	218.0
158.8396476297176	215.0
158.84964823713622	218.0
158.85964884455484	220.0
158.86964945197343	228.0
158.87965005939205	236.0
158.88965066681064	245.0
158.89965127422926	253.0
158.90965188164785	265.0
158.91965248906646	275.0
158.92965309648508	281.0
158.93965370390367	281.0
158.9496543113223	278.0
158.95965491874088	272.0
158.9696555261595	262.0
158.9796561335781	256.0
158.9896567409967	248.0
158.99965734841533	236.0
159.00965795583392	228.0
159.01965856325253	223.0
159.02965917067112	220.0
159.03965977808974	223.0
159.04966038550833	223.0
159.05966099292695	226.0
159.06966160034554	228.0
159.07966220776416	228.0
159.08966281518278	228.0
159.09966342260137	228.0
159.10966403001999	228.0
159.11966463743858	228.0
159.1296652448572	228.0
159.13966585227578	228.0
159.1496664596944	228.0
159.15966706711302	228.0
159.1696676745316	226.0
159.17966828195023	226.0
159.18966888936882	226.0
159.19966949678744	226.0
159.20967010420603	226.0
159.21967071162464	226.0
159.22967131904323	226.0
159.23967192646185	226.0
159.24967253388047	228.0
159.25967314129906	228.0
159.26967374871768	228.0
159.27967435613627	231.0
159.2896749635549	234.0
159.29967557097348	236.0
159.3096761783921	239.0
159.3196767858107	239.0
159.3296773932293	239.0
159.33967800064792	239.0
159.3496786080665	236.0
159.35967921548513	234.0
159.36967982290372	234.0
159.37968043032234	231.0
159.38968103774093	228.0
159.39968164515955	228.0
159.40968225257816	226.0
159.41968285999675	226.0
159.42968346741537	226.0
159.43968407483396	226.0
159.44968468225258	226.0
159.45968528967117	226.0
159.4696858970898	226.0
159.4796865045084	226.0
159.489687111927	226.0
159.49968771934562	226.0
159.5096883267642	226.0
159.51968893418282	228.0
159.5296895416014	228.0
159.53969014902003	228.0
159.54969075643865	228.0
159.55969136385724	228.0
159.56969197127586	228.0
159.57969257869445	228.0
159.58969318611307	228.0
159.59969379353166	228.0
159.60969440095027	228.0
159.61969500836886	231.0
159.62969561578748	234.0
159.6396962232061	234.0
159.6496968306247	236.0
159.6596974380433	239.0
159.6696980454619	239.0
159.67969865288052	239.0
159.6896992602991	239.0
159.69969986771773	236.0
159.70970047513634	234.0
159.71970108255493	231.0
159.72970168997355	228.0
159.73970229739214	226.0
159.74970290481076	226.0
159.75970351222935	226.0
159.76970411964797	226.0
159.77970472706656	226.0
159.78970533448518	226.0
159.7997059419038	226.0
159.80970654932239	226.0
159.819707156741	226.0
159.8297077641596	226.0
159.8397083715782	226.0
159.8497089789968	226.0
159.85970958641542	226.0
159.86971019383404	226.0
159.87971080125263	226.0
159.88971140867125	226.0
159.89971201608984	226.0
159.90971262350845	226.0
159.91971323092704	226.0
159.92971383834566	228.0
159.93971444576428	228.0
159.94971505318287	231.0
159.9597156606015	234.0
159.96971626802008	236.0
159.9797168754387	239.0
159.9897174828573	242.0
159.9997180902759	242.0
160.0097186976945	239.0
160.0197193051131	236.0
160.02971991253173	234.0
160.03972051995032	231.0
160.04972112736894	228.0
160.05972173478753	228.0
160.06972234220615	228.0
160.07972294962474	226.0
160.08972355704336	226.0
160.09972416446197	226.0
160.10972477188056	226.0
160.11972537929918	226.0
160.12972598671777	226.0
160.1397265941364	226.0
160.14972720155498	226.0
160.1597278089736	226.0
160.1697284163922	226.0
160.1797290238108	228.0
160.18972963122943	228.0
160.19973023864802	228.0
160.20973084606663	228.0
160.21973145348522	231.0
160.22973206090384	234.0
160.23973266832243	234.0
160.24973327574105	236.0
160.25973388315967	239.0
160.26973449057826	239.0
160.27973509799688	239.0
160.28973570541547	236.0
160.29973631283409	236.0
160.30973692025267	234.0
160.3197375276713	231.0
160.3297381350899	228.0
160.3397387425085	228.0
160.34973934992712	226.0
160.3597399573457	226.0
160.36974056476433	226.0
160.37974117218292	226.0
160.38974177960154	226.0
160.39974238702013	226.0
160.40974299443874	226.0
160.41974360185736	226.0
160.42974420927595	226.0
160.43974481669457	226.0
160.44974542411316	226.0
160.45974603153178	228.0
160.46974663895037	228.0
160.479747246369	231.0
160.4897478537876	234.0
160.4997484612062	236.0
160.5097490686248	239.0
160.5197496760434	242.0
160.52975028346202	242.0
160.5397508908806	242.0
160.54975149829923	239.0
160.55975210571782	236.0
160.56975271313644	234.0
160.57975332055506	228.0
160.58975392797365	226.0
160.59975453539226	220.0
160.60975514281085	215.0
160.61975575022947	210.0
160.62975635764806	208.0
160.63975696506668	206.0
160.6497575724853	208.0
160.6597581799039	0.0
160.6697587873225	0.0
160.6797593947411	0.0
160.68976000215972	0.0
160.6997606095783	0.0
160.70976121699692	0.0
160.7197618244155	0.0
160.72976243183413	0.0
160.73976303925275	0.0
160.74976364667134	0.0
160.75976425408996	0.0
160.76976486150855	0.0
160.77976546892717	0.0
160.78976607634576	0.0
160.79976668376437	0.0
160.809767291183	0.0
160.81976789860158	0.0
160.8297685060202	0.0
160.8397691134388	0.0
160.8497697208574	0.0
160.859770328276	0.0
160.86977093569462	0.0
160.87977154311324	0.0
160.88977215053183	0.0
160.89977275795044	0.0
160.90977336536903	0.0
160.91977397278765	0.0
160.92977458020624	0.0
160.93977518762486	0.0
160.94977579504345	0.0
160.95977640246207	0.0
160.9697770098807	0.0
160.97977761729928	0.0
160.9897782247179	0.0
160.99977883213649	0.0
161.0097794395551	0.0
161.0197800469737	0.0
161.0297806543923	0.0
161.03978126181093	0.0
161.04978186922952	0.0
161.05978247664814	0.0
161.06978308406673	0.0
161.07978369148535	0.0
161.08978429890394	0.0
161.09978490632255	0.0
161.10978551374114	0.0
161.11978612115976	0.0
161.12978672857838	0.0
161.13978733599697	0.0
161.1497879434156	0.0
161.15978855083418	0.0
161.1697891582528	0.0
161.1797897656714	0.0
161.18979037309	0.0
161.19979098050862	0.0
161.2097915879272	0.0
161.21979219534583	0.0
161.22979280276442	0.0
161.23979341018304	0.0
161.24979401760163	0.0
161.25979462502025	0.0
161.26979523243887	0.0
161.27979583985746	0.0
161.28979644727607	0.0
161.29979705469466	0.0
161.30979766211328	0.0
161.31979826953187	0.0
161.3297988769505	0.0
161.33979948436908	0.0
161.3498000917877	0.0
161.35980069920632	0.0
161.3698013066249	0.0
161.37980191404353	0.0
161.38980252146212	0.0
161.39980312888073	0.0
161.40980373629932	0.0
161.41980434371794	0.0
161.42980495113656	0.0
161.43980555855515	0.0
161.44980616597377	0.0
161.45980677339236	0.0
161.46980738081098	0.0
161.47980798822957	0.0
161.48980859564819	0.0
161.49980920306677	0.0
161.5098098104854	0.0
161.519810417904	0.0
161.5298110253226	0.0
161.53981163274122	0.0
161.5498122401598	0.0
161.55981284757843	0.0
161.56981345499702	0.0
161.57981406241564	0.0
161.58981466983425	0.0
161.59981527725284	0.0
161.60981588467146	0.0
161.61981649209005	0.0
161.62981709950867	0.0
161.63981770692726	0.0
161.64981831434588	0.0
161.6598189217645	0.0
161.6698195291831	0.0
161.6798201366017	0.0
161.6898207440203	0.0
161.6998213514389	0.0
161.7098219588575	0.0
161.71982256627612	0.0
161.7298231736947	0.0
161.73982378111333	0.0
161.74982438853195	0.0
161.75982499595054	0.0
161.76982560336916	0.0
161.77982621078775	0.0
161.78982681820636	0.0
161.79982742562495	0.0
161.80982803304357	0.0
161.8198286404622	0.0
161.82982924788078	0.0
161.8398298552994	0.0
161.849830462718	0.0
161.8598310701366	0.0
161.8698316775552	0.0
161.87983228497382	0.0
161.8898328923924	0.0
161.89983349981102	0.0
161.90983410722964	0.0
161.91983471464823	0.0
161.92983532206685	0.0
161.93983592948544	0.0
161.94983653690406	0.0
161.95983714432265	0.0
161.96983775174127	0.0
161.97983835915988	0.0
161.98983896657847	0.0
161.9998395739971	0.0
162.00984018141568	0.0
162.0198407888343	0.0
162.0298413962529	0.0
162.0398420036715	0.0
162.0498426110901	0.0
162.05984321850872	0.0
162.06984382592734	0.0
162.07984443334593	0.0
162.08984504076454	0.0
162.09984564818313	0.0
162.10984625560175	0.0
162.11984686302034	0.0
162.12984747043896	0.0
162.13984807785758	0.0
162.14984868527617	0.0
162.1598492926948	0.0
162.16984990011338	0.0
162.179850507532	0.0
162.18985111495059	0.0
162.1998517223692	0.0
162.20985232978782	0.0
162.2198529372064	0.0
162.22985354462503	0.0
162.23985415204362	0.0
162.24985475946224	0.0
162.25985536688083	0.0
162.26985597429945	0.0
162.27985658171804	0.0
162.28985718913665	0.0
162.29985779655527	0.0
162.30985840397386	0.0
162.31985901139248	0.0
162.32985961881107	0.0
162.3398602262297	0.0
162.34986083364828	0.0
162.3598614410669	0.0
162.36986204848552	0.0
162.3798626559041	0.0
162.38986326332272	0.0
162.3998638707413	0.0
162.40986447815993	0.0
162.41986508557852	0.0
162.42986569299714	0.0
162.43986630041573	0.0
162.44986690783435	0.0
162.45986751525297	0.0
162.46986812267156	0.0
162.47986873009017	0.0
162.48986933750876	0.0
162.49986994492738	0.0
162.50987055234597	0.0
162.5198711597646	0.0
162.5298717671832	0.0
162.5398723746018	0.0
162.54987298202042	0.0
162.559873589439	0.0
162.56987419685763	0.0
162.57987480427622	0.0
162.58987541169483	0.0
162.59987601911345	0.0
162.60987662653204	0.0
162.61987723395066	245.0
162.62987784136925	245.0
162.63987844878787	245.0
162.64987905620646	242.0
162.65987966362508	239.0
162.66988027104367	239.0
162.67988087846228	236.0
162.6898814858809	234.0
162.6998820932995	231.0
162.7098827007181	228.0
162.7198833081367	228.0
162.72988391555532	226.0
162.7398845229739	223.0
162.74988513039253	223.0
162.75988573781115	226.0
162.76988634522974	228.0
162.77988695264835	231.0
162.78988756006694	234.0
162.79988816748556	239.0
162.80988877490415	242.0
162.81988938232277	248.0
162.82988998974136	250.0
162.83989059715998	250.0
162.8498912045786	250.0
162.8598918119972	250.0
162.8698924194158	245.0
162.8798930268344	239.0
162.889893634253	234.0
162.8998942416716	228.0
162.90989484909022	226.0
162.91989545650884	223.0
162.92989606392743	226.0
162.93989667134605	228.0
162.94989727876464	234.0
162.95989788618326	236.0
162.96989849360185	242.0
162.97989910102046	245.0
162.98989970843908	248.0
162.99990031585767	248.0
163.0099009232763	250.0
163.01990153069488	248.0
163.0299021381135	245.0
163.0399027455321	239.0
163.0499033529507	236.0
163.0599039603693	228.0
163.06990456778792	223.0
163.07990517520653	213.0
163.08990578262512	206.0
163.09990639004374	203.0
163.10990699746233	203.0
163.11990760488095	203.0
163.12990821229954	203.0
163.13990881971816	206.0
163.14990942713678	206.0
163.15991003455537	206.0
163.16991064197398	203.0
163.17991124939257	203.0
163.1899118568112	203.0
163.19991246422978	201.0
163.2099130716484	203.0
163.219913679067	206.0
163.2299142864856	215.0
163.23991489390423	234.0
163.24991550132282	250.0
163.25991610874144	265.0
163.26991671616003	278.0
163.27991732357864	288.0
163.28991793099723	291.0
163.29991853841585	291.0
163.30991914583447	284.0
163.31991975325306	272.0
163.32992036067168	256.0
163.33992096809027	242.0
163.3499215755089	223.0
163.35992218292748	213.0
163.3699227903461	210.0
163.37992339776468	213.0
163.3899240051833	218.0
163.39992461260192	226.0
163.4099252200205	234.0
163.41992582743913	242.0
163.42992643485772	248.0
163.43992704227634	248.0
163.44992764969493	248.0
163.45992825711355	245.0
163.46992886453216	239.0
163.47992947195075	231.0
163.48993007936937	220.0
163.49993068678796	210.0
163.50993129420658	203.0
163.51993190162517	201.0
163.5299325090438	201.0
163.5399331164624	201.0
163.549933723881	203.0
163.55993433129962	203.0
163.5699349387182	203.0
163.57993554613682	203.0
163.5899361535554	203.0
163.59993676097403	203.0
163.60993736839262	203.0
163.61993797581124	201.0
163.62993858322986	201.0
163.63993919064845	201.0
163.64993979806707	199.0
163.65994040548566	199.0
163.66994101290427	196.0
163.67994162032286	194.0
163.68994222774148	194.0
163.6999428351601	192.0
163.7099434425787	192.0
163.7199440499973	190.0
163.7299446574159	190.0
163.73994526483452	187.0
163.7499458722531	185.0
163.75994647967173	183.0
163.76994708709032	183.0
163.77994769450893	181.0
163.78994830192755	181.0
163.79994890934614	179.0
163.80994951676476	177.0
163.81995012418335	175.0
163.82995073160197	173.0
163.83995133902056	171.0
163.84995194643918	0.0
163.8599525538578	0.0
163.86995316127638	0.0
163.879953768695	0.0
163.8899543761136	0.0
163.8999549835322	0.0
163.9099555909508	0.0
163.91995619836942	0.0
163.92995680578804	0.0
163.93995741320663	0.0
163.94995802062525	0.0
163.95995862804384	0.0
163.96995923546245	0.0
163.97995984288104	0.0
163.98996045029966	0.0
163.99996105771825	0.0
164.00996166513687	0.0
164.0199622725555	0.0
164.02996287997408	0.0
164.0399634873927	0.0
164.0499640948113	0.0
164.0599647022299	0.0
164.0699653096485	0.0
164.0799659170671	0.0
164.08996652448573	0.0
164.09996713190432	0.0
164.10996773932294	0.0
164.11996834674153	0.0
164.12996895416015	0.0
164.13996956157874	0.0
164.14997016899736	0.0
164.15997077641595	183.0
164.16997138383456	183.0
164.17997199125318	183.0
164.18997259867177	181.0
164.1999732060904	179.0
164.20997381350898	177.0
164.2199744209276	0.0
164.2299750283462	0.0
164.2399756357648	0.0
164.24997624318343	0.0
164.25997685060202	0.0
164.26997745802063	0.0
164.27997806543922	0.0
164.28997867285784	0.0
164.29997928027643	0.0
164.30997988769505	0.0
164.31998049511367	0.0
164.32998110253226	0.0
164.33998170995088	0.0
164.34998231736947	0.0
164.35998292478808	0.0
164.36998353220667	0.0
164.3799841396253	0.0
164.38998474704388	0.0
164.3999853544625	0.0
164.40998596188112	0.0
164.4199865692997	177.0
164.42998717671833	181.0
164.43998778413692	183.0
164.44998839155554	185.0
164.45998899897413	185.0
164.46998960639274	185.0
164.47999021381136	183.0
164.48999082122995	181.0
164.49999142864857	179.0
164.50999203606716	0.0
164.51999264348578	0.0
164.52999325090437	0.0
164.539993858323	0.0
164.54999446574158	0.0
164.5599950731602	0.0
164.5699956805788	0.0
164.5799962879974	0.0
164.58999689541602	0.0
164.5999975028346	0.0
164.60999811025323	0.0
164.61999871767182	0.0
164.62999932509044	0.0
164.63999993250906	0.0
164.65000053992765	0.0
164.66000114734626	0.0
164.67000175476485	0.0
164.68000236218347	0.0
164.69000296960206	0.0
164.70000357702068	0.0
164.71000418443927	0.0
164.7200047918579	0.0
164.7300053992765	0.0
164.7400060066951	0.0
164.75000661411372	0.0
164.7600072215323	0.0
164.77000782895092	0.0
164.7800084363695	0.0
164.79000904378813	0.0
164.80000965120675	0.0
164.81001025862534	0.0
164.82001086604396	0.0
164.83001147346255	0.0
164.84001208088117	0.0
164.85001268829976	0.0
164.86001329571837	0.0
164.870013903137	0.0
164.88001451055558	0.0
164.8900151179742	0.0
164.9000157253928	0.0
164.9100163328114	0.0
164.92001694023	0.0
164.93001754764862	0.0
164.9400181550672	0.0
164.95001876248583	0.0
164.96001936990444	0.0
164.97001997732303	0.0
164.98002058474165	0.0
164.99002119216024	0.0
165.00002179957886	0.0
165.01002240699745	0.0
165.02002301441607	0.0
165.0300236218347	0.0
165.04002422925328	0.0
165.0500248366719	0.0
165.06002544409048	0.0
165.0700260515091	0.0
165.0800266589277	0.0
165.0900272663463	0.0
165.1000278737649	0.0
165.11002848118352	0.0
165.12002908860214	0.0
165.13002969602073	0.0
165.14003030343935	0.0
165.15003091085794	0.0
165.16003151827655	0.0
165.17003212569514	0.0
165.18003273311376	0.0
165.19003334053238	250.0
165.20003394795097	248.0
165.2100345553696	245.0
165.22003516278818	242.0
165.2300357702068	239.0
165.2400363776254	236.0
165.250036985044	234.0
165.26003759246262	228.0
165.2700381998812	226.0
165.28003880729983	223.0
165.29003941471842	220.0
165.30004002213704	220.0
165.31004062955563	223.0
165.32004123697425	226.0
165.33004184439284	228.0
165.34004245181146	231.0
165.35004305923007	234.0
165.36004366664866	236.0
165.37004427406728	242.0
165.38004488148587	242.0
165.3900454889045	245.0
165.40004609632308	242.0
165.4100467037417	239.0
165.42004731116032	234.0
165.4300479185789	231.0
165.44004852599753	226.0
165.45004913341612	220.0
165.46004974083473	218.0
165.47005034825332	213.0
165.48005095567194	208.0
165.49005156309053	206.0
165.50005217050915	203.0
165.51005277792777	201.0
165.52005338534636	199.0
165.53005399276498	194.0
165.54005460018357	192.0
165.55005520760218	192.0
165.56005581502077	190.0
165.5700564224394	187.0
165.580057029858	187.0
165.5900576372766	185.0
165.60005824469522	183.0
165.6100588521138	181.0
165.62005945953243	179.0
165.63006006695102	177.0
165.64006067436964	175.0
165.65006128178825	173.0
165.66006188920684	171.0
165.67006249662546	171.0
165.68006310404405	169.0
165.69006371146267	167.0
165.70006431888126	165.0
165.71006492629988	165.0
165.72006553371847	165.0
165.7300661411371	167.0
165.7400667485557	167.0
165.7500673559743	169.0
165.7600679633929	169.0
165.7700685708115	169.0
165.78006917823012	169.0
165.7900697856487	169.0
165.80007039306733	169.0
165.81007100048595	171.0
165.82007160790454	171.0
165.83007221532316	173.0
165.84007282274175	175.0
165.85007343016036	177.0
165.86007403757895	179.0
165.87007464499757	181.0
165.88007525241616	181.0
165.89007585983478	181.0
165.9000764672534	181.0
165.910077074672	179.0
165.9200776820906	177.0
165.9300782895092	175.0
165.94007889692782	173.0
165.9500795043464	171.0
165.96008011176502	169.0
165.97008071918364	169.0
165.98008132660223	169.0
165.99008193402085	169.0
166.00008254143944	169.0
166.01008314885806	169.0
166.02008375627665	169.0
166.03008436369527	169.0
166.04008497111386	169.0
166.05008557853247	167.0
166.0600861859511	167.0
166.07008679336968	167.0
166.0800874007883	167.0
166.0900880082069	169.0
166.1000886156255	171.0
166.1100892230441	173.0
166.12008983046272	177.0
166.13009043788134	181.0
166.14009104529993	185.0
166.15009165271854	190.0
166.16009226013713	192.0
166.17009286755575	192.0
166.18009347497434	192.0
166.19009408239296	192.0
166.20009468981158	192.0
166.21009529723017	192.0
166.2200959046488	192.0
166.23009651206738	192.0
166.240097119486	192.0
166.25009772690458	194.0
166.2600983343232	194.0
166.2700989417418	194.0
166.2800995491604	194.0
166.29010015657903	194.0
166.30010076399762	194.0
166.31010137141624	194.0
166.32010197883483	196.0
166.33010258625345	199.0
166.34010319367204	199.0
166.35010380109065	201.0
166.36010440850927	201.0
166.37010501592786	203.0
166.38010562334648	203.0
166.39010623076507	203.0
166.4001068381837	203.0
166.41010744560228	0.0
166.4201080530209	0.0
166.4301086604395	0.0
166.4401092678581	0.0
166.45010987527672	0.0
166.4601104826953	0.0
166.47011109011393	0.0
166.48011169753252	0.0
166.49011230495114	0.0
166.50011291236973	0.0
166.51011351978835	0.0
166.52011412720697	0.0
166.53011473462556	0.0
166.54011534204417	0.0
166.55011594946276	0.0
166.56011655688138	0.0
166.57011716429997	0.0
166.5801177717186	0.0
166.5901183791372	0.0
166.6001189865558	0.0
166.61011959397442	0.0
166.620120201393	0.0
166.63012080881163	0.0
166.64012141623022	0.0
166.65012202364883	0.0
166.66012263106742	0.0
166.67012323848604	0.0
166.68012384590466	0.0
166.69012445332325	0.0
166.70012506074187	0.0
166.71012566816046	0.0
166.72012627557908	0.0
166.73012688299767	0.0
166.74012749041628	0.0
166.7501280978349	0.0
166.7601287052535	0.0
166.7701293126721	0.0
166.7801299200907	0.0
166.79013052750932	0.0
166.8001311349279	0.0
166.81013174234653	0.0
166.82013234976512	0.0
166.83013295718374	0.0
166.84013356460235	0.0
166.85013417202094	0.0
166.86013477943956	0.0
166.87013538685815	0.0
166.88013599427677	0.0
166.89013660169536	0.0
166.90013720911398	0.0
166.9101378165326	0.0
166.9201384239512	0.0
166.9301390313698	0.0
166.9401396387884	0.0
166.950140246207	0.0
166.9601408536256	0.0
166.97014146104422	0.0
166.98014206846284	0.0
166.99014267588143	0.0
167.00014328330005	0.0
167.01014389071864	0.0
167.02014449813726	0.0
167.03014510555585	0.0
167.04014571297446	0.0
167.05014632039305	0.0
167.06014692781167	0.0
167.0701475352303	0.0
167.08014814264888	0.0
167.0901487500675	0.0
167.1001493574861	0.0
167.1101499649047	0.0
167.1201505723233	0.0
167.13015117974192	0.0
167.14015178716053	0.0
167.15015239457912	0.0
167.16015300199774	0.0
167.17015360941633	0.0
167.18015421683495	0.0
167.19015482425354	0.0
167.20015543167216	0.0
167.21015603909075	0.0
167.22015664650937	0.0
167.23015725392798	0.0
167.24015786134657	0.0
167.2501584687652	0.0
167.26015907618378	0.0
167.2701596836024	0.0
167.280160291021	0.0
167.2901608984396	0.0
167.30016150585823	0.0
167.31016211327682	0.0
167.32016272069544	0.0
167.33016332811403	0.0
167.34016393553264	0.0
167.35016454295123	0.0
167.36016515036985	0.0
167.37016575778844	0.0
167.38016636520706	0.0
167.39016697262568	0.0
167.40016758004427	0.0
167.4101681874629	0.0
167.42016879488148	0.0
167.4301694023001	0.0
167.44017000971868	0.0
167.4501706171373	0.0
167.46017122455592	0.0
167.4701718319745	0.0
167.48017243939313	0.0
167.49017304681172	0.0
167.50017365423034	0.0
167.51017426164893	0.0
167.52017486906755	0.0
167.53017547648616	0.0
167.54017608390475	0.0
167.55017669132337	0.0
167.56017729874196	0.0
167.57017790616058	0.0
167.58017851357917	0.0
167.5901791209978	0.0
167.60017972841638	0.0
167.610180335835	0.0
167.62018094325362	0.0
167.6301815506722	0.0
167.64018215809082	0.0
167.6501827655094	0.0
167.66018337292803	0.0
167.67018398034662	0.0
167.68018458776524	0.0
167.69018519518386	0.0
167.70018580260245	0.0
167.71018641002107	0.0
167.72018701743966	0.0
167.73018762485827	0.0
167.74018823227686	0.0
167.75018883969548	0.0
167.76018944711407	0.0
167.7701900545327	0.0
167.7801906619513	0.0
167.7901912693699	0.0
167.80019187678852	0.0
167.8101924842071	0.0
167.82019309162573	0.0
167.83019369904432	0.0
167.84019430646293	0.0
167.85019491388155	0.0
167.86019552130014	0.0
167.87019612871876	0.0
167.88019673613735	0.0
167.89019734355597	0.0
167.90019795097456	0.0
167.91019855839318	0.0
167.9201991658118	0.0
167.93019977323038	0.0
167.940200380649	0.0
167.9502009880676	0.0
167.9602015954862	0.0
167.9702022029048	0.0
167.98020281032342	0.0
167.990203417742	0.0
168.00020402516063	0.0
168.01020463257925	0.0
168.02020523999784	0.0
168.03020584741645	0.0
168.04020645483504	0.0
168.05020706225366	0.0
168.06020766967225	0.0
168.07020827709087	0.0
168.0802088845095	0.0
168.09020949192808	0.0
168.1002100993467	0.0
168.1102107067653	0.0
168.1202113141839	0.0
168.1302119216025	0.0
168.1402125290211	0.0
168.1502131364397	0.0
168.16021374385832	0.0
168.17021435127694	0.0
168.18021495869553	0.0
168.19021556611415	0.0
168.20021617353274	0.0
168.21021678095136	0.0
168.22021738836995	0.0
168.23021799578856	0.0
168.24021860320718	0.0
168.25021921062577	0.0
168.2602198180444	0.0
168.27022042546298	0.0
168.2802210328816	0.0
168.2902216403002	0.0
168.3002222477188	0.0
168.31022285513743	0.0
168.32022346255602	0.0
168.33022406997463	0.0
168.34022467739322	0.0
168.35022528481184	0.0
168.36022589223043	0.0
168.37022649964905	0.0
168.38022710706764	0.0
168.39022771448626	0.0
168.40022832190488	0.0
168.41022892932347	0.0
168.42022953674208	0.0
168.43023014416067	0.0
168.4402307515793	0.0
168.45023135899788	0.0
168.4602319664165	0.0
168.47023257383512	0.0
168.4802331812537	0.0
168.49023378867233	0.0
168.50023439609092	0.0
168.51023500350954	0.0
168.52023561092813	0.0
168.53023621834674	0.0
168.54023682576533	0.0
168.55023743318395	0.0
168.56023804060257	0.0
168.57023864802116	0.0
168.58023925543978	0.0
168.59023986285837	0.0
168.600240470277	0.0
168.61024107769558	0.0
168.6202416851142	0.0
168.6302422925328	0.0
168.6402428999514	0.0
168.65024350737002	0.0
168.6602441147886	0.0
168.67024472220723	0.0
168.68024532962582	0.0
168.69024593704444	0.0
168.70024654446303	0.0
168.71024715188165	0.0
168.72024775930026	0.0
168.73024836671885	0.0
168.74024897413747	0.0
168.75024958155606	0.0
168.76025018897468	0.0
168.77025079639327	0.0
168.7802514038119	0.0
168.7902520112305	0.0
168.8002526186491	0.0
168.81025322606772	0.0
168.8202538334863	0.0
168.83025444090492	0.0
168.8402550483235	0.0
168.85025565574213	0.0
168.86025626316075	0.0
168.87025687057934	0.0
168.88025747799796	0.0
168.89025808541655	0.0
168.90025869283517	0.0
168.91025930025376	0.0
168.92025990767237	0.0
168.93026051509096	0.0
168.94026112250958	0.0
168.9502617299282	0.0
168.9602623373468	0.0
168.9702629447654	0.0
168.980263552184	0.0
168.99026415960262	0.0
169.0002647670212	0.0
169.01026537443983	0.0
169.02026598185844	0.0
169.03026658927703	0.0
169.04026719669565	0.0
169.05026780411424	0.0
169.06026841153286	0.0
169.07026901895145	0.0
169.08026962637007	0.0
169.09027023378866	0.0
169.10027084120728	0.0
169.1102714486259	0.0
169.12027205604448	0.0
169.1302726634631	0.0
169.1402732708817	0.0
169.1502738783003	0.0
169.1602744857189	0.0
169.17027509313752	0.0
169.18027570055614	0.0
169.19027630797473	0.0
169.20027691539335	0.0
169.21027752281194	0.0
169.22027813023055	0.0
169.23027873764914	0.0
169.24027934506776	0.0
169.25027995248638	0.0
169.26028055990497	0.0
169.2702811673236	0.0
169.28028177474218	0.0
169.2902823821608	0.0
169.3002829895794	0.0
169.310283596998	0.0
169.3202842044166	0.0
169.3302848118352	0.0
169.34028541925383	0.0
169.35028602667242	0.0
169.36028663409104	0.0
169.37028724150963	0.0
169.38028784892825	0.0
169.39028845634684	0.0
169.40028906376546	0.0
169.41028967118407	0.0
169.42029027860266	0.0
169.43029088602128	0.0
169.44029149343987	0.0
169.4502921008585	0.0
169.46029270827708	0.0
169.4702933156957	0.0
169.4802939231143	0.0
169.4902945305329	0.0
169.50029513795153	0.0
169.51029574537012	0.0
169.52029635278873	0.0
169.53029696020732	0.0
169.54029756762594	0.0
169.55029817504453	0.0
169.56029878246315	0.0
169.57029938988177	0.0
169.58029999730036	0.0
169.59030060471898	0.0
169.60030121213757	0.0
169.61030181955618	0.0
169.62030242697477	0.0
169.6303030343934	265.0
169.640303641812	268.0
169.6503042492306	272.0
169.66030485664922	275.0
169.6703054640678	275.0
169.68030607148643	0.0
169.69030667890502	275.0
169.70030728632364	272.0
169.71030789374223	272.0
169.72030850116084	268.0
169.73030910857946	268.0
169.74030971599805	268.0
169.75031032341667	268.0
169.76031093083526	268.0
169.77031153825388	272.0
169.78031214567247	272.0
169.7903127530911	272.0
169.8003133605097	272.0
169.8103139679283	272.0
169.8203145753469	272.0
169.8303151827655	272.0
169.84031579018412	268.0
169.8503163976027	265.0
169.86031700502133	262.0
169.87031761243992	259.0
169.88031821985854	253.0
169.89031882727716	245.0
169.90031943469575	239.0
169.91032004211436	234.0
169.92032064953295	0.0
169.93032125695157	0.0
169.94032186437016	0.0
169.95032247178878	0.0
169.9603230792074	0.0
169.970323686626	0.0
169.9803242940446	0.0
169.9903249014632	0.0
170.00032550888182	363.0
170.0103261163004	367.0
170.02032672371902	371.0
170.0303273311376	0.0
170.04032793855623	0.0
170.05032854597485	0.0
170.06032915339344	0.0
170.07032976081206	0.0
170.08033036823065	0.0
170.09033097564927	0.0
170.10033158306786	0.0
170.11033219048647	338.0
170.1203327979051	338.0
170.13033340532368	338.0
170.1403340127423	338.0
170.1503346201609	338.0
170.1603352275795	338.0
170.1703358349981	338.0
170.18033644241672	338.0
170.19033704983534	338.0
170.20033765725393	338.0
170.21033826467254	338.0
170.22033887209113	0.0
170.23033947950975	0.0
170.24034008692834	0.0
170.25034069434696	346.0
170.26034130176555	354.0
170.27034190918417	358.0
170.2803425166028	367.0
170.29034312402138	371.0
170.30034373144	375.0
170.31034433885858	380.0
170.3203449462772	380.0
170.3303455536958	375.0
170.3403461611144	371.0
170.35034676853303	363.0
170.36034737595162	354.0
170.37034798337024	342.0
170.38034859078883	331.0
170.39034919820745	316.0
170.40034980562604	305.0
170.41035041304465	294.0
170.42035102046324	284.0
170.43035162788186	278.0
170.44035223530048	272.0
170.45035284271907	268.0
170.4603534501377	265.0
170.47035405755628	265.0
170.4803546649749	265.0
170.4903552723935	265.0
170.5003558798121	262.0
170.51035648723072	259.0
170.5203570946493	253.0
170.53035770206793	245.0
170.54035830948652	236.0
170.55035891690514	231.0
170.56035952432373	228.0
170.57036013174235	226.0
170.58036073916097	226.0
170.59036134657956	226.0
170.60036195399817	231.0
170.61036256141676	236.0
170.62036316883538	250.0
170.63036377625397	256.0
170.6403643836726	259.0
170.65036499109118	259.0
170.6603655985098	259.0
170.67036620592842	259.0
170.680366813347	259.0
170.69036742076563	259.0
170.70036802818422	259.0
170.71036863560283	259.0
170.72036924302142	262.0
170.73036985044004	262.0
170.74037045785866	262.0
170.75037106527725	262.0
170.76037167269587	265.0
170.77037228011446	265.0
170.78037288753308	265.0
170.79037349495167	265.0
170.80037410237028	265.0
170.81037470978887	265.0
170.8203753172075	265.0
170.8303759246261	265.0
170.8403765320447	265.0
170.85037713946332	265.0
170.8603777468819	265.0
170.87037835430053	265.0
170.88037896171912	265.0
170.89037956913774	265.0
170.90038017655635	265.0
170.91038078397494	265.0
170.92038139139356	268.0
170.93038199881215	268.0
170.94038260623077	268.0
170.95038321364936	268.0
170.96038382106798	268.0
170.97038442848657	272.0
170.9803850359052	272.0
170.9903856433238	272.0
171.0003862507424	268.0
171.010386858161	268.0
171.0203874655796	268.0
171.03038807299822	265.0
171.0403886804168	265.0
171.05038928783543	262.0
171.06038989525405	262.0
171.07039050267264	265.0
171.08039111009126	268.0
171.09039171750985	275.0
171.10039232492846	288.0
171.11039293234705	308.0
171.12039353976567	319.0
171.1303941471843	338.0
171.14039475460288	354.0
171.1503953620215	375.0
171.1603959694401	393.0
171.1703965768587	407.0
171.1803971842773	412.0
171.19039779169591	412.0
171.2003983991145	407.0
171.21039900653312	398.0
171.22039961395174	389.0
171.23040022137033	375.0
171.24040082878895	371.0
171.25040143620754	363.0
171.26040204362616	358.0
171.27040265104475	354.0
171.28040325846337	350.0
171.29040386588198	346.0
171.30040447330057	342.0
171.3104050807192	338.0
171.32040568813778	338.0
171.3304062955564	334.0
171.340406902975	334.0
171.3504075103936	334.0
171.3604081178122	334.0
171.37040872523082	334.0
171.38040933264944	334.0
171.39040994006803	334.0
171.40041054748664	334.0
171.41041115490523	334.0
171.42041176232385	334.0
171.43041236974244	334.0
171.44041297716106	334.0
171.45041358457968	334.0
171.46041419199827	334.0
171.4704147994169	334.0
171.48041540683548	334.0
171.4904160142541	334.0
171.50041662167268	334.0
171.5104172290913	331.0
171.52041783650992	331.0
171.5304184439285	331.0
171.54041905134713	331.0
171.55041965876572	331.0
171.56042026618434	331.0
171.57042087360293	331.0
171.58042148102155	331.0
171.59042208844014	331.0
171.60042269585875	334.0
171.61042330327737	334.0
171.62042391069596	338.0
171.63042451811458	346.0
171.64042512553317	354.0
171.6504257329518	358.0
171.66042634037038	363.0
171.670426947789	363.0
171.68042755520761	363.0
171.6904281626262	363.0
171.70042877004482	358.0
171.7104293774634	354.0
171.72042998488203	346.0
171.73043059230062	342.0
171.74043119971924	338.0
171.75043180713783	338.0
171.76043241455645	338.0
171.77043302197507	338.0
171.78043362939366	338.0
171.79043423681227	338.0
171.80043484423086	338.0
171.81043545164948	338.0
171.82043605906807	338.0
171.8304366664867	338.0
171.8404372739053	338.0
171.8504378813239	338.0
171.86043848874252	338.0
171.8704390961611	338.0
171.88043970357973	338.0
171.89044031099831	338.0
171.90044091841693	338.0
171.91044152583555	338.0
171.92044213325414	338.0
171.93044274067276	342.0
171.94044334809135	346.0
171.95044395550997	354.0
171.96044456292856	358.0
171.97044517034718	363.0
171.98044577776577	367.0
171.99044638518438	367.0
172.000446992603	367.0
172.0104476000216	363.0
172.0204482074402	363.0
172.0304488148588	358.0
172.04044942227742	354.0
172.050450029696	350.0
172.06045063711463	346.0
172.07045124453325	346.0
172.08045185195184	346.0
172.09045245937045	342.0
172.10045306678904	342.0
172.11045367420766	342.0
172.12045428162625	342.0
172.13045488904487	342.0
172.14045549646346	342.0
172.15045610388208	342.0
172.1604567113007	342.0
172.1704573187193	338.0
172.1804579261379	338.0
172.1904585335565	338.0
172.2004591409751	338.0
172.2104597483937	338.0
172.22046035581232	342.0
172.23046096323094	342.0
172.24046157064953	342.0
172.25046217806815	346.0
172.26046278548674	350.0
172.27046339290536	358.0
172.28046400032395	363.0
172.29046460774256	367.0
172.30046521516115	367.0
172.31046582257977	371.0
172.3204664299984	371.0
172.33046703741698	367.0
172.3404676448356	363.0
172.3504682522542	363.0
172.3604688596728	358.0
172.3704694670914	354.0
172.38047007451001	350.0
172.39047068192863	346.0
172.40047128934722	342.0
172.41047189676584	342.0
172.42047250418443	342.0
172.43047311160305	342.0
172.44047371902164	338.0
172.45047432644026	338.0
172.46047493385888	338.0
172.47047554127747	338.0
172.48047614869608	338.0
172.49047675611467	338.0
172.5004773635333	338.0
172.51047797095188	334.0
172.5204785783705	338.0
172.5304791857891	338.0
172.5404797932077	342.0
172.55048040062633	346.0
172.56048100804492	354.0
172.57048161546354	358.0
172.58048222288213	367.0
172.59048283030074	380.0
172.60048343771933	398.0
172.61048404513795	412.0
172.62048465255657	417.0
172.63048525997516	417.0
172.64048586739378	412.0
172.65048647481237	402.0
172.660487082231	393.0
172.67048768964958	389.0
172.6804882970682	380.0
172.69048890448678	371.0
172.7004895119054	363.0
172.71049011932402	358.0
172.7204907267426	354.0
172.73049133416123	350.0
172.74049194157982	342.0
172.75049254899844	342.0
172.76049315641703	338.0
172.77049376383565	338.0
172.78049437125426	338.0
172.79049497867285	338.0
172.80049558609147	338.0
172.81049619351006	338.0
172.82049680092868	338.0
172.83049740834727	338.0
172.8404980157659	338.0
172.8504986231845	342.0
172.8604992306031	342.0
172.87049983802171	346.0
172.8805004454403	350.0
172.89050105285892	354.0
172.9005016602775	358.0
172.91050226769613	363.0
172.92050287511472	367.0
172.93050348253334	371.0
172.94050408995196	371.0
172.95050469737055	371.0
172.96050530478917	367.0
172.97050591220776	363.0
172.98050651962637	358.0
172.99050712704496	354.0
173.00050773446358	346.0
173.0105083418822	342.0
173.0205089493008	334.0
173.0305095567194	331.0
173.040510164138	323.0
173.05051077155662	316.0
173.0605113789752	308.0
173.07051198639383	301.0
173.08051259381241	294.0
173.09051320123103	291.0
173.10051380864965	284.0
173.11051441606824	281.0
173.12051502348686	281.0
173.13051563090545	278.0
173.14051623832407	278.0
173.15051684574266	275.0
173.16051745316128	272.0
173.1705180605799	272.0
173.18051866799848	268.0
173.1905192754171	268.0
173.2005198828357	268.0
173.2105204902543	268.0
173.2205210976729	268.0
173.23052170509152	268.0
173.24052231251014	265.0
173.25052291992873	262.0
173.26052352734735	256.0
173.27052413476594	250.0
173.28052474218455	248.0
173.29052534960314	245.0
173.30052595702176	248.0
173.31052656444035	259.0
173.32052717185897	291.0
173.3305277792776	319.0
173.34052838669618	342.0
173.3505289941148	354.0
173.3605296015334	358.0
173.370530208952	358.0
173.3805308163706	358.0
173.3905314237892	354.0
173.40053203120783	350.0
173.41053263862642	346.0
173.42053324604504	342.0
173.43053385346363	342.0
173.44053446088225	338.0
173.45053506830084	338.0
173.46053567571946	338.0
173.47053628313805	338.0
173.48053689055666	338.0
173.49053749797528	334.0
173.50053810539387	334.0
173.5105387128125	334.0
173.52053932023108	334.0
173.5305399276497	334.0
173.5405405350683	338.0
173.5505411424869	342.0
173.56054174990552	350.0
173.57054235732411	358.0
173.58054296474273	363.0
173.59054357216132	367.0
173.60054417957994	375.0
173.61054478699853	375.0
173.62054539441715	375.0
173.63054600183574	371.0
173.64054660925436	363.0
173.65054721667298	350.0
173.66054782409157	331.0
173.67054843151018	308.0
173.68054903892877	272.0
173.6905496463474	262.0
173.70055025376598	259.0
173.7105508611846	259.0
173.72055146860322	265.0
173.7305520760218	278.0
173.74055268344043	298.0
173.75055329085902	312.0
173.76055389827764	323.0
173.77055450569623	338.0
173.78055511311484	350.0
173.79055572053346	354.0
173.80055632795205	358.0
173.81055693537067	363.0
173.82055754278926	358.0
173.83055815020788	354.0
173.84055875762647	354.0
173.8505593650451	350.0
173.86055997246368	346.0
173.8705605798823	346.0
173.8805611873009	346.0
173.8905617947195	342.0
173.90056240213812	338.0
173.9105630095567	334.0
173.92056361697533	331.0
173.93056422439392	327.0
173.94056483181254	323.0
173.95056543923116	323.0
173.96056604664975	319.0
173.97056665406836	319.0
173.98056726148695	323.0
173.99056786890557	327.0
174.00056847632416	334.0
174.01056908374278	346.0
174.02056969116137	367.0
174.03057029858	380.0
174.0405709059986	393.0
174.0505715134172	402.0
174.06057212083581	412.0
174.0705727282544	412.0
174.08057333567302	417.0
174.0905739430916	0.0
174.10057455051023	0.0
174.11057515792885	0.0
174.12057576534744	0.0
174.13057637276606	0.0
174.14057698018465	412.0
174.15057758760327	412.0
174.16057819502186	412.0
174.17057880244047	412.0
174.1805794098591	412.0
174.19058001727768	412.0
174.2005806246963	407.0
174.2105812321149	407.0
174.2205818395335	407.0
174.2305824469521	407.0
174.24058305437072	407.0
174.2505836617893	402.0
174.26058426920792	402.0
174.27058487662654	407.0
174.28058548404513	407.0
174.29058609146375	407.0
174.30058669888234	407.0
174.31058730630096	407.0
174.32058791371955	407.0
174.33058852113817	407.0
174.3405891285568	407.0
174.35058973597538	412.0
174.360590343394	412.0
174.37059095081258	412.0
174.3805915582312	412.0
174.3905921656498	412.0
174.4005927730684	412.0
174.410593380487	412.0
174.42059398790562	412.0
174.43059459532424	412.0
174.44059520274283	407.0
174.45059581016145	407.0
174.46059641758004	407.0
174.47059702499865	407.0
174.48059763241724	407.0
174.49059823983586	407.0
174.50059884725448	402.0
174.51059945467307	402.0
174.5206000620917	398.0
174.53060066951028	398.0
174.5406012769289	0.0
174.5506018843475	0.0
174.5606024917661	0.0
174.57060309918472	0.0
174.5806037066033	0.0
174.59060431402193	0.0
174.60060492144052	0.0
174.61060552885914	0.0
174.62060613627773	0.0
174.63060674369635	0.0
174.64060735111494	0.0
174.65060795853356	371.0
174.66060856595217	367.0
174.67060917337076	363.0
174.68060978078938	358.0
174.69061038820797	350.0
174.7006109956266	346.0
174.71061160304518	342.0
174.7206122104638	338.0
174.73061281788242	334.0
174.740613425301	334.0
174.75061403271962	331.0
174.76061464013821	331.0
174.77061524755683	331.0
174.78061585497542	334.0
174.79061646239404	338.0
174.80061706981263	342.0
174.81061767723125	346.0
174.82061828464987	354.0
174.83061889206846	358.0
174.84061949948708	367.0
174.85062010690567	371.0
174.86062071432428	375.0
174.87062132174287	371.0
174.8806219291615	367.0
174.8906225365801	363.0
174.9006231439987	354.0
174.91062375141732	354.0
174.9206243588359	0.0
174.93062496625453	346.0
174.94062557367312	342.0
174.95062618109174	338.0
174.96062678851033	334.0
174.97062739592894	334.0
174.98062800334756	334.0
174.99062861076615	338.0
175.00062921818477	342.0
175.01062982560336	346.0
175.02063043302198	354.0
175.03063104044057	367.0
175.0406316478592	375.0
175.0506322552778	384.0
175.0606328626964	393.0
175.070633470115	402.0
175.0806340775336	407.0
175.09063468495222	407.0
175.1006352923708	412.0
175.11063589978943	412.0
175.12063650720805	407.0
175.13063711462664	407.0
175.14063772204526	407.0
175.15063832946385	407.0
175.16063893688246	407.0
175.17063954430105	407.0
175.18064015171967	407.0
175.19064075913826	407.0
175.20064136655688	412.0
175.2106419739755	412.0
175.2206425813941	412.0
175.2306431888127	412.0
175.2406437962313	412.0
175.25064440364991	412.0
175.2606450110685	407.0
175.27064561848712	407.0
175.28064622590574	407.0
175.29064683332433	407.0
175.30064744074295	407.0
175.31064804816154	407.0
175.32064865558016	407.0
175.33064926299875	407.0
175.34064987041737	407.0
175.35065047783596	407.0
175.36065108525457	0.0
175.3706516926732	407.0
175.38065230009178	407.0
175.3906529075104	407.0
175.400653514929	407.0
175.4106541223476	407.0
175.4206547297662	407.0
175.43065533718482	407.0
175.44065594460344	402.0
175.45065655202202	402.0
175.46065715944064	398.0
175.47065776685923	398.0
175.48065837427785	393.0
175.49065898169644	384.0
175.50065958911506	380.0
175.51066019653368	367.0
175.52066080395227	354.0
175.5306614113709	346.0
175.54066201878948	338.0
175.5506626262081	331.0
175.56066323362668	327.0
175.5706638410453	327.0
175.5806644484639	334.0
175.5906650558825	342.0
175.60066566330113	350.0
175.61066627071972	363.0
175.62066687813834	375.0
175.63066748555693	389.0
175.64066809297555	398.0
175.65066870039414	407.0
175.66066930781275	412.0
175.67066991523137	417.0
175.68067052264996	417.0
175.69067113006858	412.0
175.70067173748717	407.0
175.7106723449058	402.0
175.72067295232438	393.0
175.730673559743	384.0
175.7406741671616	375.0
175.7506747745802	371.0
175.76067538199882	363.0
175.7706759894174	358.0
175.78067659683603	354.0
175.79067720425462	350.0
175.80067781167324	350.0
175.81067841909183	346.0
175.82067902651045	346.0
175.83067963392907	342.0
175.84068024134766	342.0
175.85068084876627	342.0
175.86068145618486	342.0
175.87068206360348	346.0
175.88068267102207	346.0
175.8906832784407	350.0
175.9006838858593	354.0
175.9106844932779	358.0
175.92068510069652	363.0
175.9306857081151	367.0
175.94068631553372	375.0
175.95068692295231	380.0
175.96068753037093	380.0
175.97068813778952	375.0
175.98068874520814	338.0
175.99068935262676	327.0
176.00068996004535	316.0
176.01069056746397	298.0
176.02069117488256	250.0
176.03069178230118	239.0
176.04069238971977	234.0
176.05069299713838	231.0
176.060693604557	236.0
176.0706942119756	245.0
176.0806948193942	256.0
176.0906954268128	265.0
176.10069603423142	268.0
176.11069664165	268.0
176.12069724906863	272.0
176.13069785648722	272.0
176.14069846390584	272.0
176.15069907132445	272.0
176.16069967874304	272.0
176.17070028616166	272.0
176.18070089358025	272.0
176.19070150099887	272.0
176.20070210841746	272.0
176.21070271583608	272.0
176.2207033232547	272.0
176.2307039306733	272.0
176.2407045380919	272.0
176.2507051455105	272.0
176.2607057529291	272.0
176.2707063603477	272.0
176.28070696776632	272.0
176.2907075751849	272.0
176.30070818260353	272.0
176.31070879002215	272.0
176.32070939744074	272.0
176.33071000485936	272.0
176.34071061227795	272.0
176.35071121969656	272.0
176.36071182711515	272.0
176.37071243453377	272.0
176.3807130419524	272.0
176.39071364937098	272.0
176.4007142567896	272.0
176.4107148642082	272.0
176.4207154716268	272.0
176.4307160790454	268.0
176.44071668646401	268.0
176.45071729388263	268.0
176.46071790130122	268.0
176.47071850871984	268.0
176.48071911613843	268.0
176.49071972355705	272.0
176.50072033097564	272.0
176.51072093839426	272.0
176.52072154581285	272.0
176.53072215323147	272.0
176.54072276065008	272.0
176.55072336806867	272.0
176.5607239754873	272.0
176.57072458290588	272.0
176.5807251903245	272.0
176.5907257977431	272.0
176.6007264051617	272.0
176.61072701258033	272.0
176.62072761999892	268.0
176.63072822741753	268.0
176.64072883483612	268.0
176.65072944225474	242.0
176.66073004967333	239.0
176.67073065709195	228.0
176.68073126451054	226.0
176.69073187192916	226.0
176.70073247934778	234.0
176.71073308676637	242.0
176.720733694185	253.0
176.73073430160358	262.0
176.7407349090222	268.0
176.75073551644078	272.0
176.7607361238594	272.0
176.77073673127802	272.0
176.7807373386966	272.0
176.79073794611523	272.0
176.80073855353382	272.0
176.81073916095244	272.0
176.82073976837103	268.0
176.83074037578965	268.0
176.84074098320826	268.0
176.85074159062685	268.0
176.86074219804547	268.0
176.87074280546406	268.0
176.88074341288268	272.0
176.89074402030127	272.0
176.9007446277199	272.0
176.91074523513848	272.0
176.9207458425571	272.0
176.93074644997571	272.0
176.9407470573943	268.0
176.95074766481292	268.0
176.9607482722315	265.0
176.97074887965013	262.0
176.98074948706872	259.0
176.99075009448734	253.0
177.00075070190596	245.0
177.01075130932455	239.0
177.02075191674317	228.0
177.03075252416176	220.0
177.04075313158037	215.0
177.05075373899896	213.0
177.06075434641758	213.0
177.07075495383617	215.0
177.0807555612548	223.0
177.0907561686734	234.0
177.100756776092	245.0
177.11075738351062	250.0
177.1207579909292	259.0
177.13075859834782	265.0
177.14075920576641	272.0
177.15075981318503	275.0
177.16076042060365	275.0
177.17076102802224	272.0
177.18076163544086	272.0
177.19076224285945	268.0
177.20076285027807	265.0
177.21076345769666	259.0
177.22076406511528	256.0
177.2307646725339	250.0
177.24076527995248	242.0
177.2507658873711	236.0
177.2607664947897	231.0
177.2707671022083	228.0
177.2807677096269	228.0
177.29076831704552	231.0
177.3007689244641	239.0
177.31076953188273	250.0
177.32077013930135	265.0
177.33077074671994	278.0
177.34077135413855	291.0
177.35077196155714	294.0
177.36077256897576	298.0
177.37077317639435	294.0
177.38077378381297	288.0
177.3907743912316	281.0
177.40077499865018	272.0
177.4107756060688	259.0
177.4207762134874	248.0
177.430776820906	234.0
177.4407774283246	223.0
177.4507780357432	218.0
177.4607786431618	215.0
177.47077925058042	213.0
177.48077985799904	215.0
177.49078046541763	220.0
177.50078107283625	223.0
177.51078168025484	228.0
177.52078228767346	231.0
177.53078289509205	234.0
177.54078350251066	236.0
177.55078410992928	236.0
177.56078471734787	239.0
177.5707853247665	239.0
177.58078593218508	239.0
177.5907865396037	239.0
177.6007871470223	239.0
177.6107877544409	239.0
177.6207883618595	239.0
177.63078896927811	239.0
177.64078957669673	239.0
177.65079018411532	242.0
177.66079079153394	242.0
177.67079139895253	245.0
177.68079200637115	245.0
177.69079261378974	245.0
177.70079322120836	242.0
177.71079382862698	242.0
177.72079443604557	239.0
177.73079504346418	234.0
177.74079565088277	231.0
177.7507962583014	226.0
177.76079686571998	223.0
177.7707974731386	220.0
177.78079808055722	220.0
177.7907986879758	220.0
177.80079929539443	220.0
177.81079990281302	220.0
177.82080051023163	223.0
177.83080111765022	223.0
177.84080172506884	223.0
177.85080233248743	223.0
177.86080293990605	223.0
177.87080354732467	223.0
177.88080415474326	223.0
177.89080476216188	226.0
177.90080536958047	226.0
177.9108059769991	226.0
177.92080658441768	226.0
177.9308071918363	228.0
177.9408077992549	228.0
177.9508084066735	231.0
177.96080901409212	234.0
177.9708096215107	236.0
177.98081022892933	239.0
177.99081083634792	242.0
178.00081144376654	242.0
178.01081205118513	239.0
178.02081265860375	234.0
178.03081326602236	228.0
178.04081387344095	220.0
178.05081448085957	213.0
178.06081508827816	206.0
178.07081569569678	201.0
178.08081630311537	196.0
178.090816910534	194.0
178.1008175179526	196.0
178.1108181253712	196.0
178.12081873278981	199.0
178.1308193402084	201.0
178.14081994762702	206.0
178.1508205550456	0.0
178.16082116246423	0.0
178.17082176988285	0.0
178.18082237730144	0.0
178.19082298472006	0.0
178.20082359213865	0.0
178.21082419955727	0.0
178.22082480697586	0.0
178.23082541439447	0.0
178.24082602181306	0.0
178.25082662923168	0.0
178.2608272366503	0.0
178.2708278440689	0.0
178.2808284514875	0.0
178.2908290589061	0.0
178.30082966632472	0.0
178.3108302737433	0.0
178.32083088116192	0.0
178.33083148858054	0.0
178.34083209599913	0.0
178.35083270341775	0.0
178.36083331083634	0.0
178.37083391825496	0.0
178.38083452567355	0.0
178.39083513309217	0.0
178.40083574051076	0.0
178.41083634792938	0.0
178.420836955348	0.0
178.43083756276658	0.0
178.4408381701852	0.0
178.4508387776038	0.0
178.4608393850224	0.0
178.470839992441	0.0
178.48084059985962	0.0
178.49084120727824	0.0
178.50084181469683	0.0
178.51084242211545	0.0
178.52084302953403	0.0
178.53084363695265	0.0
178.54084424437124	0.0
178.55084485178986	0.0
178.56084545920848	0.0
178.57084606662707	0.0
178.5808466740457	0.0
178.59084728146428	0.0
178.6008478888829	0.0
178.6108484963015	0.0
178.6208491037201	0.0
178.6308497111387	0.0
178.6408503185573	0.0
178.65085092597593	0.0
178.66085153339452	0.0
178.67085214081314	0.0
178.68085274823173	0.0
178.69085335565035	0.0
178.70085396306894	0.0
178.71085457048756	0.0
178.72085517790617	0.0
178.73085578532476	0.0
178.74085639274338	0.0
178.75085700016197	0.0
178.7608576075806	0.0
178.77085821499918	0.0
178.7808588224178	0.0
178.7908594298364	0.0
178.800860037255	0.0
178.81086064467362	0.0
178.82086125209221	228.0
178.83086185951083	231.0
178.84086246692942	231.0
178.85086307434804	234.0
178.86086368176663	0.0
178.87086428918525	0.0
178.88086489660387	0.0
178.89086550402246	0.0
178.90086611144108	0.0
178.91086671885967	0.0
178.92086732627828	0.0
178.93086793369687	0.0
178.9408685411155	0.0
178.95086914853408	0.0
178.9608697559527	0.0
178.97087036337132	0.0
178.9808709707899	0.0
178.99087157820853	0.0
179.00087218562712	0.0
179.01087279304573	0.0
179.02087340046432	0.0
179.03087400788294	0.0
179.04087461530156	0.0
179.05087522272015	0.0
179.06087583013877	0.0
179.07087643755736	0.0
179.08087704497598	0.0
179.09087765239457	0.0
179.1008782598132	0.0
179.1108788672318	0.0
179.1208794746504	0.0
179.130880082069	213.0
179.1408806894876	210.0
179.15088129690622	210.0
179.1608819043248	0.0
179.17088251174343	0.0
179.18088311916202	0.0
179.19088372658064	0.0
179.20088433399926	0.0
179.21088494141785	239.0
179.22088554883646	242.0
179.23088615625505	242.0
179.24088676367367	245.0
179.25088737109226	245.0
179.26088797851088	245.0
179.2708885859295	245.0
179.2808891933481	245.0
179.2908898007667	245.0
179.3008904081853	245.0
179.31089101560391	245.0
179.3208916230225	245.0
179.33089223044112	242.0
179.3408928378597	242.0
179.35089344527833	242.0
179.36089405269695	239.0
179.37089466011554	239.0
179.38089526753416	236.0
179.39089587495275	234.0
179.40089648237137	231.0
179.41089708978996	228.0
179.42089769720857	223.0
179.4308983046272	220.0
179.44089891204578	215.0
179.4508995194644	210.0
179.460900126883	206.0
179.4709007343016	203.0
179.4809013417202	199.0
179.49090194913882	196.0
179.50090255655743	194.0
179.51090316397602	194.0
179.52090377139464	194.0
179.53090437881323	196.0
179.54090498623185	199.0
179.55090559365044	203.0
179.56090620106906	208.0
179.57090680848765	210.0
179.58090741590627	215.0
179.5909080233249	223.0
179.60090863074348	228.0
179.6109092381621	228.0
179.62090984558068	231.0
179.6309104529993	231.0
179.6409110604179	228.0
179.6509116678365	228.0
179.66091227525513	228.0
179.67091288267372	228.0
179.68091349009234	228.0
179.69091409751093	226.0
179.70091470492954	226.0
179.71091531234813	226.0
179.72091591976675	226.0
179.73091652718534	226.0
179.74091713460396	226.0
179.75091774202258	226.0
179.76091834944117	226.0
179.7709189568598	223.0
179.78091956427838	223.0
179.790920171697	223.0
179.8009207791156	223.0
179.8109213865342	223.0
179.82092199395282	223.0
179.8309226013714	223.0
179.84092320879003	223.0
179.85092381620862	223.0
179.86092442362724	226.0
179.87092503104583	226.0
179.88092563846445	226.0
179.89092624588307	226.0
179.90092685330166	226.0
179.91092746072027	228.0
179.92092806813886	228.0
179.93092867555748	228.0
179.94092928297607	228.0
179.9509298903947	228.0
179.96093049781328	228.0
179.9709311052319	228.0
179.98093171265052	226.0
179.9909323200691	226.0
180.00093292748772	223.0
180.01093353490631	223.0
180.02093414232493	220.0
180.03093474974352	220.0
180.04093535716214	218.0
180.05093596458076	218.0
180.06093657199935	220.0
180.07093717941797	223.0
180.08093778683656	231.0
180.09093839425518	236.0
180.10093900167377	242.0
180.11093960909238	250.0
180.12094021651097	256.0
180.1309408239296	262.0
180.1409414313482	265.0
180.1509420387668	265.0
180.16094264618542	268.0
180.170943253604	272.0
180.18094386102263	275.0
180.19094446844122	281.0
180.20094507585983	281.0
180.21094568327845	278.0
180.22094629069704	272.0
180.23094689811566	262.0
180.24094750553425	259.0
180.25094811295287	253.0
180.26094872037146	248.0
180.27094932779008	239.0
180.28094993520867	234.0
180.2909505426273	228.0
180.3009511500459	223.0
180.3109517574645	218.0
180.3209523648831	218.0
180.3309529723017	215.0
180.34095357972032	215.0
180.3509541871389	220.0
180.36095479455753	226.0
180.37095540197615	234.0
180.38095600939474	242.0
180.39095661681336	250.0
180.40095722423195	256.0
180.41095783165056	265.0
180.42095843906915	272.0
180.43095904648777	275.0
180.4409596539064	275.0
180.45096026132498	275.0
180.4609608687436	275.0
180.4709614761622	272.0
180.4809620835808	272.0
180.4909626909994	272.0
180.50096329841801	272.0
180.5109639058366	272.0
180.52096451325522	268.0
180.53096512067384	268.0
180.54096572809243	268.0
180.55096633551105	268.0
180.56096694292964	268.0
180.57096755034826	268.0
180.58096815776685	268.0
180.59096876518547	268.0
180.60096937260408	272.0
180.61096998002267	272.0
180.6209705874413	272.0
180.63097119485988	272.0
180.6409718022785	272.0
180.6509724096971	272.0
180.6609730171157	272.0
180.6709736245343	268.0
180.68097423195292	268.0
180.69097483937153	268.0
180.70097544679012	265.0
180.71097605420874	265.0
180.72097666162733	265.0
180.73097726904595	265.0
180.74097787646454	265.0
180.75097848388316	268.0
180.76097909130178	268.0
180.77097969872037	272.0
180.78098030613899	272.0
180.79098091355758	272.0
180.8009815209762	272.0
180.81098212839478	272.0
180.8209827358134	268.0
180.83098334323202	268.0
180.8409839506506	268.0
180.85098455806923	265.0
180.86098516548782	262.0
180.87098577290644	259.0
180.88098638032503	259.0
180.89098698774364	259.0
180.90098759516223	262.0
180.91098820258085	268.0
180.92098880999947	275.0
180.93098941741806	294.0
180.94099002483668	316.0
180.95099063225527	342.0
180.9609912396739	367.0
180.97099184709248	375.0
180.9809924545111	375.0
180.99099306192971	380.0
181.0009936693483	375.0
181.01099427676692	371.0
181.0209948841855	363.0
181.03099549160413	358.0
181.04099609902272	350.0
181.05099670644134	346.0
181.06099731385993	338.0
181.07099792127855	338.0
181.08099852869717	338.0
181.09099913611576	334.0
181.10099974353437	334.0
181.11100035095296	334.0
181.12100095837158	338.0
181.13100156579017	338.0
181.1410021732088	338.0
181.1510027806274	338.0
181.161003388046	338.0
181.17100399546462	338.0
181.1810046028832	338.0
181.19100521030182	338.0
181.20100581772041	338.0
181.21100642513903	342.0
181.22100703255765	350.0
181.23100763997624	358.0
181.24100824739486	363.0
181.25100885481345	371.0
181.26100946223207	371.0
181.27101006965066	375.0
181.28101067706928	375.0
181.29101128448787	375.0
181.30101189190648	371.0
181.3110124993251	367.0
181.3210131067437	358.0
181.3310137141623	350.0
181.3410143215809	338.0
181.35101492899952	327.0
181.3610155364181	319.0
181.37101614383673	312.0
181.38101675125534	301.0
181.39101735867393	298.0
181.40101796609255	291.0
181.41101857351114	288.0
181.42101918092976	284.0
181.43101978834835	281.0
181.44102039576697	278.0
181.45102100318556	275.0
181.46102161060418	272.0
181.4710222180228	272.0
181.48102282544139	272.0
181.49102343286	272.0
181.5010240402786	268.0
181.5110246476972	268.0
181.5210252551158	262.0
181.53102586253442	256.0
181.54102646995304	245.0
181.55102707737163	242.0
181.56102768479025	239.0
181.57102829220884	236.0
181.58102889962746	239.0
181.59102950704604	248.0
181.60103011446466	265.0
181.61103072188325	268.0
181.62103132930187	272.0
181.6310319367205	272.0
181.64103254413908	272.0
181.6510331515577	272.0
181.6610337589763	272.0
181.6710343663949	272.0
181.6810349738135	272.0
181.69103558123211	268.0
181.70103618865073	268.0
181.71103679606932	268.0
181.72103740348794	268.0
181.73103801090653	268.0
181.74103861832515	268.0
181.75103922574374	268.0
181.76103983316236	268.0
181.77104044058098	268.0
181.78104104799957	268.0
181.79104165541818	268.0
181.80104226283677	268.0
181.8110428702554	268.0
181.82104347767398	268.0
181.8310440850926	272.0
181.8410446925112	272.0
181.8510452999298	272.0
181.86104590734843	272.0
181.87104651476702	272.0
181.88104712218563	272.0
181.89104772960422	272.0
181.90104833702284	272.0
181.91104894444143	272.0
181.92104955186005	272.0
181.93105015927867	272.0
181.94105076669726	272.0
181.95105137411588	272.0
181.96105198153447	272.0
181.97105258895309	272.0
181.98105319637168	272.0
181.9910538037903	272.0
182.00105441120888	272.0
182.0110550186275	275.0
182.02105562604612	275.0
182.0310562334647	272.0
182.04105684088333	272.0
182.05105744830192	272.0
182.06105805572054	272.0
182.07105866313913	272.0
182.08105927055774	272.0
182.09105987797636	268.0
182.10106048539495	268.0
182.11106109281357	268.0
182.12106170023216	268.0
182.13106230765078	275.0
182.14106291506937	284.0
182.151063522488	298.0
182.1610641299066	312.0
182.1710647373252	327.0
182.1810653447438	342.0
182.1910659521624	363.0
182.20106655958102	380.0
182.2110671669996	393.0
182.22106777441823	402.0
182.23106838183682	398.0
182.24106898925544	398.0
182.25106959667406	389.0
182.26107020409265	384.0
182.27107081151127	375.0
182.28107141892986	371.0
182.29107202634847	367.0
182.30107263376706	358.0
182.31107324118568	354.0
182.3210738486043	346.0
182.3310744560229	342.0
182.3410750634415	338.0
182.3510756708601	334.0
182.36107627827872	334.0
182.3710768856973	334.0
182.38107749311592	334.0
182.39107810053451	334.0
182.40107870795313	334.0
182.41107931537175	334.0
182.42107992279034	334.0
182.43108053020896	338.0
182.44108113762755	338.0
182.45108174504617	338.0
182.46108235246476	342.0
182.47108295988338	346.0
182.481083567302	354.0
182.49108417472058	358.0
182.5010847821392	367.0
182.5110853895578	371.0
182.5210859969764	375.0
182.531086604395	375.0
182.54108721181362	371.0
182.55108781923224	367.0
182.56108842665083	363.0
182.57108903406944	354.0
182.58108964148803	350.0
182.59109024890665	346.0
182.60109085632524	338.0
182.61109146374386	334.0
182.62109207116245	334.0
182.63109267858107	334.0
182.6410932859997	338.0
182.65109389341828	338.0
182.6610945008369	342.0
182.67109510825549	342.0
182.6810957156741	338.0
182.6910963230927	334.0
182.7010969305113	331.0
182.71109753792993	0.0
182.72109814534852	0.0
182.73109875276714	0.0
182.74109936018573	0.0
182.75109996760435	0.0
182.76110057502294	0.0
182.77110118244156	0.0
182.78110178986014	0.0
182.79110239727876	0.0
182.80110300469738	0.0
182.81110361211597	0.0
182.8211042195346	0.0
182.83110482695318	0.0
182.8411054343718	0.0
182.8511060417904	0.0
182.861106649209	0.0
182.87110725662762	0.0
182.88110786404621	0.0
182.89110847146483	0.0
182.90110907888342	0.0
182.91110968630204	0.0
182.92111029372063	0.0
182.93111090113925	0.0
182.94111150855784	0.0
182.95111211597646	0.0
182.96111272339508	0.0
182.97111333081367	0.0
182.98111393823228	0.0
182.99111454565087	0.0
183.0011151530695	0.0
183.01111576048808	0.0
183.0211163679067	0.0
183.03111697532532	0.0
183.0411175827439	228.0
183.05111819016253	231.0
183.06111879758112	234.0
183.07111940499973	236.0
183.08112001241832	239.0
183.09112061983694	242.0
183.10112122725556	245.0
183.11112183467415	248.0
183.12112244209277	253.0
183.13112304951136	256.0
183.14112365692998	259.0
183.15112426434857	262.0
183.16112487176719	268.0
183.17112547918578	275.0
183.1811260866044	288.0
183.191126694023	305.0
183.2011273014416	319.0
183.21112790886022	331.0
183.2211285162788	342.0
183.23112912369743	354.0
183.24112973111602	363.0
183.25113033853464	367.0
183.26113094595325	371.0
183.27113155337184	371.0
183.28113216079046	367.0
183.29113276820905	363.0
183.30113337562767	358.0
183.31113398304626	354.0
183.32113459046488	350.0
183.33113519788347	346.0
183.3411358053021	346.0
183.3511364127207	346.0
183.3611370201393	342.0
183.3711376275579	342.0
183.3811382349765	338.0
183.39113884239512	338.0
183.4011394498137	338.0
183.41114005723233	338.0
183.42114066465095	338.0
183.43114127206954	338.0
183.44114187948816	338.0
183.45114248690675	338.0
183.46114309432537	338.0
183.47114370174396	342.0
183.48114430916257	0.0
183.4911449165812	354.0
183.50114552399978	358.0
183.5111461314184	363.0
183.521146738837	367.0
183.5311473462556	367.0
183.5411479536742	363.0
183.55114856109282	363.0
183.5611491685114	358.0
183.57114977593002	354.0
183.58115038334864	346.0
183.59115099076723	346.0
183.60115159818585	342.0
183.61115220560444	338.0
183.62115281302306	338.0
183.63115342044165	0.0
183.64115402786027	0.0
183.65115463527889	0.0
183.66115524269748	0.0
183.6711558501161	0.0
183.68115645753468	338.0
183.6911570649533	342.0
183.7011576723719	346.0
183.7111582797905	358.0
183.7211588872091	367.0
183.73115949462772	380.0
183.74116010204634	393.0
183.75116070946493	407.0
183.76116131688354	417.0
183.77116192430213	421.0
183.78116253172075	421.0
183.79116313913934	421.0
183.80116374655796	412.0
183.81116435397658	407.0
183.82116496139517	398.0
183.8311655688138	384.0
183.84116617623238	375.0
183.851166783651	367.0
183.86116739106959	358.0
183.8711679984882	354.0
183.8811686059068	350.0
183.8911692133254	346.0
183.90116982074403	346.0
183.91117042816262	346.0
183.92117103558124	342.0
183.93117164299983	342.0
183.94117225041845	342.0
183.95117285783704	338.0
183.96117346525565	338.0
183.97117407267427	338.0
183.98117468009286	338.0
183.99117528751148	338.0
184.00117589493007	338.0
184.0111765023487	342.0
184.02117710976728	342.0
184.0311777171859	350.0
184.04117832460452	354.0
184.0511789320231	363.0
184.06117953944172	367.0
184.0711801468603	371.0
184.08118075427893	375.0
184.09118136169752	380.0
184.10118196911614	380.0
184.11118257653473	380.0
184.12118318395335	375.0
184.13118379137197	371.0
184.14118439879056	363.0
184.15118500620918	358.0
184.16118561362777	350.0
184.17118622104638	342.0
184.18118682846497	331.0
184.1911874358836	323.0
184.2011880433022	316.0
184.2111886507208	308.0
184.22118925813942	301.0
184.231189865558	294.0
184.24119047297663	288.0
184.25119108039522	284.0
184.26119168781383	278.0
184.27119229523242	275.0
184.28119290265104	275.0
184.29119351006966	275.0
184.30119411748825	275.0
184.31119472490687	275.0
184.32119533232546	275.0
184.33119593974408	275.0
184.34119654716267	272.0
184.35119715458129	272.0
184.3611977619999	268.0
184.3711983694185	265.0
184.3811989768371	265.0
184.3911995842557	262.0
184.40120019167432	259.0
184.4112007990929	256.0
184.42120140651153	256.0
184.43120201393015	256.0
184.44120262134874	256.0
184.45120322876735	259.0
184.46120383618594	268.0
184.47120444360456	284.0
184.48120505102315	316.0
184.49120565844177	334.0
184.50120626586036	350.0
184.51120687327898	358.0
184.5212074806976	367.0
184.5312080881162	367.0
184.5412086955348	367.0
184.5512093029534	367.0
184.561209910372	363.0
184.5712105177906	358.0
184.58121112520922	354.0
184.59121173262784	350.0
184.60121234004643	346.0
184.61121294746505	342.0
184.62121355488364	342.0
184.63121416230226	342.0
184.64121476972085	342.0
184.65121537713947	342.0
184.66121598455805	346.0
184.67121659197667	346.0
184.6812171993953	346.0
184.69121780681388	346.0
184.7012184142325	350.0
184.7112190216511	354.0
184.7212196290697	358.0
184.7312202364883	363.0
184.74122084390692	371.0
184.75122145132553	380.0
184.76122205874412	384.0
184.77122266616274	384.0
184.78122327358133	384.0
184.79122388099995	375.0
184.80122448841854	371.0
184.81122509583716	358.0
184.82122570325578	346.0
184.83122631067437	323.0
184.84122691809299	305.0
184.85122752551158	278.0
184.8612281329302	268.0
184.87122874034878	259.0
184.8812293477674	259.0
184.891229955186	262.0
184.9012305626046	272.0
184.91123117002323	284.0
184.92123177744182	305.0
184.93123238486044	323.0
184.94123299227903	334.0
184.95123359969764	342.0
184.96123420711623	350.0
184.97123481453485	354.0
184.98123542195347	354.0
184.99123602937206	354.0
185.00123663679068	350.0
185.01123724420927	350.0
185.0212378516279	350.0
185.03123845904648	346.0
185.0412390664651	350.0
185.05123967388369	350.0
185.0612402813023	350.0
185.07124088872092	346.0
185.0812414961395	346.0
185.09124210355813	342.0
185.10124271097672	338.0
185.11124331839534	334.0
185.12124392581393	331.0
185.13124453323255	323.0
185.14124514065117	323.0
185.15124574806975	319.0
185.16124635548837	319.0
185.17124696290696	323.0
185.18124757032558	334.0
185.19124817774417	342.0
185.2012487851628	354.0
185.21124939258138	367.0
185.22125	375.0
185.23125060741862	384.0
185.2412512148372	393.0
185.25125182225582	398.0
185.2612524296744	402.0
185.27125303709303	407.0
185.28125364451162	407.0
185.29125425193024	407.0
185.30125485934886	407.0
185.31125546676745	412.0
185.32125607418607	412.0
185.33125668160466	412.0
185.34125728902328	412.0
185.35125789644187	412.0
185.36125850386048	412.0
185.3712591112791	412.0
185.3812597186977	407.0
185.3912603261163	407.0
185.4012609335349	407.0
185.41126154095352	407.0
185.4212621483721	402.0
185.43126275579073	402.0
185.44126336320932	402.0
185.45126397062793	402.0
185.46126457804655	402.0
185.47126518546514	402.0
185.48126579288376	402.0
185.49126640030235	407.0
185.50126700772097	407.0
185.51126761513956	407.0
185.52126822255818	407.0
185.5312688299768	407.0
185.54126943739539	407.0
185.551270044814	407.0
185.5612706522326	407.0
185.5712712596512	407.0
185.5812718670698	407.0
185.59127247448842	407.0
185.601273081907	407.0
185.61127368932563	407.0
185.62127429674425	402.0
185.63127490416284	402.0
185.64127551158145	402.0
185.65127611900004	402.0
185.66127672641866	402.0
185.67127733383725	402.0
185.68127794125587	402.0
185.6912785486745	402.0
185.70127915609308	402.0
185.7112797635117	402.0
185.7212803709303	398.0
185.7312809783489	393.0
185.7412815857675	0.0
185.7512821931861	0.0
185.76128280060473	0.0
185.77128340802332	0.0
185.78128401544194	0.0
185.79128462286053	0.0
185.80128523027915	0.0
185.81128583769774	0.0
185.82128644511636	0.0
185.83128705253495	0.0
185.84128765995357	0.0
185.85128826737218	371.0
185.86128887479077	367.0
185.8712894822094	363.0
185.88129008962798	358.0
185.8912906970466	354.0
185.9012913044652	350.0
185.9112919118838	346.0
185.92129251930243	346.0
185.93129312672102	342.0
185.94129373413963	338.0
185.95129434155822	334.0
185.96129494897684	334.0
185.97129555639543	331.0
185.98129616381405	331.0
185.99129677123264	327.0
186.00129737865126	327.0
186.01129798606988	331.0
186.02129859348847	334.0
186.03129920090709	338.0
186.04129980832568	342.0
186.0513004157443	350.0
186.06130102316288	358.0
186.0713016305815	363.0
186.08130223800012	371.0
186.0913028454187	371.0
186.10130345283733	371.0
186.11130406025592	367.0
186.12130466767454	363.0
186.13130527509313	354.0
186.14130588251174	350.0
186.15130648993036	346.0
186.16130709734895	342.0
186.17130770476757	338.0
186.18130831218616	334.0
186.19130891960478	331.0
186.20130952702337	331.0
186.211310134442	331.0
186.22131074186058	331.0
186.2313113492792	331.0
186.2413119566978	334.0
186.2513125641164	342.0
186.26131317153502	350.0
186.2713137789536	363.0
186.28131438637223	371.0
186.29131499379082	384.0
186.30131560120944	393.0
186.31131620862806	402.0
186.32131681604665	407.0
186.33131742346526	407.0
186.34131803088385	407.0
186.35131863830247	402.0
186.36131924572106	402.0
186.37131985313968	402.0
186.38132046055827	402.0
186.3913210679769	402.0
186.4013216753955	402.0
186.4113222828141	402.0
186.42132289023272	402.0
186.4313234976513	407.0
186.44132410506992	407.0
186.4513247124885	407.0
186.46132531990713	407.0
186.47132592732575	407.0
186.48132653474434	407.0
186.49132714216296	407.0
186.50132774958155	407.0
186.51132835700017	407.0
186.52132896441876	407.0
186.53132957183738	407.0
186.54133017925597	407.0
186.55133078667458	407.0
186.5613313940932	407.0
186.5713320015118	407.0
186.5813326089304	407.0
186.591333216349	407.0
186.60133382376762	402.0
186.6113344311862	402.0
186.62133503860483	402.0
186.63133564602344	402.0
186.64133625344203	402.0
186.65133686086065	402.0
186.66133746827924	402.0
186.67133807569786	402.0
186.68133868311645	402.0
186.69133929053507	398.0
186.7013398979537	398.0
186.71134050537228	393.0
186.7213411127909	384.0
186.73134172020949	380.0
186.7413423276281	367.0
186.7513429350467	354.0
186.7613435424653	346.0
186.7713441498839	331.0
186.78134475730252	319.0
186.79134536472114	312.0
186.80134597213973	312.0
186.81134657955835	316.0
186.82134718697694	327.0
186.83134779439555	338.0
186.84134840181414	354.0
186.85134900923276	371.0
186.86134961665138	384.0
186.87135022406997	393.0
186.8813508314886	407.0
186.89135143890718	407.0
186.9013520463258	412.0
186.9113526537444	412.0
186.921353261163	412.0
186.9313538685816	407.0
186.9413544760002	393.0
186.95135508341883	389.0
186.96135569083742	380.0
186.97135629825604	371.0
186.98135690567463	363.0
186.99135751309325	358.0
187.00135812051184	350.0
187.01135872793046	346.0
187.02135933534908	342.0
187.03135994276766	338.0
187.04136055018628	334.0
187.05136115760487	334.0
187.0613617650235	334.0
187.07136237244208	334.0
187.0813629798607	334.0
187.09136358727932	338.0
187.1013641946979	338.0
187.11136480211653	342.0
187.12136540953512	350.0
187.13136601695373	354.0
187.14136662437232	363.0
187.15136723179094	371.0
187.16136783920953	375.0
187.17136844662815	380.0
187.18136905404677	380.0
187.19136966146536	375.0
187.20137026888398	367.0
187.21137087630257	334.0
187.22137148372119	327.0
187.23137209113978	312.0
187.2413726985584	262.0
187.251373305977	248.0
187.2613739133956	236.0
187.27137452081422	236.0
187.2813751282328	236.0
187.29137573565143	242.0
187.30137634307002	250.0
187.31137695048864	259.0
187.32137755790723	265.0
187.33137816532584	272.0
187.34137877274446	275.0
187.35137938016305	275.0
187.36137998758167	272.0
187.37138059500026	272.0
187.38138120241888	272.0
187.39138180983747	272.0
187.4013824172561	268.0
187.4113830246747	268.0
187.4213836320933	268.0
187.4313842395119	268.0
187.4413848469305	268.0
187.45138545434912	268.0
187.4613860617677	268.0
187.47138666918633	268.0
187.48138727660495	268.0
187.49138788402354	268.0
187.50138849144216	268.0
187.51138909886075	272.0
187.52138970627936	272.0
187.53139031369795	272.0
187.54139092111657	272.0
187.55139152853516	272.0
187.56139213595378	272.0
187.5713927433724	272.0
187.581393350791	272.0
187.5913939582096	272.0
187.6013945656282	272.0
187.61139517304682	272.0
187.6213957804654	272.0
187.63139638788402	272.0
187.64139699530264	272.0
187.65139760272123	272.0
187.66139821013985	272.0
187.67139881755844	272.0
187.68139942497706	272.0
187.69140003239565	272.0
187.70140063981427	272.0
187.71140124723286	272.0
187.72140185465148	272.0
187.7314024620701	272.0
187.74140306948868	272.0
187.7514036769073	272.0
187.7614042843259	272.0
187.7714048917445	272.0
187.7814054991631	272.0
187.79140610658172	272.0
187.80140671400034	268.0
187.81140732141893	265.0
187.82140792883754	248.0
187.83140853625613	236.0
187.84140914367475	231.0
187.85140975109334	228.0
187.86141035851196	234.0
187.87141096593055	245.0
187.88141157334917	253.0
187.8914121807678	262.0
187.90141278818638	268.0
187.911413395605	268.0
187.92141400302359	268.0
187.9314146104422	268.0
187.9414152178608	268.0
187.9514158252794	268.0
187.96141643269803	268.0
187.97141704011662	268.0
187.98141764753524	268.0
187.99141825495383	268.0
188.00141886237245	268.0
188.01141946979104	268.0
188.02142007720965	268.0
188.03142068462827	268.0
188.04142129204686	268.0
188.05142189946548	268.0
188.06142250688407	268.0
188.0714231143027	268.0
188.08142372172128	265.0
188.0914243291399	262.0
188.1014249365585	259.0
188.1114255439771	256.0
188.12142615139572	250.0
188.1314267588143	248.0
188.14142736623293	242.0
188.15142797365152	234.0
188.16142858107014	223.0
188.17142918848873	213.0
188.18142979590735	210.0
188.19143040332597	210.0
188.20143101074456	213.0
188.21143161816318	218.0
188.22143222558176	228.0
188.23143283300038	236.0
188.24143344041897	245.0
188.2514340478376	253.0
188.26143465525618	265.0
188.2714352626748	275.0
188.28143587009342	281.0
188.291436477512	281.0
188.30143708493063	278.0
188.31143769234922	275.0
188.32143829976783	272.0
188.33143890718642	262.0
188.34143951460504	256.0
188.35144012202366	250.0
188.36144072944225	245.0
188.37144133686087	239.0
188.38144194427946	231.0
188.39144255169808	226.0
188.40144315911667	220.0
188.41144376653529	218.0
188.4214443739539	218.0
188.4314449813725	223.0
188.4414455887911	231.0
188.4514461962097	242.0
188.46144680362832	253.0
188.4714474110469	278.0
188.48144801846553	288.0
188.49144862588412	294.0
188.50144923330274	298.0
188.51144984072135	301.0
188.52145044813994	301.0
188.53145105555856	294.0
188.54145166297715	288.0
188.55145227039577	272.0
188.56145287781436	253.0
188.57145348523298	242.0
188.5814540926516	226.0
188.5914547000702	220.0
188.6014553074888	215.0
188.6114559149074	215.0
188.621456522326	215.0
188.6314571297446	218.0
188.64145773716322	220.0
188.6514583445818	220.0
188.66145895200043	223.0
188.67145955941905	226.0
188.68146016683764	228.0
188.69146077425626	231.0
188.70146138167485	231.0
188.71146198909346	234.0
188.72146259651205	234.0
188.73146320393067	236.0
188.7414638113493	236.0
188.75146441876788	239.0
188.7614650261865	239.0
188.7714656336051	242.0
188.7814662410237	242.0
188.7914668484423	242.0
188.80146745586092	242.0
188.81146806327953	242.0
188.82146867069812	245.0
188.83146927811674	248.0
188.84146988553533	248.0
188.85147049295395	248.0
188.86147110037254	245.0
188.87147170779116	245.0
188.88147231520975	242.0
188.89147292262837	236.0
188.90147353004699	234.0
188.91147413746558	228.0
188.9214747448842	226.0
188.93147535230278	226.0
188.9414759597214	226.0
188.95147656714	226.0
188.9614771745586	226.0
188.97147778197723	226.0
188.98147838939582	228.0
188.99147899681444	228.0
189.00147960423303	228.0
189.01148021165164	228.0
189.02148081907023	228.0
189.03148142648885	228.0
189.04148203390744	228.0
189.05148264132606	228.0
189.06148324874468	228.0
189.07148385616327	228.0
189.0814844635819	228.0
189.09148507100048	231.0
189.1014856784191	234.0
189.11148628583769	239.0
189.1214868932563	242.0
189.13148750067492	245.0
189.1414881080935	248.0
189.15148871551213	248.0
189.16148932293072	245.0
189.17148993034934	242.0
189.18149053776793	236.0
189.19149114518655	226.0
189.20149175260514	215.0
189.21149236002375	208.0
189.22149296744237	203.0
189.23149357486096	201.0
189.24149418227958	201.0
189.25149478969817	201.0
189.2614953971168	201.0
189.27149600453538	201.0
189.281496611954	201.0
189.29149721937262	201.0
189.3014978267912	199.0
189.31149843420982	0.0
189.3214990416284	0.0
189.33149964904703	0.0
189.34150025646562	0.0
189.35150086388424	0.0
189.36150147130286	0.0
189.37150207872145	0.0
189.38150268614007	0.0
189.39150329355866	0.0
189.40150390097727	0.0
189.41150450839586	0.0
189.42150511581448	0.0
189.43150572323307	0.0
189.4415063306517	0.0
189.4515069380703	0.0
189.4615075454889	0.0
189.47150815290752	0.0
189.4815087603261	0.0
189.49150936774473	0.0
189.50150997516332	0.0
189.51151058258193	0.0
189.52151119000055	0.0
189.53151179741914	0.0
189.54151240483776	0.0
189.55151301225635	0.0
189.56151361967497	0.0
189.57151422709356	0.0
189.58151483451218	0.0
189.59151544193077	0.0
189.60151604934939	0.0
189.611516656768	0.0
189.6215172641866	223.0
189.6315178716052	220.0
189.6415184790238	220.0
189.65151908644242	220.0
189.661519693861	220.0
189.67152030127963	220.0
189.68152090869825	223.0
189.69152151611684	223.0
189.70152212353545	223.0
189.71152273095404	223.0
189.72152333837266	223.0
189.73152394579125	223.0
189.74152455320987	220.0
189.7515251606285	223.0
189.76152576804708	223.0
189.7715263754657	223.0
189.7815269828843	223.0
189.7915275903029	223.0
189.8015281977215	226.0
189.8115288051401	226.0
189.8215294125587	226.0
189.83153001997732	226.0
189.84153062739594	226.0
189.85153123481453	226.0
189.86153184223315	226.0
189.87153244965174	223.0
189.88153305707036	223.0
189.89153366448895	223.0
189.90153427190756	223.0
189.91153487932618	220.0
189.92153548674477	220.0
189.9315360941634	220.0
189.94153670158198	223.0
189.9515373090006	228.0
189.9615379164192	231.0
189.9715385238378	236.0
189.9815391312564	242.0
189.99153973867502	245.0
190.00154034609363	248.0
190.01154095351222	250.0
190.02154156093084	248.0
190.03154216834943	245.0
190.04154277576805	242.0
190.05154338318664	236.0
190.06154399060526	234.0
190.07154459802388	231.0
190.08154520544247	228.0
190.09154581286109	228.0
190.10154642027967	228.0
190.1115470276983	228.0
190.12154763511688	228.0
190.1315482425355	228.0
190.14154884995412	228.0
190.1515494573727	228.0
190.16155006479133	228.0
190.17155067220992	228.0
190.18155127962854	228.0
190.19155188704713	226.0
190.20155249446574	223.0
190.21155310188433	223.0
190.22155370930295	218.0
190.23155431672157	215.0
190.24155492414016	213.0
190.25155553155878	213.0
190.26155613897737	215.0
190.271556746396	220.0
190.28155735381458	226.0
190.2915579612332	231.0
190.3015585686518	234.0
190.3115591760704	236.0
190.32155978348902	239.0
190.3315603909076	242.0
190.34156099832623	242.0
190.35156160574482	245.0
190.36156221316344	245.0
190.37156282058203	245.0
190.38156342800065	245.0
190.39156403541926	245.0
190.40156464283785	245.0
190.41156525025647	245.0
190.42156585767506	245.0
190.43156646509368	245.0
190.44156707251227	245.0
190.4515676799309	245.0
190.4615682873495	245.0
190.4715688947681	242.0
190.48156950218672	242.0
190.4915701096053	242.0
190.50157071702392	239.0
190.5115713244425	236.0
190.52157193186113	234.0
190.53157253927972	231.0
190.54157314669834	226.0
190.55157375411696	220.0
190.56157436153555	215.0
190.57157496895417	208.0
190.58157557637276	203.0
190.59157618379137	199.0
190.60157679120996	194.0
190.61157739862858	192.0
190.6215780060472	194.0
190.6315786134658	194.0
190.6415792208844	196.0
190.651579828303	199.0
190.66158043572162	206.0
190.6715810431402	210.0
190.68158165055883	215.0
190.69158225797744	220.0
190.70158286539603	226.0
190.71158347281465	228.0
190.72158408023324	228.0
190.73158468765186	228.0
190.74158529507045	228.0
190.75158590248907	228.0
190.76158650990766	228.0
190.77158711732628	228.0
190.7815877247449	228.0
190.79158833216349	228.0
190.8015889395821	226.0
190.8115895470007	226.0
190.8215901544193	226.0
190.8315907618379	226.0
190.84159136925652	226.0
190.85159197667514	226.0
190.86159258409373	226.0
190.87159319151235	226.0
190.88159379893094	226.0
190.89159440634955	223.0
190.90159501376814	223.0
190.91159562118676	223.0
190.92159622860535	223.0
190.93159683602397	223.0
190.9415974434426	223.0
190.95159805086118	223.0
190.9615986582798	223.0
190.9715992656984	226.0
190.981599873117	226.0
190.9916004805356	226.0
191.0016010879542	226.0
191.01160169537283	228.0
191.02160230279142	228.0
191.03160291021004	228.0
191.04160351762863	228.0
191.05160412504725	228.0
191.06160473246584	228.0
191.07160533988446	228.0
191.08160594730307	228.0
191.09160655472166	228.0
191.10160716214028	228.0
191.11160776955887	228.0
191.1216083769775	228.0
191.13160898439608	228.0
191.1416095918147	226.0
191.1516101992333	226.0
191.1616108066519	223.0
191.17161141407053	223.0
191.18161202148912	220.0
191.19161262890773	218.0
191.20161323632632	218.0
191.21161384374494	223.0
191.22161445116353	228.0
191.23161505858215	234.0
191.24161566600077	239.0
191.25161627341936	245.0
191.26161688083798	253.0
191.27161748825657	256.0
191.28161809567519	259.0
191.29161870309377	259.0
191.3016193105124	262.0
191.31161991793098	268.0
191.3216205253496	272.0
191.33162113276822	268.0
191.3416217401868	268.0
191.35162234760543	265.0
191.36162295502402	262.0
191.37162356244264	259.0
191.38162416986123	256.0
191.39162477727984	250.0
191.40162538469846	248.0
191.41162599211705	245.0
191.42162659953567	239.0
191.43162720695426	236.0
191.44162781437288	231.0
191.45162842179147	228.0
191.4616290292101	223.0
191.4716296366287	220.0
191.4816302440473	218.0
191.4916308514659	218.0
191.5016314588845	218.0
191.51163206630312	220.0
191.5216326737217	223.0
191.53163328114033	228.0
191.54163388855892	231.0
191.55163449597754	236.0
191.56163510339616	242.0
191.57163571081475	248.0
191.58163631823336	253.0
191.59163692565195	259.0
191.60163753307057	265.0
191.61163814048916	268.0
191.62163874790778	272.0
191.6316393553264	272.0
191.641639962745	272.0
191.6516405701636	272.0
191.6616411775822	272.0
191.67164178500082	272.0
191.6816423924194	272.0
191.69164299983802	272.0
191.7016436072566	272.0
191.71164421467523	272.0
191.72164482209385	272.0
191.73164542951244	0.0
191.74164603693106	0.0
191.75164664434965	0.0
191.76164725176827	0.0
191.77164785918686	0.0
191.78164846660547	0.0
191.7916490740241	0.0
191.80164968144268	0.0
191.8116502888613	0.0
191.8216508962799	0.0
191.8316515036985	0.0
191.8416521111171	0.0
191.85165271853572	0.0
191.8616533259543	0.0
191.87165393337293	0.0
191.88165454079154	0.0
191.89165514821013	272.0
191.90165575562875	272.0
191.91165636304734	272.0
191.92165697046596	272.0
191.93165757788455	0.0
191.94165818530317	0.0
191.9516587927218	0.0
191.96165940014038	0.0
191.971660007559	0.0
191.98166061497759	0.0
191.9916612223962	0.0
192.0016618298148	0.0
192.0116624372334	268.0
192.02166304465203	268.0
192.03166365207062	268.0
192.04166425948924	268.0
192.05166486690783	272.0
192.06166547432645	272.0
192.07166608174504	272.0
192.08166668916365	272.0
192.09166729658224	272.0
192.10166790400086	272.0
192.11166851141948	272.0
192.12166911883807	272.0
192.1316697262567	272.0
192.14167033367528	272.0
192.1516709410939	272.0
192.1616715485125	272.0
192.1716721559311	272.0
192.18167276334972	272.0
192.1916733707683	272.0
192.20167397818693	272.0
192.21167458560552	272.0
192.22167519302414	272.0
192.23167580044273	272.0
192.24167640786135	272.0
192.25167701527994	272.0
192.26167762269856	272.0
192.27167823011717	272.0
192.28167883753576	272.0
192.29167944495438	272.0
192.30168005237297	272.0
192.3116806597916	272.0
192.32168126721018	272.0
192.3316818746288	272.0
192.34168248204742	272.0
192.351683089466	272.0
192.36168369688463	272.0
192.37168430430322	272.0
192.38168491172183	268.0
192.39168551914042	268.0
192.40168612655904	268.0
192.41168673397766	268.0
192.42168734139625	268.0
192.43168794881487	268.0
192.44168855623346	268.0
192.45168916365208	268.0
192.46168977107067	268.0
192.47169037848928	268.0
192.48169098590787	268.0
192.4916915933265	272.0
192.5016922007451	272.0
192.5116928081637	275.0
192.52169341558232	275.0
192.5316940230009	275.0
192.54169463041953	272.0
192.55169523783812	272.0
192.56169584525674	268.0
192.57169645267535	268.0
192.58169706009394	265.0
192.59169766751256	265.0
192.60169827493115	262.0
192.61169888234977	262.0
192.62169948976836	265.0
192.63170009718698	265.0
192.64170070460557	272.0
192.6517013120242	275.0
192.6617019194428	275.0
192.6717025268614	275.0
192.68170313428	272.0
192.6917037416986	265.0
192.70170434911722	259.0
192.7117049565358	0.0
192.72170556395443	0.0
192.73170617137305	0.0
192.74170677879164	0.0
192.75170738621026	0.0
192.76170799362885	0.0
192.77170860104746	0.0
192.78170920846605	0.0
192.79170981588467	0.0
192.8017104233033	0.0
192.81171103072188	0.0
192.8217116381405	0.0
192.8317122455591	0.0
192.8417128529777	0.0
192.8517134603963	0.0
192.86171406781492	0.0
192.8717146752335	0.0
192.88171528265212	0.0
192.89171589007074	0.0
192.90171649748933	0.0
192.91171710490795	0.0
192.92171771232654	0.0
192.93171831974516	0.0
192.94171892716375	0.0
192.95171953458237	0.0
192.96172014200098	0.0
192.97172074941957	0.0
192.9817213568382	0.0
192.99172196425678	0.0
193.0017225716754	0.0
193.011723179094	0.0
193.0217237865126	0.0
193.0317243939312	0.0
193.04172500134982	0.0
193.05172560876844	0.0
193.06172621618703	0.0
193.07172682360564	0.0
193.08172743102423	0.0
193.09172803844285	0.0
193.10172864586144	0.0
193.11172925328006	0.0
193.12172986069868	0.0
193.13173046811727	0.0
193.1417310755359	0.0
193.15173168295448	0.0
193.1617322903731	0.0
193.17173289779168	0.0
193.1817335052103	0.0
193.1917341126289	0.0
193.2017347200475	0.0
193.21173532746613	0.0
193.22173593488472	0.0
193.23173654230334	0.0
193.24173714972193	0.0
193.25173775714055	0.0
193.26173836455914	0.0
193.27173897197775	294.0
193.28173957939637	294.0
193.29174018681496	294.0
193.30174079423358	288.0
193.31174140165217	284.0
193.3217420090708	0.0
193.33174261648938	0.0
193.341743223908	350.0
193.35174383132662	350.0
193.3617444387452	346.0
193.37174504616382	342.0
193.3817456535824	338.0
193.39174626100103	338.0
193.40174686841962	334.0
193.41174747583824	334.0
193.42174808325683	334.0
193.43174869067545	331.0
193.44174929809407	331.0
193.45174990551266	331.0
193.46175051293127	331.0
193.47175112034986	331.0
193.48175172776848	334.0
193.49175233518707	334.0
193.5017529426057	334.0
193.5117535500243	334.0
193.5217541574429	334.0
193.53175476486152	338.0
193.5417553722801	338.0
193.55175597969873	338.0
193.56175658711732	338.0
193.57175719453593	338.0
193.58175780195452	338.0
193.59175840937314	338.0
193.60175901679176	338.0
193.61175962421035	342.0
193.62176023162897	342.0
193.63176083904756	346.0
193.64176144646618	346.0
193.65176205388477	350.0
193.66176266130338	354.0
193.671763268722	354.0
193.6817638761406	354.0
193.6917644835592	350.0
193.7017650909778	346.0
193.71176569839642	346.0
193.721766305815	342.0
193.73176691323363	338.0
193.74176752065225	338.0
193.75176812807084	338.0
193.76176873548945	338.0
193.77176934290804	338.0
193.78176995032666	338.0
193.79177055774525	338.0
193.80177116516387	338.0
193.81177177258246	338.0
193.82177238000108	338.0
193.8317729874197	334.0
193.8417735948383	331.0
193.8517742022569	316.0
193.8617748096755	316.0
193.8717754170941	316.0
193.8817760245127	319.0
193.89177663193132	323.0
193.90177723934994	323.0
193.91177784676853	331.0
193.92177845418715	334.0
193.93177906160574	346.0
193.94177966902436	363.0
193.95178027644295	371.0
193.96178088386156	371.0
193.97178149128015	367.0
193.98178209869877	367.0
193.9917827061174	363.0
194.00178331353598	358.0
194.0117839209546	354.0
194.0217845283732	350.0
194.0317851357918	346.0
194.0417857432104	346.0
194.05178635062902	342.0
194.06178695804763	338.0
194.07178756546622	338.0
194.08178817288484	338.0
194.09178878030343	338.0
194.10178938772205	334.0
194.11178999514064	334.0
194.12179060255926	334.0
194.13179120997788	334.0
194.14179181739647	334.0
194.15179242481508	338.0
194.16179303223367	338.0
194.1717936396523	338.0
194.18179424707088	342.0
194.1917948544895	346.0
194.2017954619081	350.0
194.2117960693267	354.0
194.22179667674533	358.0
194.23179728416392	363.0
194.24179789158254	363.0
194.25179849900113	358.0
194.26179910641974	358.0
194.27179971383833	354.0
194.28180032125695	350.0
194.29180092867557	346.0
194.30180153609416	342.0
194.31180214351278	338.0
194.32180275093137	334.0
194.33180335835	331.0
194.34180396576858	327.0
194.3518045731872	323.0
194.36180518060578	316.0
194.3718057880244	312.0
194.38180639544302	305.0
194.3918070028616	301.0
194.40180761028023	298.0
194.41180821769882	294.0
194.42180882511744	288.0
194.43180943253603	284.0
194.44181003995465	281.0
194.45181064737326	278.0
194.46181125479185	278.0
194.47181186221047	275.0
194.48181246962906	272.0
194.49181307704768	268.0
194.50181368446627	265.0
194.5118142918849	262.0
194.52181489930348	262.0
194.5318155067221	259.0
194.54181611414072	256.0
194.5518167215593	253.0
194.56181732897792	242.0
194.5718179363965	228.0
194.58181854381513	223.0
194.59181915123372	220.0
194.60181975865234	223.0
194.61182036607096	223.0
194.62182097348955	231.0
194.63182158090817	248.0
194.64182218832676	256.0
194.65182279574537	259.0
194.66182340316396	259.0
194.67182401058258	262.0
194.6818246180012	262.0
194.6918252254198	262.0
194.7018258328384	262.0
194.711826440257	265.0
194.72182704767562	265.0
194.7318276550942	265.0
194.74182826251283	265.0
194.75182886993142	265.0
194.76182947735003	265.0
194.77183008476865	265.0
194.78183069218724	262.0
194.79183129960586	262.0
194.80183190702445	262.0
194.81183251444307	259.0
194.82183312186166	259.0
194.83183372928028	262.0
194.8418343366989	265.0
194.85183494411748	275.0
194.8618355515361	291.0
194.8718361589547	312.0
194.8818367663733	327.0
194.8918373737919	346.0
194.90183798121052	363.0
194.9118385886291	384.0
194.92183919604773	402.0
194.93183980346635	407.0
194.94184041088494	412.0
194.95184101830355	407.0
194.96184162572214	402.0
194.97184223314076	393.0
194.98184284055935	384.0
194.99184344797797	375.0
195.0018440553966	367.0
195.01184466281518	363.0
195.0218452702338	358.0
195.0318458776524	354.0
195.041846485071	350.0
195.0518470924896	350.0
195.0618476999082	346.0
195.07184830732683	342.0
195.08184891474542	342.0
195.09184952216404	342.0
195.10185012958263	338.0
195.11185073700125	338.0
195.12185134441984	338.0
195.13185195183846	338.0
195.14185255925705	338.0
195.15185316667566	338.0
195.16185377409428	338.0
195.17185438151287	338.0
195.1818549889315	342.0
195.19185559635008	346.0
195.2018562037687	350.0
195.2118568111873	358.0
195.2218574186059	363.0
195.23185802602453	363.0
195.24185863344312	363.0
195.25185924086173	363.0
195.26185984828032	358.0
195.27186045569894	354.0
195.28186106311753	354.0
195.29186167053615	350.0
195.30186227795474	346.0
195.31186288537336	342.0
195.32186349279198	342.0
195.33186410021057	338.0
195.34186470762918	338.0
195.35186531504777	338.0
195.3618659224664	338.0
195.37186652988498	338.0
195.3818671373036	338.0
195.39186774472222	338.0
195.4018683521408	338.0
195.41186895955943	338.0
195.42186956697802	342.0
195.43187017439664	346.0
195.44187078181523	346.0
195.45187138923384	350.0
195.46187199665243	354.0
195.47187260407105	354.0
195.48187321148967	354.0
195.49187381890826	350.0
195.50187442632688	346.0
195.51187503374547	342.0
195.5218756411641	338.0
195.53187624858268	338.0
195.5418768560013	334.0
195.5518774634199	331.0
195.5618780708385	331.0
195.57187867825712	323.0
195.5818792856757	316.0
195.59187989309433	0.0
195.60188050051292	0.0
195.61188110793154	0.0
195.62188171535016	0.0
195.63188232276875	0.0
195.64188293018736	0.0
195.65188353760595	0.0
195.66188414502457	0.0
195.67188475244316	0.0
195.68188535986178	0.0
195.69188596728037	0.0
195.701886574699	0.0
195.7118871821176	0.0
195.7218877895362	0.0
195.73188839695482	0.0
195.7418890043734	0.0
195.75188961179202	0.0
195.7618902192106	0.0
195.77189082662923	0.0
195.78189143404785	0.0
195.79189204146644	0.0
195.80189264888506	0.0
195.81189325630365	0.0
195.82189386372227	0.0
195.83189447114086	0.0
195.84189507855947	0.0
195.85189568597806	0.0
195.86189629339668	0.0
195.8718969008153	0.0
195.8818975082339	0.0
195.8918981156525	0.0
195.9018987230711	0.0
195.91189933048972	0.0
195.9218999379083	0.0
195.93190054532693	0.0
195.94190115274554	0.0
195.95190176016413	0.0
195.96190236758275	0.0
195.97190297500134	0.0
195.98190358241996	308.0
195.99190418983855	308.0
196.00190479725717	305.0
196.0119054046758	301.0
196.02190601209438	301.0
196.031906619513	301.0
196.04190722693158	305.0
196.0519078343502	305.0
196.0619084417688	308.0
196.0719090491874	316.0
196.081909656606	319.0
196.09191026402462	323.0
196.10191087144324	327.0
196.11191147886183	331.0
196.12191208628045	334.0
196.13191269369904	338.0
196.14191330111765	346.0
196.15191390853624	350.0
196.16191451595486	358.0
196.17191512337348	363.0
196.18191573079207	367.0
196.1919163382107	371.0
196.20191694562928	375.0
196.2119175530479	380.0
196.2219181604665	384.0
196.2319187678851	389.0
196.2419193753037	389.0
196.2519199827223	393.0
196.26192059014093	393.0
196.27192119755952	393.0
196.28192180497814	398.0
196.29192241239673	398.0
196.30192301981535	402.0
196.31192362723394	402.0
196.32192423465256	402.0
196.33192484207117	407.0
196.34192544948976	402.0
196.35192605690838	402.0
196.36192666432697	398.0
196.3719272717456	398.0
196.38192787916418	398.0
196.3919284865828	402.0
196.40192909400142	402.0
196.41192970142	402.0
196.42193030883863	402.0
196.43193091625722	402.0
196.44193152367583	402.0
196.45193213109442	398.0
196.46193273851304	398.0
196.47193334593163	398.0
196.48193395335025	398.0
196.49193456076887	398.0
196.50193516818746	398.0
196.51193577560608	402.0
196.52193638302467	402.0
196.53193699044328	402.0
196.54193759786187	407.0
196.5519382052805	407.0
196.5619388126991	407.0
196.5719394201177	407.0
196.58194002753632	398.0
196.5919406349549	380.0
196.60194124237353	367.0
196.61194184979212	363.0
196.62194245721074	354.0
196.63194306462933	346.0
196.64194367204794	334.0
196.65194427946656	0.0
196.66194488688515	398.0
196.67194549430377	402.0
196.68194610172236	402.0
196.69194670914098	402.0
196.70194731655957	402.0
196.7119479239782	402.0
196.7219485313968	402.0
196.7319491388154	402.0
196.741949746234	402.0
196.7519503536526	402.0
196.76195096107122	402.0
196.7719515684898	402.0
196.78195217590843	402.0
196.79195278332702	402.0
196.80195339074564	402.0
196.81195399816426	402.0
196.82195460558285	402.0
196.83195521300146	402.0
196.84195582042005	402.0
196.85195642783867	402.0
196.86195703525726	402.0
196.87195764267588	402.0
196.8819582500945	402.0
196.8919588575131	402.0
196.9019594649317	402.0
196.9119600723503	402.0
196.92196067976892	402.0
196.9319612871875	402.0
196.94196189460612	402.0
196.95196250202474	402.0
196.96196310944333	402.0
196.97196371686195	402.0
196.98196432428054	398.0
196.99196493169916	398.0
197.00196553911775	393.0
197.01196614653637	389.0
197.02196675395496	389.0
197.03196736137357	384.0
197.0419679687922	380.0
197.05196857621078	375.0
197.0619691836294	371.0
197.071969791048	363.0
197.0819703984666	358.0
197.0919710058852	350.0
197.10197161330382	346.0
197.11197222072244	342.0
197.12197282814103	342.0
197.13197343555964	338.0
197.14197404297823	331.0
197.15197465039685	323.0
197.16197525781544	316.0
197.17197586523406	312.0
197.18197647265265	312.0
197.19197708007127	312.0
197.2019776874899	312.0
197.21197829490848	312.0
197.2219789023271	312.0
197.23197950974568	316.0
197.2419801171643	319.0
197.2519807245829	323.0
197.2619813320015	334.0
197.27198193942013	350.0
197.28198254683872	380.0
197.29198315425734	393.0
197.30198376167593	402.0
197.31198436909455	407.0
197.32198497651314	412.0
197.33198558393175	407.0
197.34198619135037	407.0
197.35198679876896	402.0
197.36198740618758	398.0
197.37198801360617	393.0
197.3819886210248	384.0
197.39198922844338	380.0
197.401989835862	375.0
197.4119904432806	367.0
197.4219910506992	363.0
197.43199165811782	358.0
197.4419922655364	354.0
197.45199287295503	350.0
197.46199348037362	346.0
197.47199408779224	342.0
197.48199469521083	342.0
197.49199530262945	338.0
197.50199591004807	338.0
197.51199651746666	338.0
197.52199712488527	338.0
197.53199773230386	338.0
197.54199833972248	334.0
197.55199894714107	334.0
197.5619995545597	334.0
197.57200016197828	334.0
197.5820007693969	334.0
197.59200137681552	334.0
197.6020019842341	334.0
197.61200259165273	334.0
197.62200319907132	334.0
197.63200380648993	338.0
197.64200441390852	342.0
197.65200502132714	346.0
197.66200562874576	350.0
197.67200623616435	354.0
197.68200684358297	358.0
197.69200745100156	358.0
197.70200805842018	363.0
197.71200866583877	363.0
197.72200927325738	363.0
197.732009880676	363.0
197.7420104880946	358.0
197.7520110955132	358.0
197.7620117029318	354.0
197.77201231035042	350.0
197.782012917769	346.0
197.79201352518763	342.0
197.80201413260622	338.0
197.81201474002484	334.0
197.82201534744345	331.0
197.83201595486204	327.0
197.84201656228066	323.0
197.85201716969925	319.0
197.86201777711787	316.0
197.87201838453646	312.0
197.88201899195508	308.0
197.8920195993737	305.0
197.9020202067923	301.0
197.9120208142109	301.0
197.9220214216295	298.0
197.9320220290481	294.0
197.9420226364667	291.0
197.95202324388532	288.0
197.9620238513039	284.0
197.97202445872253	281.0
197.98202506614115	278.0
197.99202567355974	278.0
198.00202628097836	275.0
198.01202688839695	272.0
198.02202749581556	272.0
198.03202810323415	268.0
198.04202871065277	268.0
198.0520293180714	268.0
198.06202992548998	268.0
198.0720305329086	268.0
198.0820311403272	268.0
198.0920317477458	268.0
198.1020323551644	268.0
198.11203296258302	268.0
198.1220335700016	268.0
198.13203417742022	268.0
198.14203478483884	268.0
198.15203539225743	268.0
198.16203599967605	268.0
198.17203660709464	268.0
198.18203721451326	268.0
198.19203782193185	268.0
198.20203842935047	268.0
198.21203903676908	268.0
198.22203964418767	268.0
198.2320402516063	268.0
198.24204085902488	268.0
198.2520414664435	268.0
198.2620420738621	268.0
198.2720426812807	268.0
198.28204328869933	268.0
198.29204389611792	268.0
198.30204450353654	268.0
198.31204511095513	268.0
198.32204571837374	268.0
198.33204632579233	268.0
198.34204693321095	268.0
198.35204754062954	272.0
198.36204814804816	272.0
198.37204875546678	272.0
198.38204936288537	272.0
198.392049970304	272.0
198.40205057772258	272.0
198.4120511851412	268.0
198.42205179255978	268.0
198.4320523999784	268.0
198.44205300739702	268.0
198.4520536148156	265.0
198.46205422223423	265.0
198.47205482965282	268.0
198.48205543707144	268.0
198.49205604449003	268.0
198.50205665190865	272.0
198.51205725932724	272.0
198.52205786674585	272.0
198.53205847416447	272.0
198.54205908158306	272.0
198.55205968900168	272.0
198.56206029642027	268.0
198.5720609038389	268.0
198.58206151125748	265.0
198.5920621186761	265.0
198.60206272609472	262.0
198.6120633335133	256.0
198.62206394093192	245.0
198.6320645483505	239.0
198.64206515576913	236.0
198.65206576318772	234.0
198.66206637060634	234.0
198.67206697802496	236.0
198.68206758544355	245.0
198.69206819286217	253.0
198.70206880028076	262.0
198.71206940769937	262.0
198.72207001511796	265.0
198.73207062253658	265.0
198.74207122995517	265.0
198.7520718373738	265.0
198.7620724447924	265.0
198.772073052211	265.0
198.78207365962962	265.0
198.7920742670482	265.0
198.80207487446683	265.0
198.81207548188542	265.0
198.82207608930403	265.0
198.83207669672265	265.0
198.84207730414124	265.0
198.85207791155986	265.0
198.86207851897845	265.0
198.87207912639707	265.0
198.88207973381566	262.0
198.89208034123428	262.0
198.90208094865287	259.0
198.91208155607148	256.0
198.9220821634901	250.0
198.9320827709087	245.0
198.9420833783273	242.0
198.9520839857459	239.0
198.96208459316452	236.0
198.9720852005831	236.0
198.98208580800173	234.0
198.99208641542035	234.0
199.00208702283894	236.0
199.01208763025755	236.0
199.02208823767614	236.0
199.03208884509476	236.0
199.04208945251335	236.0
199.05209005993197	236.0
199.0620906673506	236.0
199.07209127476918	234.0
199.0820918821878	234.0
199.0920924896064	231.0
199.102093097025	231.0
199.1120937044436	234.0
199.1220943118622	236.0
199.1320949192808	242.0
199.14209552669942	250.0
199.15209613411804	272.0
199.16209674153663	294.0
199.17209734895525	305.0
199.18209795637384	316.0
199.19209856379246	316.0
199.20209917121105	316.0
199.21209977862966	308.0
199.22210038604828	301.0
199.23210099346687	259.0
199.2421016008855	242.0
199.25210220830408	213.0
199.2621028157227	199.0
199.2721034231413	194.0
199.2821040305599	194.0
199.2921046379785	199.0
199.30210524539712	203.0
199.31210585281573	206.0
199.32210646023432	210.0
199.33210706765294	213.0
199.34210767507153	215.0
199.35210828249015	218.0
199.36210888990874	220.0
199.37210949732736	223.0
199.38211010474598	226.0
199.39211071216457	226.0
199.40211131958318	226.0
199.41211192700177	226.0
199.4221125344204	226.0
199.43211314183898	226.0
199.4421137492576	226.0
199.4521143566762	226.0
199.4621149640948	226.0
199.47211557151343	226.0
199.48211617893202	226.0
199.49211678635064	226.0
199.50211739376923	226.0
199.51211800118784	226.0
199.52211860860643	226.0
199.53211921602505	226.0
199.54211982344367	226.0
199.55212043086226	226.0
199.56212103828088	226.0
199.57212164569947	226.0
199.5821222531181	228.0
199.59212286053668	228.0
199.6021234679553	228.0
199.6121240753739	228.0
199.6221246827925	228.0
199.63212529021112	228.0
199.6421258976297	228.0
199.65212650504833	226.0
199.66212711246692	226.0
199.67212771988554	226.0
199.68212832730413	223.0
199.69212893472275	223.0
199.70212954214136	223.0
199.71213014955995	223.0
199.72213075697857	223.0
199.73213136439716	223.0
199.74213197181578	223.0
199.75213257923437	223.0
199.762133186653	223.0
199.7721337940716	223.0
199.7821344014902	226.0
199.79213500890882	226.0
199.8021356163274	226.0
199.81213622374602	226.0
199.8221368311646	226.0
199.83213743858323	226.0
199.84213804600182	226.0
199.85213865342044	226.0
199.86213926083906	223.0
199.87213986825765	223.0
199.88214047567627	0.0
199.89214108309486	0.0
199.90214169051347	0.0
199.91214229793206	0.0
199.92214290535068	0.0
199.9321435127693	0.0
199.9421441201879	0.0
199.9521447276065	0.0
199.9621453350251	248.0
199.97214594244372	248.0
199.9821465498623	245.0
199.99214715728093	242.0
200.00214776469954	236.0
200.01214837211813	234.0
200.02214897953675	231.0
200.03214958695534	231.0
200.04215019437396	228.0
200.05215080179255	228.0
200.06215140921117	226.0
200.07215201662976	223.0
200.08215262404838	220.0
200.092153231467	220.0
200.10215383888558	218.0
200.1121544463042	220.0
200.1221550537228	220.0
200.1321556611414	223.0
200.14215626856	226.0
200.15215687597862	228.0
200.16215748339724	234.0
200.17215809081583	239.0
200.18215869823445	242.0
200.19215930565304	245.0
200.20215991307165	248.0
200.21216052049024	248.0
200.22216112790886	248.0
200.23216173532745	248.0
200.24216234274607	245.0
200.2521629501647	242.0
200.26216355758328	239.0
200.2721641650019	236.0
200.2821647724205	234.0
200.2921653798391	231.0
200.3021659872577	228.0
200.3121665946763	226.0
200.32216720209493	223.0
200.33216780951352	220.0
200.34216841693214	218.0
200.35216902435073	215.0
200.36216963176935	213.0
200.37217023918794	210.0
200.38217084660656	208.0
200.39217145402517	206.0
200.40217206144376	203.0
200.41217266886238	203.0
200.42217327628097	201.0
200.4321738836996	201.0
200.44217449111818	201.0
200.4521750985368	201.0
200.4621757059554	201.0
200.472176313374	201.0
200.48217692079263	201.0
200.49217752821122	201.0
200.50217813562983	201.0
200.51217874304842	201.0
200.52217935046704	199.0
200.53217995788563	199.0
200.54218056530425	196.0
200.55218117272287	194.0
200.56218178014146	192.0
200.57218238756008	190.0
200.58218299497867	187.0
200.59218360239728	187.0
200.60218420981587	187.0
200.6121848172345	187.0
200.62218542465308	187.0
200.6321860320717	187.0
200.64218663949032	192.0
200.6521872469089	196.0
200.66218785432753	203.0
200.67218846174612	213.0
200.68218906916474	220.0
200.69218967658333	228.0
200.70219028400194	231.0
200.71219089142056	231.0
200.72219149883915	231.0
200.73219210625777	231.0
200.74219271367636	231.0
200.75219332109498	231.0
200.76219392851357	231.0
200.7721945359322	228.0
200.78219514335078	228.0
200.7921957507694	228.0
200.802196358188	228.0
200.8121969656066	228.0
200.82219757302522	228.0
200.8321981804438	228.0
200.84219878786243	228.0
200.85219939528102	226.0
200.86220000269964	226.0
200.87220061011826	226.0
200.88220121753685	226.0
200.89220182495546	226.0
200.90220243237405	226.0
200.91220303979267	226.0
200.92220364721126	226.0
200.93220425462988	226.0
200.9422048620485	226.0
200.9522054694671	226.0
200.9622060768857	226.0
200.9722066843043	228.0
200.98220729172291	228.0
200.9922078991415	226.0
201.00220850656012	226.0
201.0122091139787	226.0
201.02220972139733	226.0
201.03221032881595	226.0
201.04221093623454	226.0
201.05221154365316	226.0
201.06221215107175	226.0
201.07221275849037	226.0
201.08221336590896	226.0
201.09221397332757	226.0
201.1022145807462	226.0
201.11221518816478	226.0
201.1222157955834	226.0
201.132216403002	226.0
201.1422170104206	226.0
201.1522176178392	226.0
201.16221822525782	226.0
201.1722188326764	226.0
201.18221944009503	226.0
201.19222004751364	226.0
201.20222065493223	228.0
201.21222126235085	228.0
201.22222186976944	228.0
201.23222247718806	228.0
201.24222308460665	228.0
201.25222369202527	231.0
201.2622242994439	231.0
201.27222490686248	231.0
201.2822255142811	228.0
201.29222612169968	226.0
201.3022267291183	223.0
201.3122273365369	215.0
201.3222279439555	208.0
201.33222855137413	206.0
201.34222915879272	206.0
201.35222976621134	208.0
201.36223037362993	215.0
201.37223098104855	223.0
201.38223158846714	226.0
201.39223219588575	226.0
201.40223280330434	228.0
201.41223341072296	228.0
201.42223401814158	228.0
201.43223462556017	228.0
201.4422352329788	228.0
201.45223584039738	228.0
201.462236447816	226.0
201.4722370552346	226.0
201.4822376626532	226.0
201.49223827007182	226.0
201.5022388774904	223.0
201.51223948490903	223.0
201.52224009232762	223.0
201.53224069974624	226.0
201.54224130716483	226.0
201.55224191458345	231.0
201.56224252200204	236.0
201.57224312942066	239.0
201.58224373683927	245.0
201.59224434425786	250.0
201.60224495167648	256.0
201.61224555909507	259.0
201.6222461665137	259.0
201.63224677393228	256.0
201.6422473813509	253.0
201.65224798876952	250.0
201.6622485961881	248.0
201.67224920360673	245.0
201.68224981102532	239.0
201.69225041844393	236.0
201.70225102586252	234.0
201.71225163328114	231.0
201.72225224069976	228.0
201.73225284811835	226.0
201.74225345553697	226.0
201.75225406295556	226.0
201.76225467037418	226.0
201.77225527779277	226.0
201.78225588521138	228.0
201.79225649262997	234.0
201.8022571000486	239.0
201.8122577074672	245.0
201.8222583148858	253.0
201.83225892230442	262.0
201.842259529723	265.0
201.85226013714163	268.0
201.86226074456022	272.0
201.87226135197884	272.0
201.88226195939745	272.0
201.89226256681604	268.0
201.90226317423466	265.0
201.91226378165325	262.0
201.92226438907187	259.0
201.93226499649046	256.0
201.94226560390908	248.0
201.95226621132767	236.0
201.9622668187463	226.0
201.9722674261649	220.0
201.9822680335835	213.0
201.9922686410021	208.0
202.0022692484207	206.0
202.01226985583932	206.0
202.0222704632579	206.0
202.03227107067653	208.0
202.04227167809515	213.0
202.05227228551374	223.0
202.06227289293236	231.0
202.07227350035095	242.0
202.08227410776956	248.0
202.09227471518815	253.0
202.10227532260677	259.0
202.11227593002536	262.0
202.12227653744398	265.0
202.1322771448626	265.0
202.1422777522812	265.0
202.1522783596998	265.0
202.1622789671184	265.0
202.17227957453701	265.0
202.1822801819556	265.0
202.19228078937422	265.0
202.20228139679284	265.0
202.21228200421143	262.0
202.22228261163005	262.0
202.23228321904864	262.0
202.24228382646726	262.0
202.25228443388585	262.0
202.26228504130447	262.0
202.27228564872308	262.0
202.28228625614167	262.0
202.2922868635603	262.0
202.30228747097888	265.0
202.3122880783975	265.0
202.3222886858161	262.0
202.3322892932347	262.0
202.3422899006533	259.0
202.35229050807192	253.0
202.36229111549054	245.0
202.37229172290913	245.0
202.38229233032774	248.0
202.39229293774633	253.0
202.40229354516495	259.0
202.41229415258354	265.0
202.42229476000216	265.0
202.43229536742078	268.0
202.44229597483937	268.0
202.452296582258	272.0
202.46229718967658	272.0
202.4722977970952	281.0
202.48229840451378	294.0
202.4922990119324	316.0
202.502299619351	338.0
202.5123002267696	354.0
202.52230083418823	358.0
202.53230144160682	358.0
202.54230204902544	350.0
202.55230265644403	331.0
202.56230326386265	312.0
202.57230387128124	294.0
202.58230447869985	272.0
202.59230508611847	262.0
202.60230569353706	256.0
202.61230630095568	253.0
202.62230690837427	256.0
202.6323075157929	259.0
202.64230812321148	259.0
202.6523087306301	259.0
202.66230933804871	259.0
202.6723099454673	256.0
202.68231055288592	248.0
202.6923111603045	242.0
202.70231176772313	265.0
202.71231237514172	268.0
202.72231298256034	272.0
202.73231358997893	272.0
202.74231419739755	272.0
202.75231480481617	268.0
202.76231541223476	268.0
202.77231601965337	268.0
202.78231662707196	272.0
202.79231723449058	275.0
202.80231784190917	284.0
202.8123184493278	298.0
202.8223190567464	308.0
202.832319664165	323.0
202.84232027158362	342.0
202.8523208790022	358.0
202.86232148642083	380.0
202.87232209383941	402.0
202.88232270125803	417.0
202.89232330867662	421.0
202.90232391609524	421.0
202.91232452351386	417.0
202.92232513093245	407.0
202.93232573835107	389.0
202.94232634576966	375.0
202.95232695318828	363.0
202.96232756060687	354.0
202.97232816802548	342.0
202.9823287754441	334.0
202.9923293828627	327.0
203.0023299902813	327.0
203.0123305976999	327.0
203.02233120511852	331.0
203.0323318125371	338.0
203.04233241995573	346.0
203.05233302737435	354.0
203.06233363479294	363.0
203.07233424221155	367.0
203.08233484963014	367.0
203.09233545704876	363.0
203.10233606446735	354.0
203.11233667188597	342.0
203.12233727930456	0.0
203.13233788672318	0.0
203.1423384941418	0.0
203.1523391015604	0.0
203.162339708979	0.0
203.1723403163976	0.0
203.1823409238162	0.0
203.1923415312348	0.0
203.20234213865342	0.0
203.21234274607204	0.0
203.22234335349063	0.0
203.23234396090925	0.0
203.24234456832784	0.0
203.25234517574646	0.0
203.26234578316505	0.0
203.27234639058366	0.0
203.28234699800225	0.0
203.29234760542087	0.0
203.3023482128395	0.0
203.31234882025808	0.0
203.3223494276767	0.0
203.3323500350953	0.0
203.3423506425139	0.0
203.3523512499325	0.0
203.36235185735111	0.0
203.37235246476973	0.0
203.38235307218832	0.0
203.39235367960694	0.0
203.40235428702553	316.0
203.41235489444415	312.0
203.42235550186274	312.0
203.43235610928136	312.0
203.44235671669995	312.0
203.45235732411857	316.0
203.46235793153718	319.0
203.47235853895577	327.0
203.4823591463744	334.0
203.49235975379298	342.0
203.5023603612116	354.0
203.5123609686302	367.0
203.5223615760488	380.0
203.53236218346743	384.0
203.54236279088602	380.0
203.55236339830464	371.0
203.56236400572323	354.0
203.57236461314184	338.0
203.58236522056043	327.0
203.59236582797905	319.0
203.60236643539767	319.0
203.61236704281626	323.0
203.62236765023488	334.0
203.63236825765347	350.0
203.6423688650721	367.0
203.65236947249068	384.0
203.6623700799093	402.0
203.67237068732788	417.0
203.6823712947465	421.0
203.69237190216512	421.0
203.7023725095837	417.0
203.71237311700233	398.0
203.72237372442092	367.0
203.73237433183954	342.0
203.74237493925813	331.0
203.75237554667675	323.0
203.76237615409536	327.0
203.77237676151395	334.0
203.78237736893257	342.0
203.79237797635116	358.0
203.80237858376978	367.0
203.81237919118837	375.0
203.822379798607	375.0
203.83238040602558	371.0
203.8423810134442	367.0
203.85238162086281	358.0
203.8623822282814	298.0
203.87238283570002	262.0
203.8823834431186	242.0
203.89238405053723	231.0
203.90238465795582	231.0
203.91238526537444	234.0
203.92238587279306	236.0
203.93238648021165	245.0
203.94238708763027	259.0
203.95238769504886	268.0
203.96238830246747	275.0
203.97238890988606	275.0
203.98238951730468	275.0
203.9923901247233	272.0
204.0023907321419	268.0
204.0123913395605	262.0
204.0223919469791	256.0
204.03239255439772	253.0
204.0423931618163	248.0
204.05239376923493	242.0
204.06239437665351	239.0
204.07239498407213	242.0
204.08239559149075	248.0
204.09239619890934	288.0
204.10239680632796	301.0
204.11239741374655	316.0
204.12239802116517	331.0
204.13239862858376	342.0
204.14239923600238	350.0
204.152399843421	354.0
204.16240045083958	354.0
204.1724010582582	342.0
204.1824016656768	323.0
204.1924022730954	298.0
204.202402880514	281.0
204.21240348793262	272.0
204.2224040953512	265.0
204.23240470276983	268.0
204.24240531018845	281.0
204.25240591760704	301.0
204.26240652502565	316.0
204.27240713244424	327.0
204.28240773986286	334.0
204.29240834728145	342.0
204.30240895470007	346.0
204.3124095621187	346.0
204.32241016953728	346.0
204.3324107769559	342.0
204.3424113843745	334.0
204.3524119917931	323.0
204.3624125992117	316.0
204.3724132066303	308.0
204.38241381404893	308.0
204.39241442146752	312.0
204.40241502888614	316.0
204.41241563630473	323.0
204.42241624372335	334.0
204.43241685114194	346.0
204.44241745856056	363.0
204.45241806597915	375.0
204.46241867339776	384.0
204.47241928081638	402.0
204.48241988823497	412.0
204.4924204956536	412.0
204.50242110307218	412.0
204.5124217104908	412.0
204.5224223179094	412.0
204.532422925328	407.0
204.54242353274662	407.0
204.55242414016521	407.0
204.56242474758383	407.0
204.57242535500242	407.0
204.58242596242104	407.0
204.59242656983963	407.0
204.60242717725825	407.0
204.61242778467684	407.0
204.62242839209546	402.0
204.63242899951408	402.0
204.64242960693267	389.0
204.65243021435128	0.0
204.66243082176987	0.0
204.6724314291885	0.0
204.68243203660708	0.0
204.6924326440257	0.0
204.70243325144432	0.0
204.7124338588629	354.0
204.72243446628153	342.0
204.73243507370012	334.0
204.74243568111874	331.0
204.75243628853733	327.0
204.76243689595594	327.0
204.77243750337453	327.0
204.78243811079315	334.0
204.79243871821177	342.0
204.80243932563036	346.0
204.81243993304898	358.0
204.82244054046757	358.0
204.8324411478862	363.0
204.84244175530478	363.0
204.8524423627234	358.0
204.862442970142	354.0
204.8724435775606	346.0
204.88244418497922	338.0
204.8924447923978	331.0
204.90244539981643	331.0
204.91244600723502	338.0
204.92244661465364	354.0
204.93244722207226	380.0
204.94244782949085	412.0
204.95244843690946	426.0
204.96244904432805	431.0
204.97244965174667	431.0
204.98245025916526	431.0
204.99245086658388	421.0
205.00245147400247	398.0
205.0124520814211	375.0
205.0224526888397	346.0
205.0324532962583	327.0
205.04245390367691	316.0
205.0524545110955	316.0
205.06245511851412	319.0
205.0724557259327	327.0
205.08245633335133	334.0
205.09245694076995	342.0
205.10245754818854	350.0
205.11245815560716	350.0
205.12245876302575	350.0
205.13245937044437	342.0
205.14245997786296	331.0
205.15246058528157	319.0
205.16246119270016	301.0
205.17246180011878	272.0
205.1824624075374	262.0
205.192463014956	259.0
205.2024636223746	265.0
205.2124642297932	294.0
205.22246483721182	312.0
205.2324654446304	331.0
205.24246605204902	350.0
205.25246665946764	367.0
205.26246726688623	375.0
205.27246787430485	380.0
205.28246848172344	380.0
205.29246908914206	375.0
205.30246969656065	316.0
205.31247030397927	305.0
205.3224709113979	0.0
205.33247151881648	245.0
205.3424721262351	239.0
205.35247273365368	239.0
205.3624733410723	248.0
205.3724739484909	253.0
205.3824745559095	259.0
205.3924751633281	259.0
205.40247577074672	262.0
205.41247637816534	262.0
205.42247698558393	262.0
205.43247759300255	265.0
205.44247820042114	265.0
205.45247880783975	265.0
205.46247941525834	268.0
205.47248002267696	268.0
205.48248063009558	268.0
205.49248123751417	268.0
205.5024818449328	268.0
205.51248245235138	268.0
205.52248305977	268.0
205.5324836671886	268.0
205.5424842746072	268.0
205.5524848820258	268.0
205.5624854894444	268.0
205.57248609686303	268.0
205.58248670428162	268.0
205.59248731170024	268.0
205.60248791911883	268.0
205.61248852653745	268.0
205.62248913395604	268.0
205.63248974137466	265.0
205.64249034879327	262.0
205.65249095621186	250.0
205.66249156363048	234.0
205.67249217104907	228.0
205.6824927784677	226.0
205.69249338588628	223.0
205.7024939933049	215.0
205.71249460072352	213.0
205.7224952081421	208.0
205.73249581556072	208.0
205.74249642297931	208.0
205.75249703039793	210.0
205.76249763781652	215.0
205.77249824523514	228.0
205.78249885265373	236.0
205.79249946007235	248.0
205.80250006749097	256.0
205.81250067490956	259.0
205.82250128232818	259.0
205.83250188974677	253.0
205.84250249716538	242.0
205.85250310458397	226.0
205.8625037120026	215.0
205.8725043194212	213.0
205.8825049268398	215.0
205.89250553425842	226.0
205.902506141677	242.0
205.91250674909563	253.0
205.92250735651422	268.0
205.93250796393284	281.0
205.94250857135142	288.0
205.95250917877004	288.0
205.96250978618866	288.0
205.97251039360725	278.0
205.98251100102587	265.0
205.99251160844446	248.0
206.00251221586308	228.0
206.01251282328167	210.0
206.0225134307003	203.0
206.0325140381189	196.0
206.0425146455375	196.0
206.0525152529561	196.0
206.0625158603747	203.0
206.07251646779332	210.0
206.0825170752119	215.0
206.09251768263053	239.0
206.10251829004912	242.0
206.11251889746774	248.0
206.12251950488636	248.0
206.13252011230495	248.0
206.14252071972356	245.0
206.15252132714215	239.0
206.16252193456077	228.0
206.17252254197936	220.0
206.18252314939798	218.0
206.1925237568166	218.0
206.2025243642352	223.0
206.2125249716538	231.0
206.2225255790724	236.0
206.23252618649101	245.0
206.2425267939096	250.0
206.25252740132822	253.0
206.26252800874684	253.0
206.27252861616543	248.0
206.28252922358405	236.0
206.29252983100264	218.0
206.30253043842126	203.0
206.31253104583985	196.0
206.32253165325847	190.0
206.33253226067706	187.0
206.34253286809567	190.0
206.3525334755143	194.0
206.36253408293288	199.0
206.3725346903515	201.0
206.3825352977701	203.0
206.3925359051887	203.0
206.4025365126073	203.0
206.41253712002592	201.0
206.42253772744453	199.0
206.43253833486312	196.0
206.44253894228174	192.0
206.45253954970033	192.0
206.46254015711895	190.0
206.47254076453754	192.0
206.48254137195616	194.0
206.49254197937475	199.0
206.50254258679337	203.0
206.512543194212	208.0
206.52254380163058	215.0
206.5325444090492	223.0
206.54254501646778	228.0
206.5525456238864	231.0
206.562546231305	234.0
206.5725468387236	234.0
206.58254744614223	234.0
206.59254805356082	228.0
206.60254866097944	226.0
206.61254926839803	218.0
206.62254987581665	213.0
206.63255048323524	208.0
206.64255109065385	208.0
206.65255169807247	210.0
206.66255230549106	218.0
206.67255291290968	231.0
206.68255352032827	242.0
206.6925541277469	250.0
206.70255473516548	256.0
206.7125553425841	259.0
206.7225559500027	256.0
206.7325565574213	248.0
206.74255716483992	242.0
206.7525577722585	208.0
206.76255837967713	203.0
206.77255898709572	196.0
206.78255959451434	192.0
206.79256020193293	192.0
206.80256080935155	194.0
206.81256141677017	194.0
206.82256202418876	199.0
206.83256263160737	201.0
206.84256323902596	206.0
206.85256384644458	208.0
206.86256445386317	210.0
206.8725650612818	210.0
206.88256566870038	210.0
206.892566276119	208.0
206.90256688353762	206.0
206.9125674909562	203.0
206.92256809837482	201.0
206.93256870579341	199.0
206.94256931321203	196.0
206.95256992063062	196.0
206.96257052804924	196.0
206.97257113546786	201.0
206.98257174288645	208.0
206.99257235030507	215.0
207.00257295772366	220.0
207.01257356514228	228.0
207.02257417256087	234.0
207.03257477997948	236.0
207.0425753873981	239.0
207.0525759948167	239.0
207.0625766022353	236.0
207.0725772096539	231.0
207.08257781707252	223.0
207.0925784244911	218.0
207.10257903190973	210.0
207.11257963932832	208.0
207.12258024674694	208.0
207.13258085416555	208.0
207.14258146158414	213.0
207.15258206900276	223.0
207.16258267642135	236.0
207.17258328383997	245.0
207.18258389125856	250.0
207.19258449867718	256.0
207.2025851060958	259.0
207.2125857135144	265.0
207.222586320933	272.0
207.2325869283516	288.0
207.2425875357702	291.0
207.2525881431888	288.0
207.26258875060742	278.0
207.272589358026	272.0
207.28258996544463	265.0
207.29259057286325	256.0
207.30259118028184	248.0
207.31259178770046	242.0
207.32259239511905	234.0
207.33259300253766	226.0
207.34259360995625	218.0
207.35259421737487	215.0
207.3625948247935	213.0
207.37259543221208	213.0
207.3825960396307	213.0
207.3925966470493	220.0
207.4025972544679	231.0
207.4125978618865	239.0
207.42259846930511	248.0
207.4325990767237	256.0
207.44259968414232	265.0
207.45260029156094	272.0
207.46260089897953	275.0
207.47260150639815	278.0
207.48260211381674	278.0
207.49260272123536	275.0
207.50260332865395	275.0
207.51260393607257	272.0
207.52260454349118	272.0
207.53260515090977	272.0
207.5426057583284	272.0
207.55260636574698	272.0
207.5626069731656	268.0
207.5726075805842	268.0
207.5826081880028	268.0
207.59260879542143	268.0
207.60260940284002	268.0
207.61261001025863	268.0
207.62261061767722	268.0
207.63261122509584	272.0
207.64261183251443	272.0
207.65261243993305	275.0
207.66261304735164	272.0
207.67261365477026	268.0
207.68261426218888	265.0
207.69261486960747	259.0
207.7026154770261	0.0
207.71261608444468	0.0
207.7226166918633	0.0
207.73261729928188	0.0
207.7426179067005	0.0
207.75261851411912	0.0
207.7626191215377	0.0
207.77261972895633	0.0
207.78262033637492	0.0
207.79262094379354	0.0
207.80262155121213	0.0
207.81262215863075	0.0
207.82262276604934	0.0
207.83262337346795	0.0
207.84262398088657	0.0
207.85262458830516	0.0
207.86262519572378	0.0
207.87262580314237	0.0
207.882626410561	0.0
207.89262701797958	0.0
207.9026276253982	0.0
207.91262823281681	0.0
207.9226288402354	0.0
207.93262944765402	0.0
207.9426300550726	0.0
207.95263066249123	0.0
207.96263126990982	0.0
207.97263187732844	0.0
207.98263248474706	0.0
207.99263309216565	0.0
208.00263369958427	0.0
208.01263430700286	0.0
208.02263491442147	0.0
208.03263552184006	0.0
208.04263612925868	0.0
208.05263673667727	0.0
208.0626373440959	0.0
208.0726379515145	0.0
208.0826385589331	0.0
208.09263916635172	0.0
208.1026397737703	0.0
208.11264038118892	0.0
208.12264098860751	0.0
208.13264159602613	0.0
208.14264220344475	0.0
208.15264281086334	0.0
208.16264341828196	0.0
208.17264402570055	0.0
208.18264463311917	0.0
208.19264524053776	0.0
208.20264584795638	0.0
208.21264645537497	0.0
208.22264706279358	0.0
208.2326476702122	0.0
208.2426482776308	0.0
208.2526488850494	319.0
208.262649492468	319.0
208.27265009988662	323.0
208.2826507073052	354.0
208.29265131472383	367.0
208.30265192214245	367.0
208.31265252956103	367.0
208.32265313697965	363.0
208.33265374439824	354.0
208.34265435181686	350.0
208.35265495923545	346.0
208.36265556665407	342.0
208.37265617407266	342.0
208.38265678149128	342.0
208.3926573889099	338.0
208.4026579963285	338.0
208.4126586037471	338.0
208.4226592111657	338.0
208.4326598185843	338.0
208.4426604260029	342.0
208.45266103342152	342.0
208.46266164084014	338.0
208.47266224825873	338.0
208.48266285567735	331.0
208.49266346309594	327.0
208.50266407051456	327.0
208.51266467793315	331.0
208.52266528535176	334.0
208.53266589277038	334.0
208.54266650018897	338.0
208.5526671076076	338.0
208.56266771502618	338.0
208.5726683224448	342.0
208.5826689298634	346.0
208.592669537282	358.0
208.6026701447006	367.0
208.61267075211921	371.0
208.62267135953783	375.0
208.63267196695642	371.0
208.64267257437504	371.0
208.65267318179363	371.0
208.66267378921225	371.0
208.67267439663084	367.0
208.68267500404946	363.0
208.69267561146808	354.0
208.70267621888667	350.0
208.71267682630528	338.0
208.72267743372387	331.0
208.7326780411425	319.0
208.74267864856108	312.0
208.7526792559797	301.0
208.7626798633983	291.0
208.7726804708169	284.0
208.78268107823553	278.0
208.79268168565412	275.0
208.80268229307273	275.0
208.81268290049132	272.0
208.82268350790994	268.0
208.83268411532853	262.0
208.84268472274715	259.0
208.85268533016577	250.0
208.86268593758436	245.0
208.87268654500298	236.0
208.88268715242157	231.0
208.8926877598402	231.0
208.90268836725878	236.0
208.9126889746774	259.0
208.922689582096	265.0
208.9326901895146	265.0
208.94269079693322	268.0
208.9526914043518	268.0
208.96269201177043	268.0
208.97269261918902	268.0
208.98269322660764	268.0
208.99269383402623	268.0
209.00269444144485	268.0
209.01269504886346	272.0
209.02269565628205	275.0
209.03269626370067	284.0
209.04269687111926	298.0
209.05269747853788	323.0
209.06269808595647	334.0
209.0726986933751	350.0
209.0826993007937	367.0
209.0926999082123	389.0
209.10270051563091	402.0
209.1127011230495	402.0
209.12270173046812	402.0
209.1327023378867	398.0
209.14270294530533	389.0
209.15270355272392	384.0
209.16270416014254	375.0
209.17270476756116	367.0
209.18270537497975	354.0
209.19270598239837	346.0
209.20270658981696	342.0
209.21270719723557	338.0
209.22270780465416	334.0
209.23270841207278	331.0
209.2427090194914	331.0
209.25270962691	331.0
209.2627102343286	331.0
209.2727108417472	334.0
209.28271144916582	334.0
209.2927120565844	338.0
209.30271266400302	342.0
209.31271327142164	354.0
209.32271387884023	358.0
209.33271448625885	367.0
209.34271509367744	371.0
209.35271570109606	375.0
209.36271630851465	375.0
209.37271691593327	371.0
209.38271752335186	367.0
209.39271813077048	363.0
209.4027187381891	354.0
209.41271934560768	346.0
209.4227199530263	338.0
209.4327205604449	334.0
209.4427211678635	334.0
209.4527217752821	331.0
209.46272238270072	331.0
209.47272299011934	331.0
209.48272359753793	331.0
209.49272420495655	327.0
209.50272481237513	312.0
209.51272541979375	0.0
209.52272602721234	0.0
209.53272663463096	0.0
209.54272724204955	0.0
209.55272784946817	0.0
209.5627284568868	0.0
209.57272906430538	0.0
209.582729671724	0.0
209.5927302791426	0.0
209.6027308865612	0.0
209.6127314939798	0.0
209.6227321013984	407.0
209.63273270881703	407.0
209.64273331623562	407.0
209.65273392365424	402.0
209.66273453107283	402.0
209.67273513849145	402.0
209.68273574591004	402.0
209.69273635332866	398.0
209.70273696074725	398.0
209.71273756816586	398.0
209.72273817558448	398.0
209.73273878300307	402.0
209.7427393904217	402.0
209.75273999784028	402.0
209.7627406052589	402.0
209.7727412126775	402.0
209.7827418200961	402.0
209.79274242751472	402.0
209.80274303493331	407.0
209.81274364235193	407.0
209.82274424977052	407.0
209.83274485718914	407.0
209.84274546460773	407.0
209.85274607202635	407.0
209.86274667944497	398.0
209.87274728686356	375.0
209.88274789428218	367.0
209.89274850170077	363.0
209.90274910911938	363.0
209.91274971653797	407.0
209.9227503239566	417.0
209.93275093137518	407.0
209.9427515387938	407.0
209.95275214621242	412.0
209.962752753631	412.0
209.97275336104963	412.0
209.98275396846822	412.0
209.99275457588683	412.0
210.00275518330542	412.0
210.01275579072404	412.0
210.02275639814266	412.0
210.03275700556125	412.0
210.04275761297987	412.0
210.05275822039846	412.0
210.06275882781708	412.0
210.07275943523567	407.0
210.0827600426543	407.0
210.09276065007288	407.0
210.1027612574915	402.0
210.1127618649101	402.0
210.1227624723287	393.0
210.13276307974732	389.0
210.1427636871659	375.0
210.15276429458453	367.0
210.16276490200312	350.0
210.17276550942174	305.0
210.18276611684036	298.0
210.19276672425895	298.0
210.20276733167756	301.0
210.21276793909615	312.0
210.22276854651477	327.0
210.23276915393336	338.0
210.24276976135198	350.0
210.2527703687706	363.0
210.2627709761892	371.0
210.2727715836078	412.0
210.2827721910264	417.0
210.29277279844501	417.0
210.3027734058636	417.0
210.31277401328222	412.0
210.3227746207008	407.0
210.33277522811943	398.0
210.34277583553805	389.0
210.35277644295664	380.0
210.36277705037526	371.0
210.37277765779385	367.0
210.38277826521247	358.0
210.39277887263106	350.0
210.40277948004967	346.0
210.4127800874683	342.0
210.42278069488688	338.0
210.4327813023055	338.0
210.4427819097241	338.0
210.4527825171427	338.0
210.4627831245613	338.0
210.47278373197992	338.0
210.4827843393985	338.0
210.49278494681712	338.0
210.50278555423574	338.0
210.51278616165433	338.0
210.52278676907295	338.0
210.53278737649154	338.0
210.54278798391016	342.0
210.55278859132875	346.0
210.56278919874737	354.0
210.57278980616599	358.0
210.58279041358458	363.0
210.5927910210032	363.0
210.60279162842178	363.0
210.6127922358404	358.0
210.622792843259	354.0
210.6327934506776	342.0
210.64279405809623	327.0
210.65279466551482	316.0
210.66279527293344	288.0
210.67279588035203	275.0
210.68279648777064	268.0
210.69279709518923	265.0
210.70279770260785	268.0
210.71279831002644	268.0
210.72279891744506	272.0
210.73279952486368	272.0
210.74280013228227	272.0
210.7528007397009	272.0
210.76280134711948	272.0
210.7728019545381	272.0
210.7828025619567	272.0
210.7928031693753	272.0
210.80280377679392	272.0
210.8128043842125	272.0
210.82280499163113	268.0
210.83280559904972	268.0
210.84280620646834	265.0
210.85280681388693	259.0
210.86280742130555	250.0
210.87280802872414	242.0
210.88280863614276	236.0
210.89280924356137	236.0
210.90280985097996	239.0
210.91281045839858	253.0
210.92281106581717	268.0
210.9328116732358	268.0
210.94281228065438	272.0
210.952812888073	272.0
210.96281349549162	272.0
210.9728141029102	272.0
210.98281471032882	272.0
210.99281531774741	272.0
211.00281592516603	272.0
211.01281653258462	268.0
211.02281714000324	265.0
211.03281774742183	262.0
211.04281835484045	256.0
211.05281896225907	248.0
211.06281956967766	242.0
211.07282017709628	236.0
211.08282078451487	234.0
211.09282139193348	234.0
211.10282199935207	236.0
211.1128226067707	245.0
211.1228232141893	253.0
211.1328238216079	268.0
211.14282442902652	291.0
211.1528250364451	301.0
211.16282564386373	312.0
211.17282625128232	316.0
211.18282685870093	316.0
211.19282746611955	316.0
211.20282807353814	312.0
211.21282868095676	256.0
211.22282928837535	223.0
211.23282989579397	208.0
211.24283050321256	206.0
211.25283111063118	206.0
211.26283171804977	208.0
211.27283232546839	223.0
211.282832932887	226.0
211.2928335403056	228.0
211.3028341477242	231.0
211.3128347551428	231.0
211.32283536256142	231.0
211.33283596998	231.0
211.34283657739863	231.0
211.35283718481725	228.0
211.36283779223584	228.0
211.37283839965446	228.0
211.38283900707304	228.0
211.39283961449166	226.0
211.40284022191025	226.0
211.41284082932887	226.0
211.42284143674746	226.0
211.43284204416608	228.0
211.4428426515847	228.0
211.4528432590033	228.0
211.4628438664219	226.0
211.4728444738405	223.0
211.48284508125911	215.0
211.4928456886777	203.0
211.50284629609632	0.0
211.51284690351494	0.0
211.52284751093353	0.0
211.53284811835215	0.0
211.54284872577074	0.0
211.55284933318936	0.0
211.56284994060795	0.0
211.57285054802657	0.0
211.58285115544518	226.0
211.59285176286377	228.0
211.6028523702824	231.0
211.61285297770098	236.0
211.6228535851196	242.0
211.6328541925382	248.0
211.6428547999568	253.0
211.6528554073754	253.0
211.66285601479402	253.0
211.67285662221263	250.0
211.68285722963122	245.0
211.69285783704984	239.0
211.70285844446843	228.0
211.71285905188705	220.0
211.72285965930564	213.0
211.73286026672426	206.0
211.74286087414288	203.0
211.75286148156147	201.0
211.76286208898009	201.0
211.77286269639868	201.0
211.7828633038173	199.0
211.79286391123588	199.0
211.8028645186545	199.0
211.8128651260731	196.0
211.8228657334917	194.0
211.83286634091033	190.0
211.84286694832892	187.0
211.85286755574754	185.0
211.86286816316613	183.0
211.87286877058474	185.0
211.88286937800333	187.0
211.89286998542195	190.0
211.90287059284057	196.0
211.91287120025916	203.0
211.92287180767778	210.0
211.93287241509637	218.0
211.942873022515	226.0
211.95287362993358	228.0
211.9628742373522	231.0
211.9728748447708	231.0
211.9828754521894	231.0
211.99287605960802	231.0
212.0028766670266	228.0
212.01287727444523	228.0
212.02287788186382	226.0
212.03287848928244	226.0
212.04287909670103	226.0
212.05287970411965	223.0
212.06288031153827	223.0
212.07288091895686	223.0
212.08288152637547	223.0
212.09288213379406	223.0
212.10288274121268	223.0
212.11288334863127	223.0
212.1228839560499	223.0
212.1328845634685	220.0
212.1428851708871	210.0
212.15288577830572	206.0
212.1628863857243	206.0
212.17288699314292	206.0
212.18288760056151	203.0
212.19288820798013	203.0
212.20288881539872	203.0
212.21288942281734	203.0
212.22289003023596	203.0
212.23289063765455	203.0
212.24289124507317	206.0
212.25289185249176	208.0
212.26289245991038	213.0
212.27289306732897	218.0
212.28289367474758	220.0
212.2928942821662	223.0
212.3028948895848	226.0
212.3128954970034	226.0
212.322896104422	226.0
212.33289671184062	228.0
212.3428973192592	228.0
212.35289792667783	228.0
212.36289853409642	228.0
212.37289914151503	228.0
212.38289974893365	228.0
212.39290035635224	226.0
212.40290096377086	223.0
212.41290157118945	220.0
212.42290217860807	218.0
212.43290278602666	213.0
212.44290339344528	210.0
212.4529040008639	208.0
212.46290460828249	210.0
212.4729052157011	223.0
212.4829058231197	226.0
212.4929064305383	234.0
212.5029070379569	242.0
212.51290764537552	259.0
212.52290825279414	262.0
212.53290886021273	272.0
212.54290946763135	281.0
212.55291007504994	294.0
212.56291068246856	298.0
212.57291128988714	288.0
212.58291189730576	278.0
212.59291250472435	265.0
212.60291311214297	256.0
212.6129137195616	245.0
212.62291432698018	234.0
212.6329149343988	220.0
212.6429155418174	213.0
212.652916149236	210.0
212.6629167566546	208.0
212.67291736407321	208.0
212.68291797149183	208.0
212.69291857891042	213.0
212.70291918632904	220.0
212.71291979374763	228.0
212.72292040116625	236.0
212.73292100858484	245.0
212.74292161600346	253.0
212.75292222342205	262.0
212.76292283084067	265.0
212.77292343825928	272.0
212.78292404567787	272.0
212.7929246530965	272.0
212.80292526051508	272.0
212.8129258679337	272.0
212.8229264753523	268.0
212.8329270827709	268.0
212.84292769018953	268.0
212.85292829760812	268.0
212.86292890502673	272.0
212.87292951244532	272.0
212.88293011986394	275.0
212.89293072728253	275.0
212.90293133470115	275.0
212.91293194211977	275.0
212.92293254953836	275.0
212.93293315695698	275.0
212.94293376437557	272.0
212.95293437179419	272.0
212.96293497921278	272.0
212.9729355866314	268.0
212.98293619404998	268.0
212.9929368014686	268.0
213.00293740888722	268.0
213.0129380163058	268.0
213.02293862372443	272.0
213.03293923114302	272.0
213.04293983856164	275.0
213.05294044598023	278.0
213.06294105339884	281.0
213.07294166081746	284.0
213.08294226823605	281.0
213.09294287565467	281.0
213.10294348307326	275.0
213.11294409049188	272.0
213.12294469791047	268.0
213.1329453053291	265.0
213.14294591274768	265.0
213.1529465201663	265.0
213.1629471275849	262.0
213.1729477350035	262.0
213.18294834242212	259.0
213.1929489498407	253.0
213.20294955725933	250.0
213.21295016467792	245.0
213.22295077209654	242.0
213.23295137951516	239.0
213.24295198693375	242.0
213.25295259435237	248.0
213.26295320177096	272.0
213.27295380918957	288.0
213.28295441660816	312.0
213.29295502402678	338.0
213.3029556314454	354.0
213.312956238864	358.0
213.3229568462826	363.0
213.3329574537012	358.0
213.34295806111982	358.0
213.3529586685384	350.0
213.36295927595702	342.0
213.37295988337561	338.0
213.38296049079423	334.0
213.39296109821285	334.0
213.40296170563144	331.0
213.41296231305006	331.0
213.42296292046865	331.0
213.43296352788727	331.0
213.44296413530586	331.0
213.45296474272448	331.0
213.4629653501431	331.0
213.47296595756168	331.0
213.4829665649803	331.0
213.4929671723989	331.0
213.5029677798175	331.0
213.5129683872361	331.0
213.52296899465472	331.0
213.5329696020733	334.0
213.54297020949193	334.0
213.55297081691054	342.0
213.56297142432913	350.0
213.57297203174775	358.0
213.58297263916634	367.0
213.59297324658496	375.0
213.60297385400355	380.0
213.61297446142217	380.0
213.6229750688408	380.0
213.63297567625938	375.0
213.642976283678	371.0
213.65297689109659	367.0
213.6629774985152	363.0
213.6729781059338	358.0
213.6829787133524	350.0
213.692979320771	346.0
213.70297992818962	338.0
213.71298053560824	327.0
213.72298114302683	319.0
213.73298175044545	308.0
213.74298235786404	301.0
213.75298296528265	294.0
213.76298357270124	288.0
213.77298418011986	284.0
213.78298478753848	281.0
213.79298539495707	278.0
213.8029860023757	275.0
213.81298660979428	272.0
213.8229872172129	268.0
213.8329878246315	265.0
213.8429884320501	262.0
213.85298903946872	259.0
213.8629896468873	250.0
213.87299025430593	236.0
213.88299086172452	231.0
213.89299146914314	231.0
213.90299207656173	234.0
213.91299268398035	242.0
213.92299329139894	253.0
213.93299389881756	259.0
213.94299450623618	265.0
213.95299511365477	265.0
213.96299572107338	268.0
213.97299632849197	268.0
213.9829969359106	268.0
213.99299754332918	268.0
214.0029981507478	268.0
214.01299875816642	268.0
214.022999365585	268.0
214.03299997300363	268.0
214.04300058042222	268.0
214.05300118784083	268.0
214.06300179525942	268.0
214.07300240267804	265.0
214.08300301009663	265.0
214.09300361751525	265.0
214.10300422493387	265.0
214.11300483235246	265.0
214.12300543977108	265.0
214.13300604718967	265.0
214.14300665460829	268.0
214.15300726202688	268.0
214.1630078694455	268.0
214.1730084768641	268.0
214.1830090842827	268.0
214.19300969170132	268.0
214.2030102991199	268.0
214.21301090653853	268.0
214.22301151395712	268.0
214.23301212137574	268.0
214.24301272879435	268.0
214.25301333621294	268.0
214.26301394363156	268.0
214.27301455105015	268.0
214.28301515846877	268.0
214.29301576588736	268.0
214.30301637330598	268.0
214.31301698072457	268.0
214.3230175881432	268.0
214.3330181955618	268.0
214.3430188029804	268.0
214.353019410399	268.0
214.3630200178176	268.0
214.37302062523622	268.0
214.3830212326548	265.0
214.39302184007343	265.0
214.40302244749205	262.0
214.41302305491064	262.0
214.42302366232926	262.0
214.43302426974785	262.0
214.44302487716647	272.0
214.45302548458505	281.0
214.46302609200367	294.0
214.47302669942226	316.0
214.48302730684088	331.0
214.4930279142595	350.0
214.5030285216781	375.0
214.5130291290967	393.0
214.5230297365153	402.0
214.53303034393392	407.0
214.5430309513525	407.0
214.55303155877112	398.0
214.56303216618974	393.0
214.57303277360833	384.0
214.58303338102695	375.0
214.59303398844554	367.0
214.60303459586416	363.0
214.61303520328275	358.0
214.62303581070137	354.0
214.63303641811999	350.0
214.64303702553858	346.0
214.6530376329572	342.0
214.66303824037578	342.0
214.6730388477944	338.0
214.683039455213	338.0
214.6930400626316	334.0
214.7030406700502	334.0
214.71304127746882	334.0
214.72304188488744	331.0
214.73304249230603	331.0
214.74304309972464	334.0
214.75304370714323	338.0
214.76304431456185	342.0
214.77304492198044	350.0
214.78304552939906	354.0
214.79304613681768	363.0
214.80304674423627	367.0
214.8130473516549	371.0
214.82304795907348	371.0
214.8330485664921	367.0
214.84304917391069	367.0
214.8530497813293	363.0
214.8630503887479	358.0
214.8730509961665	350.0
214.88305160358513	346.0
214.89305221100372	338.0
214.90305281842234	334.0
214.91305342584093	334.0
214.92305403325955	331.0
214.93305464067814	331.0
214.94305524809675	331.0
214.95305585551537	331.0
214.96305646293396	334.0
214.97305707035258	338.0
214.98305767777117	342.0
214.9930582851898	350.0
215.00305889260838	354.0
215.013059500027	358.0
215.0230601074456	363.0
215.0330607148642	358.0
215.04306132228282	358.0
215.0530619297014	316.0
215.06306253712003	0.0
215.07306314453862	0.0
215.08306375195724	0.0
215.09306435937583	0.0
215.10306496679445	0.0
215.11306557421307	0.0
215.12306618163166	0.0
215.13306678905028	0.0
215.14306739646887	0.0
215.15306800388748	0.0
215.16306861130607	0.0
215.1730692187247	0.0
215.1830698261433	0.0
215.1930704335619	0.0
215.20307104098052	0.0
215.2130716483991	0.0
215.22307225581773	0.0
215.23307286323632	0.0
215.24307347065493	0.0
215.25307407807352	0.0
215.26307468549214	0.0
215.27307529291076	0.0
215.28307590032935	0.0
215.29307650774797	0.0
215.30307711516656	0.0
215.31307772258518	0.0
215.32307833000377	0.0
215.33307893742239	0.0
215.343079544841	0.0
215.3530801522596	0.0
215.3630807596782	0.0
215.3730813670968	0.0
215.38308197451542	0.0
215.393082581934	220.0
215.40308318935263	218.0
215.41308379677122	218.0
215.42308440418984	218.0
215.43308501160845	220.0
215.44308561902704	226.0
215.45308622644566	228.0
215.46308683386425	234.0
215.47308744128287	236.0
215.48308804870146	242.0
215.49308865612008	248.0
215.5030892635387	256.0
215.5130898709573	265.0
215.5230904783759	275.0
215.5330910857945	291.0
215.5430916932131	308.0
215.5530923006317	323.0
215.56309290805032	334.0
215.57309351546894	342.0
215.58309412288753	354.0
215.59309473030615	358.0
215.60309533772474	363.0
215.61309594514336	363.0
215.62309655256195	363.0
215.63309715998057	358.0
215.64309776739915	350.0
215.65309837481777	346.0
215.6630989822364	342.0
215.67309958965498	338.0
215.6831001970736	338.0
215.6931008044922	338.0
215.7031014119108	338.0
215.7131020193294	338.0
215.72310262674802	338.0
215.73310323416663	338.0
215.74310384158522	338.0
215.75310444900384	338.0
215.76310505642243	338.0
215.77310566384105	334.0
215.78310627125964	334.0
215.79310687867826	334.0
215.80310748609685	334.0
215.81310809351547	334.0
215.82310870093409	338.0
215.83310930835268	342.0
215.8431099157713	350.0
215.85311052318988	358.0
215.8631111306085	363.0
215.8731117380271	367.0
215.8831123454457	367.0
215.89311295286433	367.0
215.90311356028292	363.0
215.91311416770154	363.0
215.92311477512013	358.0
215.93311538253874	354.0
215.94311598995733	346.0
215.95311659737595	342.0
215.96311720479457	342.0
215.97311781221316	338.0
215.98311841963178	338.0
215.99311902705037	338.0
216.003119634469	334.0
216.01312024188758	334.0
216.0231208493062	334.0
216.03312145672479	334.0
216.0431220641434	334.0
216.05312267156202	338.0
216.0631232789806	342.0
216.07312388639923	350.0
216.08312449381782	363.0
216.09312510123644	375.0
216.10312570865503	384.0
216.11312631607365	398.0
216.12312692349226	412.0
216.13312753091085	417.0
216.14312813832947	417.0
216.15312874574806	407.0
216.16312935316668	398.0
216.17312996058527	389.0
216.1831305680039	380.0
216.19313117542248	371.0
216.2031317828411	367.0
216.21313239025972	363.0
216.2231329976783	354.0
216.23313360509692	354.0
216.2431342125155	350.0
216.25313481993413	346.0
216.26313542735272	346.0
216.27313603477134	342.0
216.28313664218996	338.0
216.29313724960855	338.0
216.30313785702717	338.0
216.31313846444576	334.0
216.32313907186438	334.0
216.33313967928297	334.0
216.34314028670158	334.0
216.35314089412017	334.0
216.3631415015388	334.0
216.3731421089574	334.0
216.383142716376	338.0
216.39314332379462	342.0
216.4031439312132	350.0
216.41314453863183	354.0
216.42314514605042	358.0
216.43314575346903	363.0
216.44314636088765	367.0
216.45314696830624	371.0
216.46314757572486	371.0
216.47314818314345	367.0
216.48314879056207	367.0
216.49314939798066	363.0
216.50315000539928	358.0
216.5131506128179	354.0
216.52315122023649	350.0
216.5331518276551	342.0
216.5431524350737	334.0
216.5531530424923	327.0
216.5631536499109	319.0
216.57315425732952	312.0
216.5831548647481	301.0
216.59315547216673	294.0
216.60315607958535	288.0
216.61315668700394	284.0
216.62315729442255	278.0
216.63315790184114	275.0
216.64315850925976	275.0
216.65315911667835	272.0
216.66315972409697	272.0
216.6731603315156	272.0
216.68316093893418	272.0
216.6931615463528	272.0
216.7031621537714	268.0
216.71316276119	268.0
216.7231633686086	265.0
216.7331639760272	265.0
216.7431645834458	262.0
216.75316519086442	259.0
216.76316579828304	253.0
216.77316640570163	250.0
216.78316701312025	250.0
216.79316762053884	250.0
216.80316822795746	253.0
216.81316883537605	259.0
216.82316944279466	275.0
216.83317005021328	316.0
216.84317065763187	334.0
216.8531712650505	350.0
216.86317187246908	358.0
216.8731724798877	363.0
216.8831730873063	363.0
216.8931736947249	358.0
216.90317430214353	354.0
216.91317490956212	350.0
216.92317551698073	342.0
216.93317612439932	338.0
216.94317673181794	334.0
216.95317733923653	334.0
216.96317794665515	334.0
216.97317855407374	334.0
216.98317916149236	334.0
216.99317976891098	334.0
217.00318037632957	334.0
217.01318098374819	338.0
217.02318159116678	338.0
217.0331821985854	338.0
217.04318280600398	338.0
217.0531834134226	338.0
217.06318402084122	338.0
217.0731846282598	338.0
217.08318523567843	338.0
217.09318584309702	338.0
217.10318645051564	342.0
217.11318705793423	350.0
217.12318766535284	354.0
217.13318827277143	363.0
217.14318888019005	367.0
217.15318948760867	371.0
217.16319009502726	371.0
217.17319070244588	371.0
217.18319130986447	367.0
217.1931919172831	363.0
217.20319252470168	354.0
217.2131931321203	338.0
217.2231937395389	319.0
217.2331943469575	308.0
217.24319495437612	291.0
217.2531955617947	284.0
217.26319616921333	284.0
217.27319677663192	288.0
217.28319738405054	294.0
217.29319799146916	305.0
217.30319859888775	316.0
217.31319920630636	327.0
217.32319981372495	338.0
217.33320042114357	350.0
217.34320102856216	354.0
217.35320163598078	354.0
217.36320224339937	354.0
217.373202850818	350.0
217.3832034582366	346.0
217.3932040656552	346.0
217.40320467307382	342.0
217.4132052804924	342.0
217.42320588791102	342.0
217.4332064953296	342.0
217.44320710274823	342.0
217.45320771016685	342.0
217.46320831758544	342.0
217.47320892500406	338.0
217.48320953242265	334.0
217.49321013984127	331.0
217.50321074725986	323.0
217.51321135467848	316.0
217.52321196209706	316.0
217.53321256951568	316.0
217.5432131769343	316.0
217.5532137843529	323.0
217.5632143917715	331.0
217.5732149991901	342.0
217.58321560660872	350.0
217.5932162140273	363.0
217.60321682144593	380.0
217.61321742886454	402.0
217.62321803628313	407.0
217.63321864370175	407.0
217.64321925112034	407.0
217.65321985853896	407.0
217.66322046595755	407.0
217.67322107337617	407.0
217.68322168079476	407.0
217.69322228821338	407.0
217.703222895632	412.0
217.71322350305059	412.0
217.7232241104692	407.0
217.7332247178878	407.0
217.7432253253064	407.0
217.753225932725	407.0
217.76322654014362	402.0
217.77322714756224	402.0
217.78322775498083	402.0
217.79322836239945	402.0
217.80322896981804	402.0
217.81322957723665	402.0
217.82323018465524	402.0
217.83323079207386	402.0
217.84323139949248	402.0
217.85323200691107	402.0
217.8632326143297	402.0
217.87323322174828	402.0
217.8832338291669	402.0
217.8932344365855	402.0
217.9032350440041	402.0
217.9132356514227	402.0
217.9232362588413	402.0
217.93323686625993	407.0
217.94323747367852	407.0
217.95323808109714	407.0
217.96323868851573	407.0
217.97323929593435	407.0
217.98323990335294	407.0
217.99324051077156	407.0
218.00324111819018	407.0
218.01324172560876	407.0
218.02324233302738	402.0
218.03324294044597	402.0
218.0432435478646	402.0
218.05324415528318	402.0
218.0632447627018	402.0
218.0732453701204	402.0
218.083245977539	402.0
218.09324658495763	407.0
218.10324719237622	407.0
218.11324779979483	412.0
218.12324840721342	412.0
218.13324901463204	412.0
218.14324962205063	412.0
218.15325022946925	412.0
218.16325083688787	412.0
218.17325144430646	412.0
218.18325205172508	412.0
218.19325265914367	0.0
218.20325326656229	0.0
218.21325387398088	0.0
218.2232544813995	0.0
218.2332550888181	0.0
218.2432556962367	393.0
218.25325630365532	389.0
218.2632569110739	380.0
218.27325751849253	375.0
218.28325812591112	371.0
218.29325873332974	367.0
218.30325934074833	358.0
218.31325994816694	354.0
218.32326055558556	350.0
218.33326116300415	346.0
218.34326177042277	338.0
218.35326237784136	334.0
218.36326298525998	334.0
218.37326359267857	331.0
218.3832642000972	331.0
218.3932648075158	334.0
218.4032654149344	334.0
218.413266022353	334.0
218.4232666297716	338.0
218.43326723719022	342.0
218.4432678446088	346.0
218.45326845202743	350.0
218.46326905944602	358.0
218.47326966686464	363.0
218.48327027428326	371.0
218.49327088170185	371.0
218.50327148912046	371.0
218.51327209653905	371.0
218.52327270395767	363.0
218.53327331137626	358.0
218.54327391879488	350.0
218.5532745262135	346.0
218.5632751336321	338.0
218.5732757410507	334.0
218.5832763484693	327.0
218.59327695588792	327.0
218.6032775633065	327.0
218.61327817072512	331.0
218.62327877814374	334.0
218.63327938556233	342.0
218.64327999298095	346.0
218.65328060039954	358.0
218.66328120781816	367.0
218.67328181523675	380.0
218.68328242265537	393.0
218.69328303007396	402.0
218.70328363749258	407.0
218.7132842449112	412.0
218.72328485232978	412.0
218.7332854597484	412.0
218.743286067167	412.0
218.7532866745856	407.0
218.7632872820042	407.0
218.77328788942282	407.0
218.78328849684144	402.0
218.79328910426003	402.0
218.80328971167864	402.0
218.81329031909723	402.0
218.82329092651585	402.0
218.83329153393444	402.0
218.84329214135306	402.0
218.85329274877165	402.0
218.86329335619027	402.0
218.8732939636089	402.0
218.88329457102748	402.0
218.8932951784461	407.0
218.90329578586469	407.0
218.9132963932833	407.0
218.9232970007019	407.0
218.9332976081205	407.0
218.94329821553913	407.0
218.95329882295772	407.0
218.96329943037634	407.0
218.97330003779493	407.0
218.98330064521355	407.0
218.99330125263214	407.0
219.00330186005075	407.0
219.01330246746934	407.0
219.02330307488796	407.0
219.03330368230658	407.0
219.04330428972517	407.0
219.0533048971438	407.0
219.06330550456238	407.0
219.073306111981	412.0
219.0833067193996	412.0
219.0933073268182	412.0
219.10330793423682	412.0
219.1133085416554	412.0
219.12330914907403	412.0
219.13330975649262	412.0
219.14331036391124	412.0
219.15331097132983	407.0
219.16331157874845	402.0
219.17331218616707	393.0
219.18331279358566	389.0
219.19331340100427	380.0
219.20331400842286	371.0
219.21331461584148	358.0
219.22331522326007	346.0
219.2333158306787	334.0
219.24331643809728	323.0
219.2533170455159	319.0
219.26331765293452	319.0
219.2733182603531	323.0
219.28331886777173	331.0
219.29331947519032	346.0
219.30332008260893	358.0
219.31332069002752	371.0
219.32332129744614	384.0
219.33332190486476	398.0
219.34332251228335	407.0
219.35332311970197	412.0
219.36332372712056	412.0
219.37332433453918	412.0
219.38332494195777	412.0
219.39332554937639	407.0
219.40332615679498	402.0
219.4133267642136	398.0
219.4233273716322	389.0
219.4333279790508	380.0
219.44332858646942	371.0
219.453329193888	363.0
219.46332980130663	354.0
219.47333040872522	350.0
219.48333101614384	346.0
219.49333162356245	342.0
219.50333223098104	338.0
219.51333283839966	338.0
219.52333344581825	334.0
219.53333405323687	334.0
219.54333466065546	334.0
219.55333526807408	338.0
219.5633358754927	338.0
219.5733364829113	342.0
219.5833370903299	342.0
219.5933376977485	350.0
219.6033383051671	358.0
219.6133389125857	367.0
219.62333952000432	375.0
219.6333401274229	384.0
219.64334073484153	389.0
219.65334134226015	393.0
219.66334194967874	389.0
219.67334255709736	380.0
219.68334316451595	354.0
219.69334377193456	334.0
219.70334437935315	319.0
219.71334498677177	253.0
219.7233455941904	248.0
219.73334620160898	236.0
219.7433468090276	234.0
219.7533474164462	234.0
219.7633480238648	236.0
219.7733486312834	245.0
219.78334923870202	259.0
219.7933498461206	265.0
219.80335045353922	268.0
219.81335106095784	268.0
219.82335166837643	268.0
219.83335227579505	268.0
219.84335288321364	272.0
219.85335349063226	272.0
219.86335409805085	272.0
219.87335470546947	268.0
219.88335531288809	268.0
219.89335592030667	268.0
219.9033565277253	268.0
219.91335713514388	268.0
219.9233577425625	268.0
219.9333583499811	268.0
219.9433589573997	268.0
219.95335956481833	268.0
219.96336017223692	268.0
219.97336077965554	268.0
219.98336138707413	268.0
219.99336199449274	268.0
220.00336260191133	268.0
220.01336320932995	268.0
220.02336381674854	268.0
220.03336442416716	268.0
220.04336503158578	265.0
220.05336563900437	262.0
220.063366246423	0.0
220.07336685384158	0.0
220.0833674612602	0.0
220.09336806867879	0.0
220.1033686760974	0.0
220.11336928351602	0.0
220.1233698909346	0.0
220.13337049835323	0.0
220.14337110577182	0.0
220.15337171319044	0.0
220.16337232060903	0.0
220.17337292802765	0.0
220.18337353544624	0.0
220.19337414286485	0.0
220.20337475028347	0.0
220.21337535770206	0.0
220.22337596512068	0.0
220.23337657253927	0.0
220.2433771799579	0.0
220.25337778737648	0.0
220.2633783947951	0.0
220.27337900221372	0.0
220.2833796096323	0.0
220.29338021705092	0.0
220.3033808244695	0.0
220.31338143188813	0.0
220.32338203930672	0.0
220.33338264672534	0.0
220.34338325414393	0.0
220.35338386156255	0.0
220.36338446898117	0.0
220.37338507639976	0.0
220.38338568381837	0.0
220.39338629123696	0.0
220.40338689865558	242.0
220.41338750607417	242.0
220.4233881134928	242.0
220.4333887209114	248.0
220.44338932833	253.0
220.45338993574862	262.0
220.4633905431672	268.0
220.47339115058583	272.0
220.48339175800442	272.0
220.49339236542303	272.0
220.50339297284165	272.0
220.51339358026024	272.0
220.52339418767886	272.0
220.53339479509745	272.0
220.54339540251607	272.0
220.55339600993466	272.0
220.56339661735328	272.0
220.57339722477187	272.0
220.58339783219049	272.0
220.5933984396091	272.0
220.6033990470277	272.0
220.6133996544463	272.0
220.6234002618649	272.0
220.63340086928352	268.0
220.6434014767021	268.0
220.65340208412073	265.0
220.66340269153935	262.0
220.67340329895794	256.0
220.68340390637655	250.0
220.69340451379514	242.0
220.70340512121376	234.0
220.71340572863235	223.0
220.72340633605097	215.0
220.73340694346956	210.0
220.74340755088818	208.0
220.7534081583068	208.0
220.7634087657254	210.0
220.773409373144	215.0
220.7834099805626	223.0
220.7934105879812	234.0
220.8034111953998	242.0
220.81341180281842	253.0
220.82341241023704	262.0
220.83341301765563	272.0
220.84341362507425	278.0
220.85341423249284	281.0
220.86341483991146	281.0
220.87341544733005	278.0
220.88341605474866	272.0
220.89341666216728	262.0
220.90341726958587	256.0
220.9134178770045	250.0
220.92341848442308	242.0
220.9334190918417	231.0
220.9434196992603	220.0
220.9534203066789	215.0
220.9634209140975	213.0
220.97342152151612	213.0
220.98342212893473	215.0
220.99342273635332	223.0
221.00342334377194	236.0
221.01342395119053	248.0
221.02342455860915	262.0
221.03342516602774	288.0
221.04342577344636	298.0
221.05342638086498	301.0
221.06342698828357	301.0
221.07342759570219	298.0
221.08342820312077	291.0
221.0934288105394	278.0
221.10342941795798	262.0
221.1134300253766	248.0
221.1234306327952	234.0
221.1334312402138	215.0
221.14343184763243	206.0
221.15343245505102	203.0
221.16343306246964	203.0
221.17343366988823	206.0
221.18343427730684	208.0
221.19343488472543	213.0
221.20343549214405	215.0
221.21343609956267	220.0
221.22343670698126	223.0
221.23343731439988	228.0
221.24343792181847	231.0
221.2534385292371	234.0
221.26343913665568	234.0
221.2734397440743	236.0
221.28344035149289	236.0
221.2934409589115	236.0
221.30344156633012	236.0
221.3134421737487	236.0
221.32344278116733	236.0
221.33344338858592	236.0
221.34344399600454	239.0
221.35344460342313	239.0
221.36344521084175	239.0
221.37344581826036	239.0
221.38344642567895	239.0
221.39344703309757	239.0
221.40344764051616	239.0
221.41344824793478	239.0
221.42344885535337	236.0
221.433449462772	234.0
221.4434500701906	231.0
221.4534506776092	228.0
221.46345128502782	226.0
221.4734518924464	226.0
221.48345249986502	226.0
221.4934531072836	226.0
221.50345371470223	226.0
221.51345432212082	226.0
221.52345492953944	226.0
221.53345553695806	228.0
221.54345614437665	226.0
221.55345675179527	226.0
221.56345735921386	226.0
221.57345796663247	226.0
221.58345857405106	226.0
221.59345918146968	226.0
221.6034597888883	226.0
221.6134603963069	226.0
221.6234610037255	223.0
221.6334616111441	223.0
221.64346221856272	223.0
221.6534628259813	223.0
221.66346343339993	223.0
221.67346404081852	223.0
221.68346464823713	223.0
221.69346525565575	223.0
221.70346586307434	223.0
221.71346647049296	223.0
221.72346707791155	223.0
221.73346768533017	223.0
221.74346829274876	223.0
221.75346890016738	223.0
221.763469507586	226.0
221.77347011500459	226.0
221.7834707224232	228.0
221.7934713298418	231.0
221.8034719372604	234.0
221.813472544679	236.0
221.82347315209762	239.0
221.83347375951624	242.0
221.84347436693483	242.0
221.85347497435345	242.0
221.86347558177204	242.0
221.87347618919065	239.0
221.88347679660924	239.0
221.89347740402786	236.0
221.90347801144645	234.0
221.91347861886507	231.0
221.9234792262837	228.0
221.93347983370228	226.0
221.9434804411209	223.0
221.9534810485395	220.0
221.9634816559581	218.0
221.9734822633767	213.0
221.9834828707953	210.0
221.99348347821393	208.0
222.00348408563252	206.0
222.01348469305114	203.0
222.02348530046973	201.0
222.03348590788835	201.0
222.04348651530694	199.0
222.05348712272556	199.0
222.06348773014415	201.0
222.07348833756276	201.0
222.08348894498138	201.0
222.09348955239997	203.0
222.1034901598186	203.0
222.11349076723718	203.0
222.1234913746558	206.0
222.1334919820744	206.0
222.143492589493	206.0
222.15349319691163	203.0
222.16349380433022	203.0
222.17349441174883	206.0
222.18349501916742	206.0
222.19349562658604	208.0
222.20349623400463	210.0
222.21349684142325	213.0
222.22349744884187	215.0
222.23349805626046	220.0
222.24349866367908	226.0
222.25349927109767	226.0
222.26349987851628	228.0
222.27350048593487	228.0
222.2835010933535	228.0
222.29350170077208	228.0
222.3035023081907	228.0
222.31350291560932	228.0
222.3235035230279	228.0
222.33350413044653	228.0
222.34350473786512	228.0
222.35350534528374	228.0
222.36350595270233	228.0
222.37350656012094	228.0
222.38350716753956	0.0
222.39350777495815	0.0
222.40350838237677	0.0
222.41350898979536	0.0
222.42350959721398	0.0
222.43351020463257	0.0
222.4435108120512	0.0
222.45351141946978	0.0
222.4635120268884	228.0
222.473512634307	228.0
222.4835132417256	228.0
222.49351384914422	228.0
222.5035144565628	228.0
222.51351506398143	228.0
222.52351567140002	231.0
222.53351627881864	234.0
222.54351688623726	239.0
222.55351749365585	242.0
222.56351810107446	245.0
222.57351870849305	245.0
222.58351931591167	248.0
222.59351992333026	245.0
222.60352053074888	245.0
222.61352113816747	242.0
222.6235217455861	239.0
222.6335223530047	236.0
222.6435229604233	234.0
222.65352356784192	231.0
222.6635241752605	228.0
222.67352478267912	228.0
222.6835253900977	228.0
222.69352599751633	228.0
222.70352660493495	228.0
222.71352721235354	228.0
222.72352781977216	228.0
222.73352842719075	228.0
222.74352903460937	228.0
222.75352964202796	228.0
222.76353024944657	228.0
222.7735308568652	228.0
222.78353146428378	228.0
222.7935320717024	228.0
222.803532679121	228.0
222.8135332865396	228.0
222.8235338939582	228.0
222.83353450137682	226.0
222.8435351087954	226.0
222.85353571621403	223.0
222.86353632363264	218.0
222.87353693105123	215.0
222.88353753846985	215.0
222.89353814588844	223.0
222.90353875330706	228.0
222.91353936072565	234.0
222.92353996814427	236.0
222.9335405755629	239.0
222.94354118298148	242.0
222.9535417904001	242.0
222.96354239781869	242.0
222.9735430052373	245.0
222.9835436126559	245.0
222.9935442200745	245.0
223.0035448274931	245.0
223.01354543491172	242.0
223.02354604233034	242.0
223.03354664974893	242.0
223.04354725716755	242.0
223.05354786458614	239.0
223.06354847200475	239.0
223.07354907942334	236.0
223.08354968684196	234.0
223.09355029426058	234.0
223.10355090167917	231.0
223.1135515090978	228.0
223.12355211651638	226.0
223.133552723935	220.0
223.1435533313536	218.0
223.1535539387722	213.0
223.16355454619082	208.0
223.1735551536094	206.0
223.18355576102803	203.0
223.19355636844662	201.0
223.20355697586524	196.0
223.21355758328383	194.0
223.22355819070245	194.0
223.23355879812104	194.0
223.24355940553966	196.0
223.25356001295827	199.0
223.26356062037686	203.0
223.27356122779548	206.0
223.28356183521407	210.0
223.2935624426327	218.0
223.30356305005128	223.0
223.3135636574699	226.0
223.32356426488852	231.0
223.3335648723071	231.0
223.34356547972573	231.0
223.35356608714432	231.0
223.36356669456293	231.0
223.37356730198152	228.0
223.38356790940014	228.0
223.39356851681873	228.0
223.40356912423735	226.0
223.41356973165597	226.0
223.42357033907456	226.0
223.43357094649318	223.0
223.44357155391177	223.0
223.45357216133038	223.0
223.46357276874897	223.0
223.4735733761676	223.0
223.4835739835862	223.0
223.4935745910048	226.0
223.50357519842342	226.0
223.513575805842	226.0
223.52357641326063	226.0
223.53357702067922	226.0
223.54357762809784	223.0
223.55357823551645	223.0
223.56357884293504	223.0
223.57357945035366	223.0
223.58358005777225	226.0
223.59358066519087	226.0
223.60358127260946	226.0
223.61358188002808	226.0
223.62358248744667	226.0
223.6335830948653	223.0
223.6435837022839	223.0
223.6535843097025	223.0
223.6635849171211	223.0
223.6735855245397	226.0
223.68358613195832	228.0
223.6935867393769	236.0
223.70358734679553	248.0
223.71358795421415	259.0
223.72358856163274	275.0
223.73358916905136	288.0
223.74358977646995	291.0
223.75359038388856	291.0
223.76359099130715	284.0
223.77359159872577	275.0
223.78359220614436	262.0
223.79359281356298	253.0
223.8035934209816	242.0
223.8135940284002	226.0
223.8235946358188	213.0
223.8335952432374	206.0
223.84359585065602	203.0
223.8535964580746	201.0
223.86359706549322	201.0
223.87359767291184	203.0
223.88359828033043	208.0
223.89359888774905	213.0
223.90359949516764	220.0
223.91360010258626	231.0
223.92360071000485	239.0
223.93360131742347	248.0
223.94360192484206	256.0
223.95360253226067	262.0
223.9636031396793	265.0
223.97360374709788	268.0
223.9836043545165	268.0
223.9936049619351	268.0
224.0036055693537	268.0
224.0136061767723	268.0
224.02360678419092	268.0
224.03360739160954	268.0
224.04360799902813	268.0
224.05360860644674	268.0
224.06360921386533	268.0
224.07360982128395	268.0
224.08361042870254	268.0
224.09361103612116	268.0
224.10361164353978	268.0
224.11361225095837	272.0
224.123612858377	272.0
224.13361346579558	272.0
224.1436140732142	272.0
224.15361468063278	268.0
224.1636152880514	262.0
224.17361589547	256.0
224.1836165028886	250.0
224.19361711030723	245.0
224.20361771772582	242.0
224.21361832514444	242.0
224.22361893256303	242.0
224.23361953998165	245.0
224.24362014740024	338.0
224.25362075481885	342.0
224.26362136223747	346.0
224.27362196965606	342.0
224.28362257707468	338.0
224.29362318449327	338.0
224.3036237919119	338.0
224.31362439933048	338.0
224.3236250067491	342.0
224.3336256141677	346.0
224.3436262215863	350.0
224.35362682900492	354.0
224.3636274364235	354.0
224.37362804384213	354.0
224.38362865126072	350.0
224.39362925867934	342.0
224.40362986609793	338.0
224.41363047351655	334.0
224.42363108093517	331.0
224.43363168835376	327.0
224.44363229577237	327.0
224.45363290319096	327.0
224.46363351060958	327.0
224.47363411802817	327.0
224.4836347254468	331.0
224.4936353328654	319.0
224.503635940284	312.0
224.51363654770262	0.0
224.5236371551212	0.0
224.53363776253983	0.0
224.54363836995842	0.0
224.55363897737703	0.0
224.56363958479562	0.0
224.57364019221424	0.0
224.58364079963286	0.0
224.59364140705145	0.0
224.60364201447007	402.0
224.61364262188866	407.0
224.62364322930728	407.0
224.63364383672587	402.0
224.64364444414448	402.0
224.6536450515631	402.0
224.6636456589817	402.0
224.6736462664003	398.0
224.6836468738189	398.0
224.69364748123752	398.0
224.7036480886561	398.0
224.71364869607473	398.0
224.72364930349332	398.0
224.73364991091194	402.0
224.74365051833055	402.0
224.75365112574914	402.0
224.76365173316776	402.0
224.77365234058635	402.0
224.78365294800497	402.0
224.79365355542356	402.0
224.80365416284218	402.0
224.8136547702608	402.0
224.8236553776794	402.0
224.833655985098	393.0
224.8436565925166	375.0
224.8536571999352	367.0
224.8636578073538	363.0
224.87365841477242	363.0
224.88365902219104	367.0
224.89365962960963	389.0
224.90366023702825	402.0
224.91366084444684	407.0
224.92366145186546	407.0
224.93366205928405	407.0
224.94366266670266	407.0
224.95366327412125	407.0
224.96366388153987	407.0
224.9736644889585	407.0
224.98366509637708	407.0
224.9936657037957	407.0
225.0036663112143	402.0
225.0136669186329	402.0
225.0236675260515	402.0
225.03366813347012	402.0
225.04366874088873	402.0
225.05366934830732	402.0
225.06366995572594	407.0
225.07367056314453	402.0
225.08367117056315	402.0
225.09367177798174	398.0
225.10367238540036	393.0
225.11367299281895	393.0
225.12367360023757	389.0
225.13367420765618	380.0
225.14367481507477	371.0
225.1536754224934	363.0
225.16367602991198	350.0
225.1736766373306	342.0
225.1836772447492	331.0
225.1936778521678	323.0
225.20367845958643	323.0
225.21367906700502	323.0
225.22367967442364	331.0
225.23368028184223	338.0
225.24368088926084	350.0
225.25368149667943	363.0
225.26368210409805	375.0
225.27368271151664	380.0
225.28368331893526	389.0
225.29368392635388	402.0
225.30368453377247	412.0
225.3136851411911	412.0
225.32368574860968	412.0
225.3336863560283	412.0
225.34368696344688	407.0
225.3536875708655	398.0
225.36368817828412	393.0
225.3736887857027	384.0
225.38368939312133	375.0
225.39369000053992	367.0
225.40369060795854	358.0
225.41369121537713	354.0
225.42369182279575	346.0
225.43369243021436	338.0
225.44369303763295	334.0
225.45369364505157	334.0
225.46369425247016	334.0
225.47369485988878	334.0
225.48369546730737	338.0
225.493696074726	342.0
225.50369668214458	350.0
225.5136972895632	358.0
225.52369789698182	367.0
225.5336985044004	371.0
225.54369911181902	380.0
225.5536997192376	380.0
225.56370032665623	380.0
225.57370093407482	367.0
225.58370154149344	354.0
225.59370214891206	334.0
225.60370275633065	308.0
225.61370336374927	256.0
225.62370397116786	248.0
225.63370457858647	242.0
225.64370518600506	239.0
225.65370579342368	242.0
225.66370640084227	248.0
225.6737070082609	253.0
225.6837076156795	256.0
225.6937082230981	259.0
225.70370883051672	262.0
225.7137094379353	265.0
225.72371004535393	265.0
225.73371065277252	268.0
225.74371126019113	268.0
225.75371186760975	268.0
225.76371247502834	268.0
225.77371308244696	268.0
225.78371368986555	268.0
225.79371429728417	268.0
225.80371490470276	268.0
225.81371551212138	272.0
225.82371611954	272.0
225.83371672695858	268.0
225.8437173343772	268.0
225.8537179417958	268.0
225.8637185492144	268.0
225.873719156633	265.0
225.88371976405162	262.0
225.8937203714702	259.0
225.90372097888883	253.0
225.91372158630745	248.0
225.92372219372604	248.0
225.93372280114465	245.0
225.94372340856324	245.0
225.95372401598186	245.0
225.96372462340045	245.0
225.97372523081907	0.0
225.9837258382377	327.0
225.99372644565628	331.0
226.0037270530749	334.0
226.0137276604935	334.0
226.0237282679121	334.0
226.0337288753307	334.0
226.0437294827493	331.0
226.0537300901679	331.0
226.06373069758652	334.0
226.07373130500514	334.0
226.08373191242373	334.0
226.09373251984235	334.0
226.10373312726094	338.0
226.11373373467956	338.0
226.12373434209815	342.0
226.13373494951676	342.0
226.14373555693538	346.0
226.15373616435397	350.0
226.1637367717726	350.0
226.17373737919118	346.0
226.1837379866098	342.0
226.1937385940284	334.0
226.203739201447	323.0
226.21373980886563	312.0
226.22374041628422	294.0
226.23374102370283	265.0
226.24374163112142	248.0
226.25374223854004	236.0
226.26374284595863	234.0
226.27374345337725	234.0
226.28374406079584	239.0
226.29374466821446	245.0
226.30374527563308	250.0
226.31374588305167	256.0
226.32374649047028	262.0
226.33374709788887	265.0
226.3437477053075	268.0
226.35374831272608	272.0
226.3637489201447	275.0
226.37374952756332	275.0
226.3837501349819	275.0
226.39375074240053	272.0
226.40375134981912	272.0
226.41375195723774	272.0
226.42375256465633	272.0
226.43375317207494	272.0
226.44375377949353	272.0
226.45375438691215	272.0
226.46375499433077	268.0
226.47375560174936	268.0
226.48375620916798	268.0
226.49375681658657	265.0
226.5037574240052	262.0
226.51375803142378	256.0
226.5237586388424	248.0
226.533759246261	242.0
226.5437598536796	236.0
226.55376046109822	236.0
226.5637610685168	236.0
226.57376167593543	259.0
226.58376228335402	262.0
226.59376289077264	265.0
226.60376349819123	268.0
226.61376410560985	272.0
226.62376471302846	272.0
226.63376532044705	272.0
226.64376592786567	272.0
226.65376653528426	272.0
226.66376714270288	268.0
226.67376775012147	268.0
226.6837683575401	268.0
226.6937689649587	265.0
226.7037695723773	262.0
226.71377017979592	259.0
226.7237707872145	253.0
226.73377139463312	248.0
226.7437720020517	242.0
226.75377260947033	239.0
226.76377321688895	234.0
226.77377382430754	231.0
226.78377443172616	231.0
226.79377503914475	234.0
226.80377564656337	236.0
226.81377625398196	242.0
226.82377686140057	248.0
226.83377746881916	259.0
226.84377807623778	275.0
226.8537786836564	291.0
226.863779291075	298.0
226.8737798984936	305.0
226.8837805059122	308.0
226.89378111333082	312.0
226.9037817207494	308.0
226.91378232816803	305.0
226.92378293558664	250.0
226.93378354300523	234.0
226.94378415042385	223.0
226.95378475784244	215.0
226.96378536526106	208.0
226.97378597267965	208.0
226.98378658009827	213.0
226.99378718751686	218.0
227.00378779493548	223.0
227.0137884023541	226.0
227.02378900977268	228.0
227.0337896171913	228.0
227.0437902246099	226.0
227.0537908320285	226.0
227.0637914394471	226.0
227.07379204686572	226.0
227.08379265428434	226.0
227.09379326170293	226.0
227.10379386912155	226.0
227.11379447654014	226.0
227.12379508395875	226.0
227.13379569137734	226.0
227.14379629879596	226.0
227.15379690621458	226.0
227.16379751363317	226.0
227.1737981210518	226.0
227.18379872847038	226.0
227.193799335889	228.0
227.2037999433076	228.0
227.2138005507262	228.0
227.2238011581448	228.0
227.2338017655634	228.0
227.24380237298203	228.0
227.25380298040062	0.0
227.26380358781924	0.0
227.27380419523783	0.0
227.28380480265645	0.0
227.29380541007504	0.0
227.30380601749366	0.0
227.31380662491227	0.0
227.32380723233086	0.0
227.33380783974948	0.0
227.34380844716807	0.0
227.3538090545867	0.0
227.36380966200528	0.0
227.3738102694239	0.0
227.3838108768425	0.0
227.3938114842611	0.0
227.40381209167973	0.0
227.41381269909832	0.0
227.42381330651693	0.0
227.43381391393552	0.0
227.44381452135414	0.0
227.45381512877273	0.0
227.46381573619135	0.0
227.47381634360997	0.0
227.48381695102856	0.0
227.49381755844718	0.0
227.50381816586577	0.0
227.51381877328438	0.0
227.52381938070297	0.0
227.5338199881216	0.0
227.5438205955402	0.0
227.5538212029588	0.0
227.56382181037742	0.0
227.573822417796	0.0
227.58382302521463	223.0
227.59382363263322	226.0
227.60382424005184	228.0
227.61382484747043	228.0
227.62382545488904	228.0
227.63382606230766	228.0
227.64382666972625	228.0
227.65382727714487	228.0
227.66382788456346	228.0
227.67382849198208	228.0
227.68382909940067	228.0
227.6938297068193	228.0
227.7038303142379	228.0
227.7138309216565	228.0
227.7238315290751	226.0
227.7338321364937	226.0
227.74383274391232	228.0
227.7538333513309	228.0
227.76383395874953	234.0
227.77383456616812	239.0
227.78383517358674	245.0
227.79383578100536	248.0
227.80383638842395	250.0
227.81383699584256	253.0
227.82383760326115	253.0
227.83383821067977	253.0
227.84383881809836	250.0
227.85383942551698	245.0
227.8638400329356	239.0
227.8738406403542	234.0
227.8838412477728	228.0
227.8938418551914	223.0
227.90384246261002	220.0
227.9138430700286	218.0
227.92384367744722	215.0
227.9338442848658	218.0
227.94384489228443	220.0
227.95384549970305	226.0
227.96384610712164	231.0
227.97384671454026	236.0
227.98384732195885	242.0
227.99384792937747	253.0
228.00384853679606	259.0
228.01384914421467	262.0
228.0238497516333	265.0
228.03385035905188	265.0
228.0438509664705	265.0
228.0538515738891	262.0
228.0638521813077	259.0
228.0738527887263	256.0
228.08385339614492	253.0
228.09385400356354	248.0
228.10385461098213	245.0
228.11385521840074	242.0
228.12385582581933	239.0
228.13385643323795	236.0
228.14385704065654	231.0
228.15385764807516	228.0
228.16385825549375	226.0
228.17385886291237	226.0
228.183859470331	228.0
228.19386007774958	234.0
228.2038606851682	242.0
228.21386129258678	250.0
228.2238619000054	256.0
228.233862507424	268.0
228.2438631148426	281.0
228.25386372226123	291.0
228.26386432967982	291.0
228.27386493709844	288.0
228.28386554451703	253.0
228.29386615193565	242.0
228.30386675935424	228.0
228.31386736677285	220.0
228.32386797419144	215.0
228.33386858161006	210.0
228.34386918902868	210.0
228.35386979644727	213.0
228.3638704038659	215.0
228.37387101128448	218.0
228.3838716187031	220.0
228.3938722261217	223.0
228.4038728335403	226.0
228.41387344095892	228.0
228.4238740483775	231.0
228.43387465579613	234.0
228.44387526321472	236.0
228.45387587063334	239.0
228.46387647805193	239.0
228.47387708547055	242.0
228.48387769288917	242.0
228.49387830030776	242.0
228.50387890772637	242.0
228.51387951514496	242.0
228.52388012256358	239.0
228.53388072998217	239.0
228.5438813374008	236.0
228.55388194481938	234.0
228.563882552238	228.0
228.57388315965662	223.0
228.5838837670752	213.0
228.59388437449383	206.0
228.60388498191242	201.0
228.61388558933103	199.0
228.62388619674962	196.0
228.63388680416824	196.0
228.64388741158686	201.0
228.65388801900545	203.0
228.66388862642407	208.0
228.67388923384266	213.0
228.68388984126128	218.0
228.69389044867987	220.0
228.70389105609848	223.0
228.71389166351707	226.0
228.7238922709357	226.0
228.7338928783543	226.0
228.7438934857729	226.0
228.75389409319152	226.0
228.7638947006101	226.0
228.77389530802873	226.0
228.78389591544732	226.0
228.79389652286594	226.0
228.80389713028455	226.0
228.81389773770314	226.0
228.82389834512176	226.0
228.83389895254035	226.0
228.84389955995897	228.0
228.85390016737756	231.0
228.86390077479618	234.0
228.8739013822148	234.0
228.8839019896334	234.0
228.893902597052	231.0
228.9039032044706	226.0
228.9139038118892	0.0
228.9239044193078	0.0
228.93390502672642	0.0
228.943905634145	0.0
228.95390624156363	0.0
228.96390684898225	0.0
228.97390745640084	0.0
228.98390806381946	0.0
228.99390867123805	0.0
229.00390927865666	0.0
229.01390988607525	0.0
229.02391049349387	201.0
229.0339111009125	199.0
229.04391170833108	199.0
229.0539123157497	199.0
229.0639129231683	201.0
229.0739135305869	201.0
229.0839141380055	201.0
229.09391474542412	203.0
229.1039153528427	203.0
229.11391596026132	203.0
229.12391656767994	206.0
229.13391717509853	203.0
229.14391778251715	206.0
229.15391838993574	206.0
229.16391899735436	206.0
229.17391960477295	203.0
229.18392021219157	203.0
229.19392081961018	203.0
229.20392142702877	203.0
229.2139220344474	201.0
229.22392264186598	201.0
229.2339232492846	199.0
229.2439238567032	199.0
229.2539244641218	196.0
229.2639250715404	194.0
229.27392567895902	190.0
229.28392628637764	187.0
229.29392689379623	190.0
229.30392750121484	194.0
229.31392810863343	199.0
229.32392871605205	199.0
229.33392932347064	201.0
229.34392993088926	201.0
229.35393053830788	203.0
229.36393114572647	203.0
229.3739317531451	203.0
229.38393236056368	201.0
229.3939329679823	201.0
229.40393357540088	201.0
229.4139341828195	201.0
229.42393479023812	199.0
229.4339353976567	199.0
229.44393600507533	196.0
229.45393661249392	194.0
229.46393721991254	194.0
229.47393782733113	192.0
229.48393843474975	190.0
229.49393904216834	190.0
229.50393964958695	190.0
229.51394025700557	187.0
229.52394086442416	185.0
229.53394147184278	177.0
229.54394207926137	169.0
229.55394268668	161.0
229.56394329409858	0.0
229.5739439015172	0.0
229.58394450893582	0.0
229.5939451163544	0.0
229.60394572377302	0.0
229.6139463311916	0.0
229.62394693861023	0.0
229.63394754602882	0.0
229.64394815344744	0.0
229.65394876086603	0.0
229.66394936828465	0.0
229.67394997570327	0.0
229.68395058312186	0.0
229.69395119054047	0.0
229.70395179795906	206.0
229.71395240537768	203.0
229.72395301279627	201.0
229.7339536202149	199.0
229.7439542276335	199.0
229.7539548350521	199.0
229.76395544247072	199.0
229.7739560498893	199.0
229.78395665730793	199.0
229.79395726472652	201.0
229.80395787214513	201.0
229.81395847956375	201.0
229.82395908698234	201.0
229.83395969440096	201.0
229.84396030181955	201.0
229.85396090923817	201.0
229.86396151665676	201.0
229.87396212407538	201.0
229.88396273149397	201.0
229.89396333891258	201.0
229.9039639463312	199.0
229.9139645537498	199.0
229.9239651611684	199.0
229.933965768587	199.0
229.94396637600562	199.0
229.9539669834242	201.0
229.96396759084283	201.0
229.97396819826145	201.0
229.98396880568004	201.0
229.99396941309865	203.0
230.00397002051724	203.0
230.01397062793586	206.0
230.02397123535445	206.0
230.03397184277307	0.0
230.04397245019166	0.0
230.05397305761028	0.0
230.0639736650289	0.0
230.0739742724475	0.0
230.0839748798661	0.0
230.0939754872847	0.0
230.1039760947033	0.0
230.1139767021219	0.0
230.12397730954052	0.0
230.13397791695914	0.0
230.14397852437773	0.0
230.15397913179635	0.0
230.16397973921494	0.0
230.17398034663356	0.0
230.18398095405215	0.0
230.19398156147076	0.0
230.20398216888938	0.0
230.21398277630797	0.0
230.2239833837266	0.0
230.23398399114518	0.0
230.2439845985638	0.0
230.2539852059824	0.0
230.263985813401	0.0
230.2739864208196	0.0
230.28398702823822	0.0
230.29398763565683	0.0
230.30398824307542	0.0
230.31398885049404	0.0
230.32398945791263	0.0
230.33399006533125	0.0
230.34399067274984	0.0
230.35399128016846	0.0
230.36399188758708	0.0
230.37399249500567	0.0
230.38399310242428	0.0
230.39399370984287	0.0
230.4039943172615	228.0
230.41399492468008	228.0
230.4239955320987	231.0
230.4339961395173	231.0
230.4439967469359	231.0
230.45399735435453	231.0
230.46399796177312	231.0
230.47399856919174	231.0
230.48399917661033	228.0
230.49399978402894	228.0
230.50400039144753	226.0
230.51400099886615	226.0
230.52400160628477	223.0
230.53400221370336	223.0
230.54400282112198	223.0
230.55400342854057	223.0
230.5640040359592	223.0
230.57400464337778	223.0
230.5840052507964	223.0
230.59400585821498	223.0
230.6040064656336	220.0
230.61400707305222	210.0
230.6240076804708	206.0
230.63400828788943	206.0
230.64400889530802	206.0
230.65400950272664	208.0
230.66401011014523	215.0
230.67401071756385	220.0
230.68401132498246	226.0
230.69401193240105	226.0
230.70401253981967	226.0
230.71401314723826	226.0
230.72401375465688	226.0
230.73401436207547	226.0
230.7440149694941	226.0
230.7540155769127	226.0
230.7640161843313	228.0
230.77401679174992	228.0
230.7840173991685	228.0
230.79401800658712	228.0
230.8040186140057	226.0
230.81401922142433	223.0
230.82401982884292	218.0
230.83402043626154	215.0
230.84402104368016	213.0
230.85402165109875	213.0
230.86402225851737	220.0
230.87402286593596	236.0
230.88402347335457	248.0
230.89402408077316	262.0
230.90402468819178	288.0
230.9140252956104	298.0
230.924025903029	301.0
230.9340265104476	298.0
230.9440271178662	278.0
230.95402772528482	265.0
230.9640283327034	256.0
230.97402894012203	248.0
230.98402954754062	226.0
230.99403015495923	208.0
231.00403076237785	203.0
231.01403136979644	201.0
231.02403197721506	201.0
231.03403258463365	203.0
231.04403319205227	206.0
231.05403379947086	213.0
231.06403440688948	220.0
231.0740350143081	239.0
231.08403562172668	250.0
231.0940362291453	259.0
231.1040368365639	265.0
231.1140374439825	275.0
231.1240380514011	278.0
231.13403865881972	281.0
231.14403926623834	281.0
231.15403987365693	281.0
231.16404048107555	278.0
231.17404108849414	275.0
231.18404169591275	275.0
231.19404230333134	272.0
231.20404291074996	272.0
231.21404351816855	268.0
231.22404412558717	268.0
231.2340447330058	265.0
231.24404534042438	265.0
231.254045947843	259.0
231.2640465552616	253.0
231.2740471626802	248.0
231.2840477700988	245.0
231.2940483775174	245.0
231.30404898493603	248.0
231.31404959235462	248.0
231.32405019977324	0.0
231.33405080719183	346.0
231.34405141461045	346.0
231.35405202202904	342.0
231.36405262944766	334.0
231.37405323686625	331.0
231.38405384428486	331.0
231.39405445170348	331.0
231.40405505912207	334.0
231.4140556665407	338.0
231.42405627395928	346.0
231.4340568813779	350.0
231.4440574887965	354.0
231.4540580962151	358.0
231.46405870363373	358.0
231.47405931105232	358.0
231.48405991847093	354.0
231.49406052588952	350.0
231.50406113330814	346.0
231.51406174072673	342.0
231.52406234814535	338.0
231.53406295556397	334.0
231.54406356298256	334.0
231.55406417040118	334.0
231.56406477781977	334.0
231.57406538523838	327.0
231.58406599265697	319.0
231.5940666000756	0.0
231.60406720749418	0.0
231.6140678149128	0.0
231.62406842233142	0.0
231.63406902975	0.0
231.64406963716863	0.0
231.65407024458722	0.0
231.66407085200584	0.0
231.67407145942443	0.0
231.68407206684304	0.0
231.69407267426166	393.0
231.70407328168025	398.0
231.71407388909887	417.0
231.72407449651746	417.0
231.73407510393608	417.0
231.74407571135467	412.0
231.7540763187733	412.0
231.76407692619188	412.0
231.7740775336105	412.0
231.7840781410291	407.0
231.7940787484477	407.0
231.80407935586632	407.0
231.8140799632849	407.0
231.82408057070353	407.0
231.83408117812212	407.0
231.84408178554074	407.0
231.85408239295936	407.0
231.86408300037795	407.0
231.87408360779656	407.0
231.88408421521515	407.0
231.89408482263377	402.0
231.90408543005236	402.0
231.91408603747098	402.0
231.92408664488957	402.0
231.9340872523082	402.0
231.9440878597268	402.0
231.9540884671454	402.0
231.96408907456401	402.0
231.9740896819826	402.0
231.98409028940122	402.0
231.9940908968198	402.0
232.00409150423843	402.0
232.01409211165705	402.0
232.02409271907564	402.0
232.03409332649426	402.0
232.04409393391285	402.0
232.05409454133147	402.0
232.06409514875006	402.0
232.07409575616867	402.0
232.0840963635873	402.0
232.09409697100588	402.0
232.1040975784245	402.0
232.1140981858431	402.0
232.1240987932617	407.0
232.1340994006803	407.0
232.14410000809892	407.0
232.1541006155175	407.0
232.16410122293613	407.0
232.17410183035474	407.0
232.18410243777333	407.0
232.19410304519195	407.0
232.20410365261054	407.0
232.21410426002916	407.0
232.22410486744775	407.0
232.23410547486637	407.0
232.244106082285	407.0
232.25410668970358	407.0
232.2641072971222	402.0
232.27410790454078	389.0
232.2841085119594	358.0
232.294109119378	342.0
232.3041097267966	334.0
232.3141103342152	323.0
232.32411094163382	312.0
232.33411154905244	308.0
232.34411215647103	346.0
232.35411276388965	354.0
232.36411337130824	350.0
232.37411397872685	346.0
232.38411458614544	338.0
232.39411519356406	338.0
232.40411580098268	334.0
232.41411640840127	334.0
232.4241170158199	338.0
232.43411762323848	338.0
232.4441182306571	338.0
232.4541188380757	338.0
232.4641194454943	342.0
232.47412005291292	346.0
232.4841206603315	350.0
232.49412126775013	358.0
232.50412187516872	363.0
232.51412248258734	371.0
232.52412309000593	375.0
232.53412369742455	380.0
232.54412430484314	380.0
232.55412491226176	375.0
232.56412551968037	367.0
232.57412612709896	358.0
232.58412673451758	327.0
232.59412734193617	291.0
232.6041279493548	262.0
232.61412855677338	253.0
232.624129164192	245.0
232.63412977161062	242.0
232.6441303790292	245.0
232.65413098644783	250.0
232.66413159386641	259.0
232.67413220128503	262.0
232.68413280870362	265.0
232.69413341612224	268.0
232.70413402354083	272.0
232.71413463095945	272.0
232.72413523837807	272.0
232.73413584579666	272.0
232.74413645321528	272.0
232.75413706063387	272.0
232.76413766805248	272.0
232.77413827547107	272.0
232.7841388828897	272.0
232.7941394903083	272.0
232.8041400977269	272.0
232.81414070514552	272.0
232.8241413125641	272.0
232.83414191998273	272.0
232.84414252740132	275.0
232.85414313481994	275.0
232.86414374223855	272.0
232.87414434965714	272.0
232.88414495707576	272.0
232.89414556449435	272.0
232.90414617191297	268.0
232.91414677933156	259.0
232.92414738675018	245.0
232.93414799416877	242.0
232.9441486015874	242.0
232.954149209006	248.0
232.9641498164246	268.0
232.9741504238432	265.0
232.9841510312618	265.0
232.99415163868042	268.0
233.004152246099	272.0
233.01415285351763	272.0
233.02415346093625	272.0
233.03415406835484	272.0
233.04415467577346	268.0
233.05415528319205	268.0
233.06415589061066	265.0
233.07415649802925	262.0
233.08415710544787	256.0
233.09415771286646	250.0
233.10415832028508	245.0
233.1141589277037	239.0
233.1241595351223	234.0
233.1341601425409	234.0
233.1441607499595	234.0
233.15416135737811	236.0
233.1641619647967	242.0
233.17416257221532	248.0
233.18416317963394	262.0
233.19416378705253	284.0
233.20416439447115	294.0
233.21416500188974	298.0
233.22416560930836	298.0
233.23416621672695	294.0
233.24416682414557	288.0
233.25416743156416	262.0
233.26416803898277	239.0
233.2741686464014	223.0
233.28416925381998	218.0
233.2941698612386	218.0
233.3041704686572	218.0
233.3141710760758	220.0
233.3241716834944	223.0
233.33417229091302	226.0
233.34417289833164	226.0
233.35417350575023	226.0
233.36417411316884	226.0
233.37417472058743	223.0
233.38417532800605	223.0
233.39417593542464	223.0
233.40417654284326	223.0
233.41417715026188	223.0
233.42417775768047	223.0
233.4341783650991	223.0
233.44417897251768	223.0
233.4541795799363	223.0
233.46418018735488	223.0
233.4741807947735	223.0
233.4841814021921	223.0
233.4941820096107	226.0
233.50418261702933	226.0
233.51418322444792	226.0
233.52418383186654	223.0
233.53418443928513	223.0
233.54418504670375	218.0
233.55418565412234	208.0
233.56418626154095	206.0
233.57418686895957	0.0
233.58418747637816	0.0
233.59418808379678	0.0
233.60418869121537	0.0
233.614189298634	226.0
233.62418990605258	234.0
233.6341905134712	236.0
233.6441911208898	236.0
233.6541917283084	236.0
233.66419233572702	236.0
233.6741929431456	239.0
233.68419355056423	239.0
233.69419415798282	242.0
233.70419476540144	242.0
233.71419537282003	245.0
233.72419598023865	245.0
233.73419658765727	245.0
233.74419719507586	242.0
233.75419780249447	236.0
233.76419840991306	234.0
233.77419901733168	226.0
233.78419962475027	220.0
233.7942002321689	213.0
233.8042008395875	206.0
233.8142014470061	201.0
233.82420205442472	199.0
233.8342026618433	196.0
233.84420326926193	194.0
233.85420387668051	194.0
233.86420448409913	196.0
233.87420509151772	196.0
233.88420569893634	199.0
233.89420630635496	199.0
233.90420691377355	199.0
233.91420752119217	194.0
233.92420812861076	190.0
233.93420873602938	185.0
233.94420934344797	185.0
233.95420995086658	190.0
233.9642105582852	194.0
233.9742111657038	201.0
233.9842117731224	208.0
233.994212380541	215.0
234.00421298795962	223.0
234.0142135953782	228.0
234.02421420279683	231.0
234.03421481021542	234.0
234.04421541763404	234.0
234.05421602505265	234.0
234.06421663247124	231.0
234.07421723988986	231.0
234.08421784730845	231.0
234.09421845472707	228.0
234.10421906214566	228.0
234.11421966956428	228.0
234.1242202769829	228.0
234.1342208844015	228.0
234.1442214918201	228.0
234.1542220992387	228.0
234.1642227066573	226.0
234.1742233140759	226.0
234.18422392149452	226.0
234.1942245289131	220.0
234.20422513633173	213.0
234.21422574375035	206.0
234.22422635116894	203.0
234.23422695858756	203.0
234.24422756600615	203.0
234.25422817342476	201.0
234.26422878084335	201.0
234.27422938826197	203.0
234.2842299956806	206.0
234.29423060309918	210.0
234.3042312105178	213.0
234.3142318179364	218.0
234.324232425355	220.0
234.3342330327736	220.0
234.34423364019221	223.0
234.35423424761083	223.0
234.36423485502942	223.0
234.37423546244804	223.0
234.38423606986663	223.0
234.39423667728525	223.0
234.40423728470384	223.0
234.41423789212246	223.0
234.42423849954105	220.0
234.43423910695967	218.0
234.44423971437828	218.0
234.45424032179687	220.0
234.4642409292155	226.0
234.47424153663408	234.0
234.4842421440527	245.0
234.4942427514713	253.0
234.5042433588899	291.0
234.51424396630853	298.0
234.52424457372712	305.0
234.53424518114574	305.0
234.54424578856433	305.0
234.55424639598294	301.0
234.56424700340153	239.0
234.57424761082015	220.0
234.58424821823874	208.0
234.59424882565736	201.0
234.60424943307598	196.0
234.61425004049457	196.0
234.6242506479132	196.0
234.63425125533178	201.0
234.6442518627504	206.0
234.65425247016898	213.0
234.6642530775876	223.0
234.67425368500622	231.0
234.6842542924248	242.0
234.69425489984343	250.0
234.70425550726202	259.0
234.71425611468064	268.0
234.72425672209923	272.0
234.73425732951785	275.0
234.74425793693646	278.0
234.75425854435505	275.0
234.76425915177367	275.0
234.77425975919226	275.0
234.78426036661088	275.0
234.79426097402947	272.0
234.8042615814481	272.0
234.81426218886668	272.0
234.8242627962853	272.0
234.83426340370391	272.0
234.8442640111225	272.0
234.85426461854112	272.0
234.8642652259597	272.0
234.87426583337833	272.0
234.88426644079692	272.0
234.89426704821554	272.0
234.90426765563416	272.0
234.91426826305275	272.0
234.92426887047137	272.0
234.93426947788996	268.0
234.94427008530857	262.0
234.95427069272716	253.0
234.96427130014578	250.0
234.97427190756437	250.0
234.984272514983	253.0
234.9942731224016	253.0
235.0042737298202	256.0
235.01427433723882	259.0
235.0242749446574	259.0
235.03427555207602	262.0
235.04427615949461	262.0
235.05427676691323	272.0
235.06427737433185	284.0
235.07427798175044	305.0
235.08427858916906	342.0
235.09427919658765	358.0
235.10427980400627	375.0
235.11428041142486	384.0
235.12428101884348	384.0
235.1342816262621	371.0
235.14428223368068	354.0
235.1542828410993	331.0
235.1642834485179	316.0
235.1742840559365	298.0
235.1842846633551	272.0
235.19428527077372	265.0
235.2042858781923	262.0
235.21428648561093	265.0
235.22428709302955	268.0
235.23428770044814	272.0
235.24428830786675	272.0
235.25428891528534	265.0
235.26428952270396	259.0
235.27429013012255	250.0
235.28429073754117	248.0
235.2942913449598	253.0
235.30429195237838	275.0
235.314292559797	275.0
235.3242931672156	275.0
235.3342937746342	275.0
235.3442943820528	272.0
235.3542949894714	272.0
235.36429559689	272.0
235.37429620430862	268.0
235.38429681172724	272.0
235.39429741914583	278.0
235.40429802656445	298.0
235.41429863398304	316.0
235.42429924140166	334.0
235.43429984882025	350.0
235.44430045623886	375.0
235.45430106365748	398.0
235.46430167107607	412.0
235.4743022784947	417.0
235.48430288591328	417.0
235.4943034933319	417.0
235.5043041007505	407.0
235.5143047081691	393.0
235.5243053155877	384.0
235.53430592300631	371.0
235.54430653042493	358.0
235.55430713784352	346.0
235.56430774526214	338.0
235.57430835268073	331.0
235.58430896009935	323.0
235.59430956751794	323.0
235.60431017493656	323.0
235.61431078235518	327.0
235.62431138977377	334.0
235.63431199719238	342.0
235.64431260461097	354.0
235.6543132120296	367.0
235.66431381944818	371.0
235.6743144268668	371.0
235.68431503428542	363.0
235.694315641704	354.0
235.70431624912263	0.0
235.71431685654122	0.0
235.72431746395984	0.0
235.73431807137842	0.0
235.74431867879704	0.0
235.75431928621563	0.0
235.76431989363425	0.0
235.77432050105287	0.0
235.78432110847146	0.0
235.79432171589008	0.0
235.80432232330867	0.0
235.8143229307273	0.0
235.82432353814588	0.0
235.8343241455645	0.0
235.8443247529831	0.0
235.8543253604017	0.0
235.86432596782032	0.0
235.8743265752389	0.0
235.88432718265753	0.0
235.89432779007612	0.0
235.90432839749474	0.0
235.91432900491333	0.0
235.92432961233195	0.0
235.93433021975056	0.0
235.94433082716915	0.0
235.95433143458777	0.0
235.96433204200636	0.0
235.97433264942498	0.0
235.98433325684357	0.0
235.9943338642622	0.0
236.0043344716808	245.0
236.0143350790994	245.0
236.02433568651801	248.0
236.0343362939366	250.0
236.04433690135522	253.0
236.0543375087738	259.0
236.06433811619243	272.0
236.07433872361105	288.0
236.08433933102964	305.0
236.09433993844826	319.0
236.10434054586685	331.0
236.11434115328547	342.0
236.12434176070406	354.0
236.13434236812267	358.0
236.14434297554126	358.0
236.15434358295988	350.0
236.1643441903785	323.0
236.1743447977971	312.0
236.1843454052157	305.0
236.1943460126343	305.0
236.20434662005292	305.0
236.2143472274715	316.0
236.22434783489012	331.0
236.23434844230874	350.0
236.24434904972733	367.0
236.25434965714595	389.0
236.26435026456454	412.0
236.27435087198316	421.0
236.28435147940175	426.0
236.29435208682037	421.0
236.30435269423896	398.0
236.31435330165758	371.0
236.3243539090762	350.0
236.33435451649478	327.0
236.3443551239134	316.0
236.354355731332	312.0
236.3643563387506	316.0
236.3743569461692	331.0
236.38435755358782	346.0
236.39435816100644	358.0
236.40435876842503	367.0
236.41435937584365	367.0
236.42435998326224	367.0
236.43436059068085	363.0
236.44436119809944	354.0
236.45436180551806	334.0
236.46436241293668	298.0
236.47436302035527	248.0
236.4843636277739	236.0
236.49436423519248	231.0
236.5043648426111	228.0
236.5143654500297	231.0
236.5243660574483	239.0
236.5343666648669	248.0
236.5443672722855	259.0
236.55436787970413	268.0
236.56436848712272	278.0
236.57436909454134	281.0
236.58436970195993	281.0
236.59437030937855	278.0
236.60437091679714	272.0
236.61437152421576	262.0
236.62437213163437	256.0
236.63437273905296	250.0
236.64437334647158	245.0
236.65437395389017	245.0
236.6643745613088	256.0
236.67437516872738	275.0
236.684375776146	291.0
236.6943763835646	305.0
236.7043769909832	319.0
236.71437759840182	334.0
236.72437820582041	350.0
236.73437881323903	358.0
236.74437942065762	363.0
236.75438002807624	363.0
236.76438063549483	354.0
236.77438124291345	338.0
236.78438185033207	316.0
236.79438245775066	298.0
236.80438306516928	291.0
236.81438367258787	281.0
236.82438428000648	281.0
236.83438488742507	284.0
236.8443854948437	291.0
236.85438610226228	301.0
236.8643867096809	316.0
236.87438731709952	331.0
236.8843879245181	342.0
236.89438853193673	350.0
236.90438913935532	358.0
236.91438974677394	363.0
236.92439035419252	358.0
236.93439096161114	354.0
236.94439156902976	346.0
236.95439217644835	331.0
236.96439278386697	316.0
236.97439339128556	305.0
236.98439399870418	294.0
236.99439460612277	288.0
237.0043952135414	291.0
237.01439582096	298.0
237.0243964283786	312.0
237.0343970357972	331.0
237.0443976432158	350.0
237.05439825063442	371.0
237.064398858053	384.0
237.07439946547163	398.0
237.08440007289022	407.0
237.09440068030884	412.0
237.10440128772746	412.0
237.11440189514605	412.0
237.12440250256466	407.0
237.13440310998325	407.0
237.14440371740187	402.0
237.15440432482046	402.0
237.16440493223908	402.0
237.1744055396577	407.0
237.1844061470763	407.0
237.1944067544949	407.0
237.2044073619135	412.0
237.21440796933211	412.0
237.2244085767507	412.0
237.23440918416932	412.0
237.2444097915879	402.0
237.25441039900653	0.0
237.26441100642515	0.0
237.27441161384374	0.0
237.28441222126236	0.0
237.29441282868095	0.0
237.30441343609957	0.0
237.31441404351816	0.0
237.32441465093677	0.0
237.3344152583554	346.0
237.34441586577398	338.0
237.3544164731926	331.0
237.3644170806112	327.0
237.3744176880298	327.0
237.3844182954484	327.0
237.39441890286702	331.0
237.40441951028563	338.0
237.41442011770422	346.0
237.42442072512284	358.0
237.43442133254143	367.0
237.44442193996005	371.0
237.45442254737864	375.0
237.46442315479726	375.0
237.47442376221585	371.0
237.48442436963447	363.0
237.4944249770531	354.0
237.50442558447168	338.0
237.5144261918903	331.0
237.52442679930888	331.0
237.5344274067275	331.0
237.5444280141461	342.0
237.5544286215647	354.0
237.56442922898333	380.0
237.57442983640192	407.0
237.58443044382054	421.0
237.59443105123913	436.0
237.60443165865775	441.0
237.61443226607634	436.0
237.62443287349495	426.0
237.63443348091354	412.0
237.64443408833216	384.0
237.65443469575078	363.0
237.66443530316937	338.0
237.674435910588	323.0
237.68443651800658	319.0
237.6944371254252	323.0
237.7044377328438	327.0
237.7144383402624	334.0
237.72443894768102	346.0
237.7344395550996	358.0
237.74444016251823	367.0
237.75444076993682	367.0
237.76444137735544	367.0
237.77444198477403	358.0
237.78444259219265	342.0
237.79444319961127	316.0
237.80444380702986	272.0
237.81444441444847	259.0
237.82444502186706	253.0
237.83444562928568	253.0
237.84444623670427	262.0
237.8544468441229	278.0
237.86444745154148	319.0
237.8744480589601	358.0
237.88444866637872	384.0
237.8944492737973	398.0
237.90444988121592	407.0
237.91445048863451	407.0
237.92445109605313	398.0
237.93445170347172	384.0
237.94445231089034	354.0
237.95445291830896	301.0
237.96445352572755	262.0
237.97445413314617	253.0
237.98445474056476	253.0
237.99445534798338	256.0
238.00445595540197	259.0
238.01445656282058	262.0
238.02445717023917	262.0
238.0344577776578	265.0
238.0444583850764	268.0
238.054458992495	275.0
238.06445959991362	278.0
238.0744602073322	278.0
238.08446081475083	278.0
238.09446142216942	278.0
238.10446202958803	278.0
238.11446263700665	278.0
238.12446324442524	275.0
238.13446385184386	275.0
238.14446445926245	275.0
238.15446506668107	272.0
238.16446567409966	272.0
238.17446628151828	272.0
238.18446688893687	272.0
238.1944674963555	272.0
238.2044681037741	275.0
238.2144687111927	278.0
238.2244693186113	281.0
238.2344699260299	284.0
238.24447053344852	284.0
238.2544711408671	281.0
238.26447174828573	272.0
238.27447235570435	256.0
238.28447296312294	253.0
238.29447357054156	250.0
238.30447417796015	245.0
238.31447478537876	234.0
238.32447539279735	220.0
238.33447600021597	210.0
238.3444766076346	206.0
238.35447721505318	203.0
238.3644778224718	203.0
238.3744784298904	208.0
238.384479037309	213.0
238.3944796447276	220.0
238.40448025214621	234.0
238.4144808595648	245.0
238.42448146698342	253.0
238.43448207440204	256.0
238.44448268182063	256.0
238.45448328923925	253.0
238.46448389665784	248.0
238.47448450407646	236.0
238.48448511149505	220.0
238.49448571891367	213.0
238.50448632633228	213.0
238.51448693375087	213.0
238.5244875411695	223.0
238.53448814858808	236.0
238.5444887560067	248.0
238.5544893634253	268.0
238.5644899708439	278.0
238.5744905782625	288.0
238.58449118568112	291.0
238.59449179309973	284.0
238.60449240051832	272.0
238.61449300793694	259.0
238.62449361535553	248.0
238.63449422277415	220.0
238.64449483019274	208.0
238.65449543761136	203.0
238.66449604502998	203.0
238.67449665244857	203.0
238.6844972598672	210.0
238.69449786728578	218.0
238.7044984747044	226.0
238.71449908212298	234.0
238.7244996895416	242.0
238.73450029696022	248.0
238.7445009043788	253.0
238.75450151179743	256.0
238.76450211921602	253.0
238.77450272663464	248.0
238.78450333405323	239.0
238.79450394147185	231.0
238.80450454889043	223.0
238.81450515630905	223.0
238.82450576372767	223.0
238.83450637114626	228.0
238.84450697856488	234.0
238.85450758598347	245.0
238.8645081934021	250.0
238.87450880082068	256.0
238.8845094082393	259.0
238.89451001565791	259.0
238.9045106230765	253.0
238.91451123049512	245.0
238.9245118379137	231.0
238.93451244533233	218.0
238.94451305275092	203.0
238.95451366016954	196.0
238.96451426758813	192.0
238.97451487500675	194.0
238.98451548242537	196.0
238.99451608984396	199.0
239.00451669726257	203.0
239.01451730468116	203.0
239.02451791209978	206.0
239.03451851951837	203.0
239.044519126937	203.0
239.0545197343556	201.0
239.0645203417742	199.0
239.07452094919282	194.0
239.0845215566114	192.0
239.09452216403002	190.0
239.10452277144861	190.0
239.11452337886723	192.0
239.12452398628585	196.0
239.13452459370444	201.0
239.14452520112306	206.0
239.15452580854165	213.0
239.16452641596027	220.0
239.17452702337886	226.0
239.18452763079748	234.0
239.19452823821607	236.0
239.20452884563468	239.0
239.2145294530533	242.0
239.2245300604719	239.0
239.2345306678905	236.0
239.2445312753091	231.0
239.25453188272772	223.0
239.2645324901463	218.0
239.27453309756493	218.0
239.28453370498355	218.0
239.29453431240213	223.0
239.30453491982075	228.0
239.31453552723934	236.0
239.32453613465796	245.0
239.33453674207655	253.0
239.34453734949517	259.0
239.35453795691376	259.0
239.36453856433238	259.0
239.374539171751	253.0
239.3845397791696	248.0
239.3945403865882	228.0
239.4045409940068	208.0
239.4145416014254	199.0
239.424542208844	190.0
239.43454281626262	187.0
239.44454342368124	190.0
239.45454403109983	192.0
239.46454463851845	194.0
239.47454524593704	196.0
239.48454585335566	199.0
239.49454646077425	201.0
239.50454706819286	203.0
239.51454767561145	203.0
239.52454828303007	203.0
239.5345488904487	203.0
239.54454949786728	201.0
239.5545501052859	199.0
239.5645507127045	196.0
239.5745513201231	194.0
239.5845519275417	194.0
239.59455253496031	196.0
239.60455314237893	201.0
239.61455374979752	208.0
239.62455435721614	213.0
239.63455496463473	218.0
239.64455557205335	226.0
239.65455617947194	228.0
239.66455678689056	234.0
239.67455739430918	236.0
239.68455800172777	236.0
239.69455860914638	234.0
239.70455921656497	231.0
239.7145598239836	226.0
239.72456043140218	220.0
239.7345610388208	215.0
239.7445616462394	215.0
239.754562253658	218.0
239.76456286107663	231.0
239.77456346849522	245.0
239.78456407591383	256.0
239.79456468333242	278.0
239.80456529075104	291.0
239.81456589816963	298.0
239.82456650558825	301.0
239.83456711300687	298.0
239.84456772042546	272.0
239.85456832784408	250.0
239.86456893526267	236.0
239.8745695426813	218.0
239.88457015009988	215.0
239.8945707575185	218.0
239.90457136493708	223.0
239.9145719723557	231.0
239.92457257977432	242.0
239.9345731871929	250.0
239.94457379461153	262.0
239.95457440203012	268.0
239.96457500944874	275.0
239.97457561686733	281.0
239.98457622428595	284.0
239.99457683170456	284.0
240.00457743912315	284.0
240.01457804654177	281.0
240.02457865396036	275.0
240.03457926137898	256.0
240.04457986879757	248.0
240.0545804762162	248.0
240.0645810836348	0.0
240.0745816910534	0.0
240.08458229847201	338.0
240.0945829058906	342.0
240.10458351330922	342.0
240.1145841207278	346.0
240.12458472814643	346.0
240.13458533556502	342.0
240.14458594298364	342.0
240.15458655040226	338.0
240.16458715782085	334.0
240.17458776523947	327.0
240.18458837265806	319.0
240.19458898007667	312.0
240.20458958749526	0.0
240.21459019491388	0.0
240.2245908023325	0.0
240.2345914097511	0.0
240.2445920171697	0.0
240.2545926245883	0.0
240.26459323200692	0.0
240.2745938394255	412.0
240.28459444684412	412.0
240.29459505426271	412.0
240.30459566168133	412.0
240.31459626909995	412.0
240.32459687651854	412.0
240.33459748393716	407.0
240.34459809135575	407.0
240.35459869877437	407.0
240.36459930619296	407.0
240.37459991361158	402.0
240.3846005210302	375.0
240.39460112844878	371.0
240.4046017358674	371.0
240.414602343286	358.0
240.4246029507046	342.0
240.4346035581232	319.0
240.44460416554182	312.0
240.45460477296044	312.0
240.46460538037903	319.0
240.47460598779764	334.0
240.48460659521623	363.0
240.49460720263485	384.0
240.50460781005344	407.0
240.51460841747206	426.0
240.52460902489065	431.0
240.53460963230927	426.0
240.5446102397279	417.0
240.55461084714648	398.0
240.5646114545651	342.0
240.5746120619837	327.0
240.5846126694023	319.0
240.5946132768209	316.0
240.6046138842395	319.0
240.61461449165813	327.0
240.62461509907672	338.0
240.63461570649534	350.0
240.64461631391393	354.0
240.65461692133255	358.0
240.66461752875114	354.0
240.67461813616976	346.0
240.68461874358835	334.0
240.69461935100696	323.0
240.70461995842558	312.0
240.71462056584417	262.0
240.7246211732628	259.0
240.73462178068138	259.0
240.7446223881	259.0
240.7546229955186	262.0
240.7646236029372	265.0
240.77462421035582	268.0
240.78462481777441	272.0
240.79462542519303	275.0
240.80462603261162	275.0
240.81462664003024	275.0
240.82462724744883	275.0
240.83462785486745	275.0
240.84462846228604	268.0
240.85462906970466	262.0
240.86462967712328	256.0
240.87463028454187	256.0
240.88463089196048	262.0
240.89463149937907	268.0
240.9046321067977	275.0
240.91463271421628	288.0
240.9246333216349	301.0
240.93463392905352	319.0
240.9446345364721	334.0
240.95463514389073	350.0
240.96463575130932	354.0
240.97463635872793	354.0
240.98463696614652	350.0
240.99463757356514	338.0
241.00463818098376	331.0
241.01463878840235	272.0
241.02463939582097	265.0
241.03464000323956	259.0
241.04464061065818	256.0
241.05464121807677	256.0
241.06464182549539	259.0
241.07464243291398	265.0
241.0846430403326	272.0
241.0946436477512	275.0
241.1046442551698	275.0
241.11464486258842	275.0
241.124645470007	272.0
241.13464607742563	268.0
241.14464668484422	265.0
241.15464729226284	253.0
241.16464789968146	239.0
241.17464850710004	223.0
241.18464911451866	206.0
241.19464972193725	201.0
241.20465032935587	196.0
241.21465093677446	196.0
241.22465154419308	196.0
241.23465215161167	201.0
241.2446527590303	208.0
241.2546533664489	218.0
241.2646539738675	226.0
241.27465458128611	236.0
241.2846551887047	245.0
241.29465579612332	250.0
241.3046564035419	250.0
241.31465701096053	250.0
241.32465761837915	245.0
241.33465822579774	239.0
241.34465883321636	220.0
241.35465944063495	208.0
241.36466004805357	206.0
241.37466065547216	210.0
241.38466126289077	215.0
241.3946618703094	223.0
241.40466247772798	228.0
241.4146630851466	231.0
241.4246636925652	231.0
241.4346642999838	226.0
241.4446649074024	0.0
241.45466551482102	0.0
241.4646661222396	0.0
241.47466672965822	0.0
241.48466733707684	0.0
241.49466794449543	0.0
241.50466855191405	0.0
241.51466915933264	0.0
241.52466976675126	0.0
241.53467037416985	0.0
241.54467098158847	0.0
241.55467158900709	0.0
241.56467219642568	0.0
241.5746728038443	0.0
241.58467341126288	0.0
241.5946740186815	0.0
241.6046746261001	0.0
241.6146752335187	0.0
241.6246758409373	0.0
241.63467644835592	0.0
241.64467705577454	0.0
241.65467766319313	0.0
241.66467827061174	0.0
241.67467887803033	0.0
241.68467948544895	0.0
241.69468009286754	0.0
241.70468070028616	0.0
241.71468130770478	218.0
241.72468191512337	213.0
241.734682522542	213.0
241.74468312996058	213.0
241.7546837373792	215.0
241.7646843447978	223.0
241.7746849522164	231.0
241.78468555963502	236.0
241.7946861670536	248.0
241.80468677447223	253.0
241.81468738189082	256.0
241.82468798930944	253.0
241.83468859672803	245.0
241.84468920414665	239.0
241.85468981156524	234.0
241.86469041898386	226.0
241.87469102640247	223.0
241.88469163382106	223.0
241.89469224123968	226.0
241.90469284865827	234.0
241.9146934560769	242.0
241.92469406349548	245.0
241.9346946709141	265.0
241.94469527833272	278.0
241.9546958857513	284.0
241.96469649316992	288.0
241.97469710058851	284.0
241.98469770800713	272.0
241.99469831542572	262.0
242.00469892284434	250.0
242.01469953026293	236.0
242.02470013768155	226.0
242.03470074510017	220.0
242.04470135251876	218.0
242.05470195993738	220.0
242.06470256735597	223.0
242.07470317477458	228.0
242.08470378219317	236.0
242.0947043896118	242.0
242.1047049970304	248.0
242.114705604449	250.0
242.12470621186762	250.0
242.1347068192862	248.0
242.14470742670483	242.0
242.15470803412342	236.0
242.16470864154203	228.0
242.17470924896062	223.0
242.18470985637924	223.0
242.19471046379786	223.0
242.20471107121645	226.0
242.21471167863507	231.0
242.22471228605366	236.0
242.23471289347228	242.0
242.24471350089087	248.0
242.25471410830949	248.0
242.2647147157281	248.0
242.2747153231467	242.0
242.2847159305653	226.0
242.2947165379839	213.0
242.30471714540252	203.0
242.3147177528211	199.0
242.32471836023973	196.0
242.33471896765835	196.0
242.34471957507694	196.0
242.35472018249556	199.0
242.36472078991414	199.0
242.37472139733276	201.0
242.38472200475135	201.0
242.39472261216997	201.0
242.40472321958856	203.0
242.41472382700718	203.0
242.4247244344258	201.0
242.4347250418444	201.0
242.444725649263	201.0
242.4547262566816	201.0
242.46472686410021	201.0
242.4747274715188	201.0
242.48472807893742	203.0
242.49472868635604	206.0
242.50472929377463	206.0
242.51472990119325	206.0
242.52473050861184	201.0
242.53473111603046	196.0
242.54473172344905	192.0
242.55473233086767	187.0
242.56473293828626	181.0
242.57473354570487	179.0
242.5847341531235	177.0
242.59473476054208	0.0
242.6047353679607	0.0
242.6147359753793	0.0
242.6247365827979	0.0
242.6347371902165	0.0
242.64473779763512	0.0
242.65473840505373	0.0
242.66473901247232	0.0
242.67473961989094	0.0
242.68474022730953	206.0
242.69474083472815	203.0
242.70474144214674	201.0
242.71474204956536	196.0
242.72474265698398	194.0
242.73474326440257	0.0
242.74474387182119	0.0
242.75474447923978	0.0
242.7647450866584	0.0
242.77474569407698	0.0
242.7847463014956	0.0
242.7947469089142	0.0
242.8047475163328	0.0
242.81474812375143	0.0
242.82474873117002	0.0
242.83474933858864	0.0
242.84474994600723	0.0
242.85475055342584	0.0
242.86475116084443	0.0
242.87475176826305	0.0
242.88475237568167	0.0
242.89475298310026	0.0
242.90475359051888	0.0
242.91475419793747	0.0
242.9247548053561	0.0
242.93475541277468	0.0
242.9447560201933	0.0
242.95475662761189	0.0
242.9647572350305	0.0
242.97475784244912	215.0
242.9847584498677	215.0
242.99475905728633	218.0
243.00475966470492	223.0
243.01476027212354	226.0
243.02476087954213	231.0
243.03476148696075	231.0
243.04476209437937	231.0
243.05476270179796	231.0
243.06476330921657	231.0
243.07476391663516	228.0
243.08476452405378	226.0
243.09476513147237	223.0
243.104765738891	208.0
243.1147663463096	206.0
243.1247669537282	228.0
243.13476756114682	228.0
243.1447681685654	236.0
243.15476877598402	242.0
243.16476938340261	248.0
243.17476999082123	253.0
243.18477059823982	256.0
243.19477120565844	256.0
243.20477181307706	253.0
243.21477242049565	248.0
243.22477302791427	239.0
243.23477363533286	226.0
243.24477424275148	213.0
243.25477485017007	203.0
243.26477545758868	203.0
243.2747760650073	206.0
243.2847766724259	215.0
243.2947772798445	228.0
243.3047778872631	242.0
243.31477849468172	259.0
243.3247791021003	275.0
243.33477970951893	288.0
243.34478031693752	291.0
243.35478092435613	294.0
243.36478153177475	291.0
243.37478213919334	288.0
243.38478274661196	281.0
243.39478335403055	275.0
243.40478396144917	268.0
243.41478456886776	262.0
243.42478517628638	262.0
243.434785783705	262.0
243.44478639112359	281.0
243.4547869985422	308.0
243.4647876059608	323.0
243.4747882133794	334.0
243.484788820798	346.0
243.49478942821662	354.0
243.5047900356352	363.0
243.51479064305383	363.0
243.52479125047245	358.0
243.53479185789104	354.0
243.54479246530965	346.0
243.55479307272824	338.0
243.56479368014686	327.0
243.57479428756545	319.0
243.58479489498407	308.0
243.5947955024027	0.0
243.60479610982128	0.0
243.6147967172399	0.0
243.6247973246585	0.0
243.6347979320771	0.0
243.6447985394957	0.0
243.6547991469143	0.0
243.66479975433293	0.0
243.67480036175152	0.0
243.68480096917014	412.0
243.69480157658873	417.0
243.70480218400735	417.0
243.71480279142594	417.0
243.72480339884456	417.0
243.73480400626315	412.0
243.74480461368177	412.0
243.75480522110038	412.0
243.76480582851897	407.0
243.7748064359376	407.0
243.78480704335618	407.0
243.7948076507748	407.0
243.8048082581934	412.0
243.814808865612	412.0
243.82480947303063	412.0
243.83481008044922	412.0
243.84481068786783	412.0
243.85481129528642	412.0
243.86481190270504	417.0
243.87481251012363	417.0
243.88481311754225	417.0
243.89481372496084	417.0
243.90481433237946	412.0
243.91481493979808	407.0
243.92481554721667	389.0
243.93481615463529	346.0
243.94481676205388	331.0
243.9548173694725	305.0
243.96481797689108	308.0
243.9748185843097	312.0
243.98481919172832	312.0
243.9948197991469	316.0
244.00482040656553	327.0
244.01482101398412	342.0
244.02482162140274	354.0
244.03482222882133	367.0
244.04482283623994	375.0
244.05482344365856	375.0
244.06482405107715	371.0
244.07482465849577	367.0
244.08482526591436	358.0
244.09482587333298	305.0
244.10482648075157	288.0
244.1148270881702	268.0
244.12482769558878	259.0
244.1348283030074	253.0
244.144828910426	253.0
244.1548295178446	256.0
244.16483012526322	259.0
244.1748307326818	265.0
244.18483134010043	272.0
244.19483194751902	275.0
244.20483255493764	275.0
244.21483316235626	275.0
244.22483376977485	275.0
244.23483437719347	268.0
244.24483498461205	265.0
244.25483559203067	259.0
244.26483619944926	250.0
244.27483680686788	234.0
244.28483741428647	218.0
244.2948380217051	208.0
244.3048386291237	203.0
244.3148392365423	203.0
244.32483984396092	203.0
244.3348404513795	206.0
244.34484105879812	215.0
244.3548416662167	220.0
244.36484227363533	231.0
244.37484288105395	242.0
244.38484348847254	253.0
244.39484409589116	256.0
244.40484470330975	253.0
244.41484531072837	248.0
244.42484591814696	236.0
244.43484652556558	223.0
244.4448471329842	218.0
244.45484774040278	218.0
244.4648483478214	220.0
244.47484895524	231.0
244.4848495626586	234.0
244.4948501700772	256.0
244.50485077749582	256.0
244.5148513849144	259.0
244.52485199233303	256.0
244.53485259975164	253.0
244.54485320717023	250.0
244.55485381458885	242.0
244.56485442200744	190.0
244.57485502942606	183.0
244.58485563684465	175.0
244.59485624426327	173.0
244.6048568516819	181.0
244.61485745910048	192.0
244.6248580665191	196.0
244.63485867393769	201.0
244.6448592813563	203.0
244.6548598887749	206.0
244.6648604961935	210.0
244.6748611036121	210.0
244.68486171103072	208.0
244.69486231844934	206.0
244.70486292586793	201.0
244.71486353328655	199.0
244.72486414070514	194.0
244.73486474812375	192.0
244.74486535554234	192.0
244.75486596296096	196.0
244.76486657037958	203.0
244.77486717779817	210.0
244.7848677852168	218.0
244.79486839263538	220.0
244.804869000054	226.0
244.8148696074726	228.0
244.8248702148912	228.0
244.8348708223098	228.0
244.8448714297284	228.0
244.85487203714703	228.0
244.86487264456562	228.0
244.87487325198424	226.0
244.88487385940283	223.0
244.89487446682145	220.0
244.90487507424004	215.0
244.91487568165866	213.0
244.92487628907728	213.0
244.93487689649587	210.0
244.94487750391448	210.0
244.95487811133307	210.0
244.9648787187517	210.0
244.97487932617028	215.0
244.9848799335889	231.0
244.99488054100752	242.0
245.0048811484261	253.0
245.01488175584473	265.0
245.02488236326332	272.0
245.03488297068193	275.0
245.04488357810052	278.0
245.05488418551914	288.0
245.06488479293773	294.0
245.07488540035635	291.0
245.08488600777497	250.0
245.09488661519356	245.0
245.10488722261218	234.0
245.11488783003077	215.0
245.12488843744939	208.0
245.13488904486798	201.0
245.1448896522866	201.0
245.1548902597052	201.0
245.1648908671238	203.0
245.17489147454242	208.0
245.184892081961	218.0
245.19489268937963	234.0
245.20489329679822	245.0
245.21489390421684	256.0
245.22489451163543	265.0
245.23489511905404	272.0
245.24489572647266	275.0
245.25489633389125	278.0
245.26489694130987	278.0
245.27489754872846	275.0
245.28489815614708	272.0
245.29489876356567	272.0
245.3048993709843	272.0
245.3148999784029	272.0
245.3249005858215	272.0
245.3349011932401	272.0
245.3449018006587	272.0
245.35490240807732	268.0
245.3649030154959	265.0
245.37490362291453	259.0
245.38490423033315	253.0
245.39490483775174	250.0
245.40490544517036	0.0
245.41490605258895	0.0
245.42490666000757	0.0
245.43490726742615	0.0
245.44490787484477	0.0
245.45490848226336	0.0
245.46490908968198	0.0
245.4749096971006	0.0
245.4849103045192	0.0
245.4949109119378	0.0
245.5049115193564	0.0
245.51491212677502	0.0
245.5249127341936	0.0
245.53491334161222	0.0
245.54491394903084	0.0
245.55491455644943	0.0
245.56491516386805	0.0
245.57491577128664	0.0
245.58491637870526	0.0
245.59491698612385	0.0
245.60491759354247	0.0
245.61491820096106	0.0
245.62491880837968	0.0
245.6349194157983	0.0
245.64492002321688	0.0
245.6549206306355	0.0
245.6649212380541	0.0
245.6749218454727	0.0
245.6849224528913	0.0
245.69492306030992	0.0
245.70492366772854	0.0
245.71492427514713	0.0
245.72492488256574	0.0
245.73492548998433	0.0
245.74492609740295	0.0
245.75492670482154	0.0
245.76492731224016	0.0
245.77492791965875	0.0
245.78492852707737	0.0
245.794929134496	334.0
245.80492974191458	327.0
245.8149303493332	327.0
245.82493095675179	354.0
245.8349315641704	367.0
245.844932171589	367.0
245.8549327790076	363.0
245.86493338642623	358.0
245.87493399384482	350.0
245.88493460126344	350.0
245.89493520868203	346.0
245.90493581610065	342.0
245.91493642351924	342.0
245.92493703093785	342.0
245.93493763835647	342.0
245.94493824577506	342.0
245.95493885319368	342.0
245.96493946061227	342.0
245.9749400680309	342.0
245.98494067544948	342.0
245.9949412828681	342.0
246.0049418902867	338.0
246.0149424977053	338.0
246.02494310512392	338.0
246.0349437125425	338.0
246.04494431996113	338.0
246.05494492737972	338.0
246.06494553479834	342.0
246.07494614221693	346.0
246.08494674963555	354.0
246.09494735705417	358.0
246.10494796447276	367.0
246.11494857189138	367.0
246.12494917930997	371.0
246.13494978672858	371.0
246.14495039414717	375.0
246.1549510015658	371.0
246.16495160898438	371.0
246.174952216403	367.0
246.18495282382162	363.0
246.1949534312402	354.0
246.20495403865883	346.0
246.21495464607742	338.0
246.22495525349603	331.0
246.23495586091462	319.0
246.24495646833324	312.0
246.25495707575186	305.0
246.26495768317045	298.0
246.27495829058907	291.0
246.28495889800766	288.0
246.29495950542628	284.0
246.30496011284487	281.0
246.31496072026349	278.0
246.3249613276821	278.0
246.3349619351007	275.0
246.3449625425193	272.0
246.3549631499379	272.0
246.36496375735652	268.0
246.3749643647751	265.0
246.38496497219373	256.0
246.39496557961232	234.0
246.40496618703094	228.0
246.41496679444955	223.0
246.42496740186814	220.0
246.43496800928676	220.0
246.44496861670535	223.0
246.45496922412397	253.0
246.46496983154256	259.0
246.47497043896118	262.0
246.4849710463798	262.0
246.4949716537984	265.0
246.504972261217	265.0
246.5149728686356	265.0
246.5249734760542	265.0
246.5349740834728	265.0
246.54497469089142	265.0
246.55497529831	265.0
246.56497590572863	265.0
246.57497651314725	265.0
246.58497712056584	265.0
246.59497772798446	265.0
246.60497833540305	265.0
246.61497894282166	265.0
246.62497955024025	265.0
246.63498015765887	265.0
246.6449807650775	265.0
246.65498137249608	268.0
246.6649819799147	268.0
246.6749825873333	268.0
246.6849831947519	268.0
246.6949838021705	268.0
246.70498440958912	268.0
246.71498501700773	272.0
246.72498562442632	272.0
246.73498623184494	272.0
246.74498683926353	272.0
246.75498744668215	272.0
246.76498805410074	272.0
246.77498866151936	272.0
246.78498926893795	272.0
246.79498987635657	272.0
246.80499048377519	272.0
246.81499109119378	272.0
246.8249916986124	272.0
246.83499230603098	272.0
246.8449929134496	272.0
246.8549935208682	272.0
246.8649941282868	272.0
246.87499473570543	272.0
246.88499534312402	275.0
246.89499595054264	275.0
246.90499655796123	275.0
246.91499716537984	272.0
246.92499777279843	272.0
246.93499838021705	268.0
246.94499898763564	268.0
246.95499959505426	268.0
246.96500020247288	268.0
246.97500080989147	272.0
246.9850014173101	278.0
246.99500202472868	301.0
247.0050026321473	323.0
247.01500323956589	338.0
247.0250038469845	358.0
247.03500445440312	371.0
247.0450050618217	384.0
247.05500566924033	384.0
247.06500627665892	402.0
247.07500688407754	407.0
247.08500749149613	407.0
247.09500809891475	402.0
247.10500870633334	398.0
247.11500931375195	389.0
247.12500992117057	384.0
247.13501052858916	375.0
247.14501113600778	371.0
247.15501174342637	363.0
247.165012350845	354.0
247.17501295826358	350.0
247.1850135656822	346.0
247.19501417310082	342.0
247.2050147805194	338.0
247.21501538793802	338.0
247.2250159953566	338.0
247.23501660277523	338.0
247.24501721019382	334.0
247.25501781761244	334.0
247.26501842503106	334.0
247.27501903244965	334.0
247.28501963986827	334.0
247.29502024728686	334.0
247.30502085470548	334.0
247.31502146212407	334.0
247.32502206954268	338.0
247.33502267696127	342.0
247.3450232843799	342.0
247.3550238917985	350.0
247.3650244992171	354.0
247.37502510663572	363.0
247.3850257140543	367.0
247.39502632147293	367.0
247.40502692889152	367.0
247.41502753631013	367.0
247.42502814372875	363.0
247.43502875114734	358.0
247.44502935856596	354.0
247.45502996598455	346.0
247.46503057340317	342.0
247.47503118082176	342.0
247.48503178824038	338.0
247.49503239565897	338.0
247.50503300307759	338.0
247.5150336104962	338.0
247.5250342179148	338.0
247.5350348253334	338.0
247.545035432752	338.0
247.55503604017062	338.0
247.5650366475892	338.0
247.57503725500783	338.0
247.58503786242645	338.0
247.59503846984504	338.0
247.60503907726365	342.0
247.61503968468224	346.0
247.62504029210086	350.0
247.63504089951945	354.0
247.64504150693807	358.0
247.6550421143567	363.0
247.66504272177528	363.0
247.6750433291939	363.0
247.6850439366125	363.0
247.6950445440311	358.0
247.7050451514497	354.0
247.7150457588683	0.0
247.7250463662869	0.0
247.73504697370552	0.0
247.74504758112414	338.0
247.75504818854273	334.0
247.76504879596135	334.0
247.77504940337994	331.0
247.78505001079856	331.0
247.79505061821715	331.0
247.80505122563576	331.0
247.81505183305438	331.0
247.82505244047297	334.0
247.8350530478916	338.0
247.84505365531018	342.0
247.8550542627288	350.0
247.8650548701474	358.0
247.875055477566	367.0
247.8850560849846	371.0
247.89505669240322	375.0
247.90505729982183	375.0
247.91505790724042	371.0
247.92505851465904	371.0
247.93505912207763	367.0
247.94505972949625	367.0
247.95506033691484	363.0
247.96506094433346	363.0
247.97506155175208	0.0
247.98506215917067	0.0
247.99506276658929	0.0
248.00506337400788	0.0
248.0150639814265	0.0
248.02506458884508	0.0
248.0350651962637	0.0
248.04506580368232	0.0
248.0550664111009	0.0
248.06506701851953	0.0
248.07506762593812	0.0
248.08506823335674	0.0
248.09506884077533	0.0
248.10506944819394	0.0
248.11507005561253	0.0
248.12507066303115	0.0
248.13507127044977	0.0
248.14507187786836	0.0
248.15507248528698	338.0
248.16507309270557	338.0
248.1750737001242	0.0
248.18507430754278	342.0
248.1950749149614	342.0
248.20507552238	350.0
248.2150761297986	354.0
248.22507673721722	358.0
248.2350773446358	363.0
248.24507795205443	363.0
248.25507855947302	367.0
248.26507916689164	367.0
248.27507977431023	363.0
248.28508038172885	363.0
248.29508098914746	358.0
248.30508159656605	354.0
248.31508220398467	354.0
248.32508281140326	350.0
248.33508341882188	346.0
248.34508402624047	342.0
248.3550846336591	342.0
248.3650852410777	342.0
248.3750858484963	342.0
248.38508645591492	338.0
248.3950870633335	338.0
248.40508767075212	338.0
248.4150882781707	338.0
248.42508888558933	338.0
248.43508949300792	338.0
248.44509010042654	338.0
248.45509070784516	338.0
248.46509131526375	338.0
248.47509192268237	342.0
248.48509253010096	350.0
248.49509313751958	358.0
248.50509374493816	371.0
248.51509435235678	389.0
248.5250949597754	402.0
248.535095567194	412.0
248.5450961746126	417.0
248.5550967820312	417.0
248.56509738944982	412.0
248.5750979968684	412.0
248.58509860428703	402.0
248.59509921170564	393.0
248.60509981912423	384.0
248.61510042654285	380.0
248.62510103396144	371.0
248.63510164138006	367.0
248.64510224879865	363.0
248.65510285621727	358.0
248.66510346363586	350.0
248.67510407105448	346.0
248.6851046784731	346.0
248.69510528589169	342.0
248.7051058933103	342.0
248.7151065007289	342.0
248.7251071081475	338.0
248.7351077155661	338.0
248.74510832298472	338.0
248.75510893040334	338.0
248.76510953782193	338.0
248.77511014524055	338.0
248.78511075265914	338.0
248.79511136007775	338.0
248.80511196749634	338.0
248.81511257491496	342.0
248.82511318233355	346.0
248.83511378975217	350.0
248.8451143971708	354.0
248.85511500458938	358.0
248.865115612008	363.0
248.8751162194266	367.0
248.8851168268452	367.0
248.8951174342638	367.0
248.9051180416824	363.0
248.91511864910103	363.0
248.92511925651962	358.0
248.93511986393824	354.0
248.94512047135683	350.0
248.95512107877545	346.0
248.96512168619404	338.0
248.97512229361266	334.0
248.98512290103127	327.0
248.99512350844986	319.0
249.00512411586848	312.0
249.01512472328707	301.0
249.0251253307057	294.0
249.03512593812428	288.0
249.0451265455429	284.0
249.0551271529615	278.0
249.0651277603801	278.0
249.07512836779873	275.0
249.08512897521732	272.0
249.09512958263593	272.0
249.10513019005452	272.0
249.11513079747314	272.0
249.12513140489173	272.0
249.13513201231035	272.0
249.14513261972897	272.0
249.15513322714756	272.0
249.16513383456618	268.0
249.17513444198477	268.0
249.18513504940339	265.0
249.19513565682198	262.0
249.2051362642406	262.0
249.21513687165918	265.0
249.2251374790778	268.0
249.23513808649642	275.0
249.245138693915	288.0
249.25513930133363	316.0
249.26513990875222	342.0
249.27514051617084	358.0
249.28514112358943	367.0
249.29514173100804	367.0
249.30514233842666	367.0
249.31514294584525	363.0
249.32514355326387	363.0
249.33514416068246	358.0
249.34514476810108	350.0
249.35514537551967	346.0
249.3651459829383	342.0
249.3751465903569	342.0
249.3851471977755	338.0
249.3951478051941	338.0
249.4051484126127	338.0
249.41514902003132	338.0
249.4251496274499	338.0
249.43515023486853	338.0
249.44515084228712	338.0
249.45515144970574	338.0
249.46515205712436	338.0
249.47515266454295	338.0
249.48515327196156	338.0
249.49515387938015	342.0
249.50515448679877	346.0
249.51515509421736	350.0
249.52515570163598	358.0
249.5351563090546	367.0
249.5451569164732	371.0
249.5551575238918	371.0
249.5651581313104	371.0
249.57515873872902	371.0
249.5851593461476	367.0
249.59515995356622	358.0
249.6051605609848	334.0
249.61516116840343	327.0
249.62516177582205	308.0
249.63516238324064	288.0
249.64516299065926	268.0
249.65516359807785	259.0
249.66516420549647	259.0
249.67516481291506	262.0
249.68516542033368	272.0
249.6951660277523	288.0
249.70516663517088	305.0
249.7151672425895	316.0
249.7251678500081	331.0
249.7351684574267	338.0
249.7451690648453	346.0
249.75516967226392	350.0
249.7651702796825	350.0
249.77517088710113	350.0
249.78517149451974	346.0
249.79517210193833	346.0
249.80517270935695	342.0
249.81517331677554	342.0
249.82517392419416	342.0
249.83517453161275	342.0
249.84517513903137	342.0
249.85517574645	342.0
249.86517635386858	338.0
249.8751769612872	338.0
249.88517756870579	334.0
249.8951781761244	331.0
249.905178783543	323.0
249.9151793909616	319.0
249.92517999838023	316.0
249.93518060579882	312.0
249.94518121321744	312.0
249.95518182063603	312.0
249.96518242805465	319.0
249.97518303547324	327.0
249.98518364289185	346.0
249.99518425031044	363.0
250.00518485772906	375.0
250.01518546514768	384.0
250.02518607256627	398.0
250.0351866799849	402.0
250.04518728740348	402.0
250.0551878948221	402.0
250.0651885022407	402.0
250.0751891096593	402.0
250.08518971707792	402.0
250.0951903244965	402.0
250.10519093191513	402.0
250.11519153933372	402.0
250.12519214675234	402.0
250.13519275417093	402.0
250.14519336158955	402.0
250.15519396900814	402.0
250.16519457642676	402.0
250.17519518384537	402.0
250.18519579126396	402.0
250.19519639868258	402.0
250.20519700610117	402.0
250.2151976135198	402.0
250.22519822093838	402.0
250.235198828357	402.0
250.24519943577562	407.0
250.2552000431942	407.0
250.26520065061283	407.0
250.27520125803142	407.0
250.28520186545003	407.0
250.29520247286862	407.0
250.30520308028724	402.0
250.31520368770586	389.0
250.32520429512445	375.0
250.33520490254307	0.0
250.34520550996166	0.0
250.35520611738028	0.0
250.36520672479887	0.0
250.37520733221749	0.0
250.38520793963608	0.0
250.3952085470547	0.0
250.4052091544733	0.0
250.4152097618919	0.0
250.42521036931052	0.0
250.4352109767291	0.0
250.44521158414773	0.0
250.45521219156632	0.0
250.46521279898494	0.0
250.47521340640355	0.0
250.48521401382214	0.0
250.49521462124076	0.0
250.50521522865935	0.0
250.51521583607797	0.0
250.52521644349656	0.0
250.53521705091518	0.0
250.54521765833377	0.0
250.5552182657524	0.0
250.565218873171	0.0
250.5752194805896	0.0
250.5852200880082	0.0
250.5952206954268	0.0
250.60522130284542	0.0
250.615221910264	0.0
250.62522251768263	0.0
250.63522312510125	0.0
250.64522373251984	0.0
250.65522433993846	0.0
250.66522494735705	0.0
250.67522555477566	0.0
250.68522616219425	0.0
250.69522676961287	0.0
250.7052273770315	367.0
250.71522798445008	367.0
250.7252285918687	367.0
250.7352291992873	363.0
250.7452298067059	358.0
250.7552304141245	354.0
250.76523102154312	350.0
250.7752316289617	342.0
250.78523223638032	338.0
250.79523284379894	334.0
250.80523345121753	327.0
250.81523405863615	327.0
250.82523466605474	323.0
250.83523527347336	323.0
250.84523588089195	327.0
250.85523648831057	327.0
250.86523709572919	334.0
250.87523770314777	338.0
250.8852383105664	346.0
250.89523891798498	358.0
250.9052395254036	371.0
250.9152401328222	380.0
250.9252407402408	384.0
250.9352413476594	389.0
250.94524195507802	389.0
250.95524256249664	389.0
250.96524316991523	384.0
250.97524377733384	380.0
250.98524438475243	375.0
250.99524499217105	367.0
251.00524559958964	358.0
251.01524620700826	354.0
251.02524681442688	350.0
251.03524742184547	346.0
251.0452480292641	342.0
251.05524863668268	342.0
251.0652492441013	338.0
251.07524985151989	338.0
251.0852504589385	342.0
251.0952510663571	346.0
251.1052516737757	350.0
251.11525228119433	358.0
251.12525288861292	363.0
251.13525349603154	371.0
251.14525410345013	380.0
251.15525471086875	393.0
251.16525531828734	402.0
251.17525592570595	407.0
251.18525653312457	407.0
251.19525714054316	412.0
251.20525774796178	412.0
251.21525835538037	412.0
251.225258962799	412.0
251.23525957021758	412.0
251.2452601776362	412.0
251.25526078505482	412.0
251.2652613924734	412.0
251.27526199989202	412.0
251.2852626073106	412.0
251.29526321472923	412.0
251.30526382214782	412.0
251.31526442956644	407.0
251.32526503698503	407.0
251.33526564440365	407.0
251.34526625182227	407.0
251.35526685924086	407.0
251.36526746665947	407.0
251.37526807407806	407.0
251.38526868149668	407.0
251.39526928891527	407.0
251.4052698963339	407.0
251.4152705037525	407.0
251.4252711111711	407.0
251.43527171858972	407.0
251.4452723260083	407.0
251.45527293342693	407.0
251.46527354084552	407.0
251.47527414826413	407.0
251.48527475568272	407.0
251.49527536310134	407.0
251.50527597051996	407.0
251.51527657793855	407.0
251.52527718535717	407.0
251.53527779277576	407.0
251.54527840019438	407.0
251.55527900761297	407.0
251.56527961503159	407.0
251.5752802224502	407.0
251.5852808298688	407.0
251.5952814372874	407.0
251.605282044706	407.0
251.61528265212462	407.0
251.6252832595432	402.0
251.63528386696183	398.0
251.64528447438045	389.0
251.65528508179904	380.0
251.66528568921765	371.0
251.67528629663624	363.0
251.68528690405486	354.0
251.69528751147345	346.0
251.70528811889207	338.0
251.71528872631066	334.0
251.72528933372928	331.0
251.7352899411479	331.0
251.7452905485665	331.0
251.7552911559851	334.0
251.7652917634037	338.0
251.7752923708223	346.0
251.7852929782409	358.0
251.79529358565952	371.0
251.80529419307814	384.0
251.81529480049673	393.0
251.82529540791535	402.0
251.83529601533394	412.0
251.84529662275256	412.0
251.85529723017115	412.0
251.86529783758976	412.0
251.87529844500835	412.0
251.88529905242697	407.0
251.8952996598456	402.0
251.90530026726418	393.0
251.9153008746828	384.0
251.9253014821014	375.0
251.93530208952	371.0
251.9453026969386	363.0
251.95530330435722	358.0
251.96530391177583	350.0
251.97530451919442	346.0
251.98530512661304	342.0
251.99530573403163	338.0
252.00530634145025	338.0
252.01530694886884	338.0
252.02530755628746	338.0
252.03530816370608	338.0
252.04530877112467	338.0
252.05530937854328	338.0
252.06530998596187	338.0
252.0753105933805	338.0
252.08531120079908	338.0
252.0953118082177	342.0
252.1053124156363	342.0
252.1153130230549	350.0
252.12531363047353	354.0
252.13531423789212	363.0
252.14531484531074	371.0
252.15531545272933	375.0
252.16531606014794	380.0
252.17531666756653	380.0
252.18531727498515	380.0
252.19531788240377	375.0
252.20531848982236	331.0
252.21531909724098	319.0
252.22531970465957	308.0
252.2353203120782	262.0
252.24532091949678	245.0
252.2553215269154	234.0
252.26532213433399	231.0
252.2753227417526	234.0
252.28532334917122	236.0
252.2953239565898	242.0
252.30532456400843	250.0
252.31532517142702	256.0
252.32532577884564	262.0
252.33532638626423	265.0
252.34532699368285	268.0
252.35532760110146	268.0
252.36532820852005	268.0
252.37532881593867	272.0
252.38532942335726	272.0
252.39533003077588	272.0
252.40533063819447	272.0
252.4153312456131	272.0
252.42533185303168	272.0
252.4353324604503	272.0
252.44533306786892	272.0
252.4553336752875	272.0
252.46533428270612	272.0
252.4753348901247	272.0
252.48533549754333	272.0
252.49533610496192	272.0
252.50533671238054	272.0
252.51533731979916	272.0
252.52533792721775	272.0
252.53533853463637	272.0
252.54533914205496	272.0
252.55533974947357	272.0
252.56534035689216	272.0
252.57534096431078	272.0
252.5853415717294	272.0
252.595342179148	272.0
252.6053427865666	272.0
252.6153433939852	272.0
252.62534400140382	272.0
252.6353446088224	268.0
252.64534521624103	268.0
252.65534582365962	265.0
252.66534643107823	245.0
252.67534703849685	231.0
252.68534764591544	228.0
252.69534825333406	228.0
252.70534886075265	234.0
252.71534946817127	242.0
252.72535007558986	256.0
252.73535068300848	265.0
252.7453512904271	272.0
252.75535189784569	272.0
252.7653525052643	272.0
252.7753531126829	272.0
252.7853537201015	272.0
252.7953543275201	272.0
252.80535493493872	272.0
252.8153555423573	272.0
252.82535614977593	272.0
252.83535675719455	272.0
252.84535736461314	272.0
252.85535797203175	272.0
252.86535857945034	272.0
252.87535918686896	272.0
252.88535979428755	272.0
252.89536040170617	272.0
252.9053610091248	268.0
252.91536161654338	268.0
252.925362223962	268.0
252.9353628313806	265.0
252.9453634387992	262.0
252.9553640462178	259.0
252.9653646536364	256.0
252.97536526105503	250.0
252.98536586847362	242.0
252.99536647589224	236.0
253.00536708331083	226.0
253.01536769072945	220.0
253.02536829814804	215.0
253.03536890556666	215.0
253.04536951298525	215.0
253.05537012040386	220.0
253.06537072782248	228.0
253.07537133524107	236.0
253.0853719426597	245.0
253.09537255007828	256.0
253.1053731574969	262.0
253.1153737649155	268.0
253.1253743723341	275.0
253.13537497975273	278.0
253.14537558717132	278.0
253.15537619458993	278.0
253.16537680200852	275.0
253.17537740942714	272.0
253.18537801684573	268.0
253.19537862426435	265.0
253.20537923168294	262.0
253.21537983910156	259.0
253.22538044652018	253.0
253.23538105393877	248.0
253.24538166135738	245.0
253.25538226877597	239.0
253.2653828761946	234.0
253.27538348361318	228.0
253.2853840910318	226.0
253.29538469845042	223.0
253.305385305869	223.0
253.31538591328763	226.0
253.32538652070622	231.0
253.33538712812484	242.0
253.34538773554343	250.0
253.35538834296204	265.0
253.36538895038066	281.0
253.37538955779925	294.0
253.38539016521787	298.0
253.39539077263646	298.0
253.40539138005508	294.0
253.41539198747367	288.0
253.4253925948923	275.0
253.43539320231088	259.0
253.4453938097295	253.0
253.4553944171481	250.0
253.4653950245667	242.0
253.47539563198532	220.0
253.4853962394039	213.0
253.49539684682253	210.0
253.50539745424112	210.0
253.51539806165974	213.0
253.52539866907836	218.0
253.53539927649695	220.0
253.54539988391556	226.0
253.55540049133415	228.0
253.56540109875277	234.0
253.57540170617136	236.0
253.58540231358998	239.0
253.59540292100857	239.0
253.6054035284272	239.0
253.6154041358458	239.0
253.6254047432644	239.0
253.63540535068302	239.0
253.6454059581016	239.0
253.65540656552022	239.0
253.6654071729388	239.0
253.67540778035743	239.0
253.68540838777605	239.0
253.69540899519464	239.0
253.70540960261326	239.0
253.71541021003185	239.0
253.72541081745047	236.0
253.73541142486906	236.0
253.74541203228767	236.0
253.75541263970626	234.0
253.76541324712488	234.0
253.7754138545435	231.0
253.7854144619621	231.0
253.7954150693807	228.0
253.8054156767993	226.0
253.81541628421792	223.0
253.8254168916365	220.0
253.83541749905513	218.0
253.84541810647374	220.0
253.85541871389233	220.0
253.86541932131095	223.0
253.87541992872954	226.0
253.88542053614816	226.0
253.89542114356675	226.0
253.90542175098537	228.0
253.915422358404	228.0
253.92542296582258	228.0
253.9354235732412	228.0
253.94542418065978	228.0
253.9554247880784	228.0
253.965425395497	228.0
253.9754260029156	228.0
253.9854266103342	228.0
253.99542721775282	228.0
254.00542782517144	226.0
254.01542843259003	226.0
254.02542904000865	226.0
254.03542964742724	226.0
254.04543025484585	223.0
254.05543086226444	223.0
254.06543146968306	223.0
254.07543207710168	223.0
254.08543268452027	226.0
254.0954332919389	226.0
254.10543389935748	226.0
254.1154345067761	228.0
254.1254351141947	231.0
254.1354357216133	234.0
254.1454363290319	236.0
254.1554369364505	239.0
254.16543754386913	242.0
254.17543815128772	245.0
254.18543875870634	245.0
254.19543936612493	245.0
254.20543997354355	245.0
254.21544058096214	245.0
254.22544118838076	242.0
254.23544179579937	242.0
254.24544240321796	239.0
254.25544301063658	236.0
254.26544361805517	234.0
254.2754442254738	234.0
254.28544483289238	231.0
254.295445440311	228.0
254.30544604772962	226.0
254.3154466551482	223.0
254.32544726256683	220.0
254.33544786998542	218.0
254.34544847740403	215.0
254.35544908482262	213.0
254.36544969224124	210.0
254.37545029965983	208.0
254.38545090707845	208.0
254.39545151449707	206.0
254.40545212191566	206.0
254.41545272933428	206.0
254.42545333675287	203.0
254.43545394417148	203.0
254.44545455159007	203.0
254.4554551590087	203.0
254.4654557664273	203.0
254.4754563738459	203.0
254.48545698126452	203.0
254.4954575886831	203.0
254.50545819610173	203.0
254.51545880352032	206.0
254.52545941093894	206.0
254.53546001835753	208.0
254.54546062577614	210.0
254.55546123319476	215.0
254.56546184061335	220.0
254.57546244803197	226.0
254.58546305545056	231.0
254.59546366286918	231.0
254.60546427028777	234.0
254.6154648777064	234.0
254.625465485125	234.0
254.6354660925436	234.0
254.6454666999622	234.0
254.6554673073808	231.0
254.66546791479942	231.0
254.675468522218	231.0
254.68546912963663	228.0
254.69546973705525	228.0
254.70547034447384	228.0
254.71547095189246	228.0
254.72547155931105	228.0
254.73547216672966	228.0
254.74547277414825	228.0
254.75547338156687	228.0
254.76547398898546	228.0
254.77547459640408	228.0
254.7854752038227	228.0
254.7954758112413	228.0
254.8054764186599	228.0
254.8154770260785	228.0
254.82547763349712	228.0
254.8354782409157	228.0
254.84547884833432	228.0
254.85547945575294	228.0
254.86548006317153	231.0
254.87548067059015	234.0
254.88548127800874	236.0
254.89548188542736	239.0
254.90548249284595	245.0
254.91548310026457	245.0
254.92548370768316	248.0
254.93548431510177	248.0
254.9454849225204	248.0
254.95548552993898	245.0
254.9654861373576	239.0
254.9754867447762	236.0
254.9854873521948	234.0
254.9954879596134	234.0
255.00548856703202	231.0
255.01548917445064	231.0
255.02548978186923	231.0
255.03549038928784	228.0
255.04549099670643	228.0
255.05549160412505	228.0
255.06549221154364	228.0
255.07549281896226	228.0
255.08549342638085	228.0
255.09549403379947	228.0
255.1054946412181	228.0
255.11549524863668	228.0
255.1254958560553	226.0
255.13549646347388	226.0
255.1454970708925	226.0
255.1554976783111	223.0
255.1654982857297	220.0
255.17549889314833	218.0
255.18549950056692	220.0
255.19550010798554	223.0
255.20550071540413	228.0
255.21550132282275	231.0
255.22550193024134	234.0
255.23550253765995	236.0
255.24550314507857	239.0
255.25550375249716	242.0
255.26550435991578	242.0
255.27550496733437	242.0
255.285505574753	245.0
255.29550618217158	245.0
255.3055067895902	245.0
255.3155073970088	245.0
255.3255080044274	245.0
255.33550861184602	245.0
255.3455092192646	245.0
255.35550982668323	245.0
255.36551043410182	242.0
255.37551104152044	242.0
255.38551164893903	239.0
255.39551225635765	236.0
255.40551286377627	234.0
255.41551347119486	231.0
255.42551407861347	226.0
255.43551468603206	223.0
255.44551529345068	218.0
255.45551590086927	213.0
255.4655165082879	210.0
255.47551711570648	206.0
255.4855177231251	203.0
255.49551833054372	199.0
255.5055189379623	196.0
255.51551954538093	196.0
255.52552015279952	194.0
255.53552076021813	196.0
255.54552136763672	196.0
255.55552197505534	201.0
255.56552258247396	206.0
255.57552318989255	210.0
255.58552379731117	215.0
255.59552440472976	223.0
255.60552501214838	226.0
255.61552561956697	228.0
255.62552622698558	231.0
255.6355268344042	231.0
255.6455274418228	231.0
255.6555280492414	231.0
255.66552865666	231.0
255.67552926407862	228.0
255.6855298714972	228.0
255.69553047891583	228.0
255.70553108633442	228.0
255.71553169375304	226.0
255.72553230117165	226.0
255.73553290859024	226.0
255.74553351600886	226.0
255.75553412342745	223.0
255.76553473084607	223.0
255.77553533826466	220.0
255.78553594568328	220.0
255.7955365531019	218.0
255.8055371605205	218.0
255.8155377679391	218.0
255.8255383753577	220.0
255.8355389827763	223.0
255.8455395901949	228.0
255.85554019761352	234.0
255.8655408050321	242.0
255.87554141245073	248.0
255.88554201986935	250.0
255.89554262728794	253.0
255.90554323470656	250.0
255.91554384212515	248.0
255.92554444954376	242.0
255.93554505696235	0.0
255.94554566438097	0.0
255.9555462717996	0.0
255.96554687921818	0.0
255.9755474866368	0.0
255.9855480940554	0.0
255.995548701474	0.0
256.0055493088926	0.0
256.0155499163112	0.0
256.0255505237298	0.0
256.03555113114845	0.0
256.04555173856704	0.0
256.05555234598563	0.0
256.0655529534042	0.0
256.07555356082287	0.0
256.08555416824146	0.0
256.09555477566005	0.0
256.1055553830787	0.0
256.1155559904973	0.0
256.1255565979159	0.0
256.13555720533446	0.0
256.1455578127531	0.0
256.1555584201717	0.0
256.1655590275903	0.0
256.1755596350089	0.0
256.1855602424275	0.0
256.1955608498461	0.0
256.2055614572647	0.0
256.21556206468335	0.0
256.22556267210194	0.0
256.23556327952053	0.0
256.2455638869391	0.0
256.25556449435777	301.0
256.26556510177636	301.0
256.27556570919495	305.0
256.2855663166136	316.0
256.2955669240322	342.0
256.3055675314508	350.0
256.31556813886937	354.0
256.325568746288	354.0
256.3355693537066	350.0
256.3455699611252	346.0
256.35557056854384	342.0
256.36557117596243	338.0
256.375571783381	334.0
256.3855723907996	334.0
256.39557299821826	334.0
256.40557360563685	334.0
256.41557421305544	334.0
256.4255748204741	334.0
256.4355754278927	334.0
256.44557603531126	334.0
256.45557664272985	338.0
256.4655772501485	338.0
256.4755778575671	338.0
256.4855784649857	342.0
256.4955790724043	342.0
256.5055796798229	338.0
256.5155802872415	334.0
256.5255808946601	327.0
256.53558150207874	0.0
256.54558210949733	0.0
256.5555827169159	0.0
256.5655833243345	0.0
256.57558393175316	0.0
256.58558453917175	0.0
256.59558514659034	0.0
256.605585754009	367.0
256.6155863614276	371.0
256.62558696884616	371.0
256.63558757626475	371.0
256.6455881836834	371.0
256.655588791102	367.0
256.6655893985206	367.0
256.6755900059392	363.0
256.6855906133578	358.0
256.6955912207764	358.0
256.705591828195	354.0
256.71559243561364	350.0
256.72559304303223	350.0
256.7355936504508	346.0
256.74559425786947	342.0
256.75559486528806	338.0
256.76559547270665	338.0
256.77559608012524	334.0
256.7855966875439	334.0
256.7955972949625	331.0
256.80559790238107	334.0
256.8155985097997	334.0
256.8255991172183	338.0
256.8355997246369	346.0
256.8456003320555	354.0
256.85560093947413	367.0
256.8656015468927	380.0
256.8756021543113	389.0
256.8856027617299	393.0
256.89560336914855	393.0
256.90560397656714	371.0
256.9156045839857	412.0
256.9256051914044	421.0
256.93560579882296	426.0
256.94560640624155	421.0
256.95560701366014	417.0
256.9656076210788	412.0
256.9756082284974	402.0
256.98560883591597	393.0
256.9956094433346	384.0
257.0056100507532	375.0
257.0156106581718	367.0
257.0256112655904	363.0
257.03561187300903	358.0
257.0456124804276	354.0
257.0556130878462	350.0
257.06561369526486	346.0
257.07561430268345	342.0
257.08561491010204	338.0
257.0956155175206	338.0
257.1056161249393	338.0
257.11561673235786	342.0
257.12561733977645	346.0
257.1356179471951	354.0
257.1456185546137	358.0
257.1556191620323	367.0
257.16561976945087	371.0
257.1756203768695	384.0
257.1856209842881	389.0
257.1956215917067	389.0
257.20562219912534	346.0
257.21562280654393	338.0
257.2256234139625	327.0
257.2356240213811	312.0
257.24562462879976	262.0
257.25562523621835	253.0
257.26562584363694	250.0
257.27562645105553	248.0
257.2856270584742	248.0
257.29562766589277	256.0
257.30562827331136	262.0
257.31562888073	268.0
257.3256294881486	272.0
257.3356300955672	272.0
257.3456307029858	275.0
257.3556313104044	275.0
257.365631917823	275.0
257.3756325252416	275.0
257.38563313266025	272.0
257.39563374007884	272.0
257.4056343474974	272.0
257.415634954916	272.0
257.42563556233466	272.0
257.43563616975325	275.0
257.44563677717184	275.0
257.4556373845905	275.0
257.4656379920091	275.0
257.47563859942767	275.0
257.48563920684626	275.0
257.4956398142649	275.0
257.5056404216835	272.0
257.5156410291021	272.0
257.52564163652073	268.0
257.5356422439393	259.0
257.5456428513579	253.0
257.5556434587765	250.0
257.56564406619515	253.0
257.57564467361374	268.0
257.5856452810323	268.0
257.595645888451	272.0
257.60564649586956	272.0
257.61564710328815	272.0
257.62564771070674	272.0
257.6356483181254	272.0
257.645648925544	272.0
257.65564953296257	272.0
257.66565014038116	268.0
257.6756507477998	268.0
257.6856513552184	268.0
257.695651962637	265.0
257.70565257005563	262.0
257.7156531774742	259.0
257.7256537848928	253.0
257.7356543923114	248.0
257.74565499973005	245.0
257.75565560714864	239.0
257.76565621456723	236.0
257.7756568219859	236.0
257.78565742940447	236.0
257.79565803682306	242.0
257.80565864424165	245.0
257.8156592516603	253.0
257.8256598590789	262.0
257.8356604664975	272.0
257.8456610739161	281.0
257.8556616813347	288.0
257.8656622887533	291.0
257.8756628961719	294.0
257.88566350359054	294.0
257.8956641110091	294.0
257.9056647184277	275.0
257.91566532584636	239.0
257.92566593326495	228.0
257.93566654068354	223.0
257.94566714810213	223.0
257.9556677555208	226.0
257.96566836293937	228.0
257.97566897035796	231.0
257.9856695777766	234.0
257.9956701851952	234.0
258.0056707926138	236.0
258.0156714000324	236.0
258.025672007451	236.0
258.0356726148696	236.0
258.0456732222882	234.0
258.0556738297068	234.0
258.06567443712544	234.0
258.075675044544	231.0
258.0856756519626	231.0
258.09567625938126	231.0
258.10567686679985	228.0
258.11567747421844	228.0
258.12567808163703	228.0
258.1356786890557	228.0
258.14567929647427	228.0
258.15567990389286	228.0
258.1656805113115	228.0
258.1756811187301	228.0
258.1856817261487	228.0
258.1956823335673	228.0
258.2056829409859	228.0
258.2156835484045	228.0
258.2256841558231	228.0
258.23568476324175	226.0
258.24568537066034	218.0
258.25568597807893	213.0
258.2656865854975	210.0
258.27568719291617	210.0
258.28568780033476	223.0
258.29568840775335	226.0
258.305689015172	228.0
258.3156896225906	228.0
258.3256902300092	228.0
258.33569083742776	228.0
258.3456914448464	228.0
258.355692052265	228.0
258.3656926596836	228.0
258.37569326710224	228.0
258.3856938745208	228.0
258.3956944819394	228.0
258.405695089358	228.0
258.41569569677665	228.0
258.42569630419524	228.0
258.43569691161383	228.0
258.4456975190324	228.0
258.45569812645107	228.0
258.46569873386966	226.0
258.47569934128825	226.0
258.4856999487069	223.0
258.4957005561255	223.0
258.5057011635441	223.0
258.51570177096266	226.0
258.5257023783813	234.0
258.5357029857999	239.0
258.5457035932185	248.0
258.55570420063714	256.0
258.5657048080557	259.0
258.5757054154743	259.0
258.5857060228929	262.0
258.59570663031155	268.0
258.60570723773014	278.0
258.61570784514873	291.0
258.6257084525674	284.0
258.63570905998597	281.0
258.64570966740456	278.0
258.65571027482315	272.0
258.6657108822418	265.0
258.6757114896604	259.0
258.685712097079	253.0
258.6957127044976	248.0
258.7057133119162	242.0
258.7157139193348	239.0
258.7257145267534	234.0
258.73571513417204	228.0
258.74571574159063	226.0
258.7557163490092	220.0
258.76571695642787	218.0
258.77571756384646	215.0
258.78571817126505	210.0
258.79571877868364	210.0
258.8057193861023	210.0
258.8157199935209	213.0
258.82572060093946	218.0
258.83572120835805	226.0
258.8457218157767	234.0
258.8557224231953	242.0
258.8657230306139	250.0
258.8757236380325	259.0
258.8857242454511	265.0
258.8957248528697	265.0
258.9057254602883	265.0
258.91572606770694	250.0
258.92572667512553	239.0
258.9357272825441	239.0
258.94572788996277	242.0
258.95572849738136	250.0
258.96572910479995	259.0
258.97572971221854	259.0
258.9857303196372	259.0
258.9957309270558	259.0
259.00573153447436	259.0
259.015732141893	259.0
259.0257327493116	262.0
259.0357333567302	262.0
259.0457339641488	265.0
259.0557345715674	265.0
259.065735178986	268.0
259.0757357864046	268.0
259.08573639382325	268.0
259.09573700124184	268.0
259.10573760866043	265.0
259.115738216079	262.0
259.12573882349767	262.0
259.13573943091626	262.0
259.14574003833485	268.0
259.1557406457535	278.0
259.1657412531721	291.0
259.1757418605907	308.0
259.18574246800927	323.0
259.1957430754279	334.0
259.2057436828465	346.0
259.2157442902651	354.0
259.2257448976837	358.0
259.23574550510233	358.0
259.2457461125209	350.0
259.2557467199395	338.0
259.26574732735816	298.0
259.27574793477675	262.0
259.28574854219534	253.0
259.2957491496139	248.0
259.3057497570326	248.0
259.31575036445116	253.0
259.32575097186975	259.0
259.3357515792884	262.0
259.345752186707	268.0
259.3557527941256	272.0
259.36575340154417	272.0
259.3757540089628	272.0
259.3857546163814	275.0
259.3957552238	275.0
259.40575583121864	275.0
259.41575643863723	275.0
259.4257570460558	275.0
259.4357576534744	275.0
259.44575826089306	275.0
259.45575886831165	275.0
259.46575947573024	272.0
259.4757600831489	272.0
259.4857606905675	272.0
259.49576129798606	272.0
259.50576190540465	272.0
259.5157625128233	272.0
259.5257631202419	272.0
259.5357637276605	268.0
259.54576433507907	268.0
259.5557649424977	268.0
259.5657655499163	265.0
259.5757661573349	259.0
259.58576676475354	250.0
259.59576737217213	250.0
259.6057679795907	250.0
259.6157685870093	256.0
259.62576919442796	262.0
259.63576980184655	265.0
259.64577040926514	265.0
259.6557710166838	265.0
259.6657716241024	265.0
259.67577223152097	265.0
259.68577283893956	262.0
259.6957734463582	262.0
259.7057740537768	259.0
259.7157746611954	259.0
259.72577526861403	256.0
259.7357758760326	253.0
259.7457764834512	250.0
259.7557770908698	248.0
259.76577769828845	245.0
259.77577830570704	242.0
259.7857789131256	239.0
259.7957795205443	236.0
259.80578012796286	234.0
259.81578073538145	236.0
259.82578134280004	236.0
259.8357819502187	239.0
259.8457825576373	245.0
259.85578316505587	250.0
259.8657837724745	262.0
259.8757843798931	272.0
259.8857849873117	278.0
259.8957855947303	278.0
259.90578620214893	275.0
259.9157868095675	268.0
259.9257874169861	262.0
259.9357880244047	239.0
259.94578863182335	223.0
259.95578923924194	218.0
259.9657898466605	215.0
259.9757904540792	215.0
259.98579106149776	215.0
259.99579166891635	218.0
260.00579227633494	218.0
260.0157928837536	220.0
260.0257934911722	220.0
260.03579409859077	223.0
260.0457947060094	223.0
260.055795313428	223.0
260.0657959208466	223.0
260.0757965282652	223.0
260.08579713568383	223.0
260.0957977431024	223.0
260.105798350521	223.0
260.11579895793966	223.0
260.12579956535825	223.0
260.13580017277684	223.0
260.14580078019543	226.0
260.1558013876141	226.0
260.16580199503267	226.0
260.17580260245126	226.0
260.1858032098699	226.0
260.1958038172885	226.0
260.2058044247071	226.0
260.2158050321257	223.0
260.2258056395443	223.0
260.2358062469629	220.0
260.2458068543815	215.0
260.25580746180015	208.0
260.26580806921874	206.0
260.2758086766373	208.0
260.2858092840559	210.0
260.29580989147456	218.0
260.30581049889315	236.0
260.31581110631174	245.0
260.32581171373033	248.0
260.335812321149	250.0
260.34581292856757	250.0
260.35581353598616	250.0
260.3658141434048	250.0
260.3758147508234	248.0
260.385815358242	245.0
260.3958159656606	245.0
260.4058165730792	242.0
260.4158171804978	239.0
260.4258177879164	236.0
260.43581839533505	234.0
260.44581900275364	234.0
260.4558196101722	234.0
260.4658202175908	231.0
260.47582082500946	231.0
260.48582143242805	231.0
260.49582203984664	231.0
260.5058226472653	231.0
260.5158232546839	231.0
260.52582386210247	231.0
260.53582446952106	231.0
260.5458250769397	231.0
260.5558256843583	228.0
260.5658262917769	226.0
260.57582689919553	215.0
260.5858275066141	208.0
260.5958281140327	206.0
260.6058287214513	206.0
260.61582932886995	0.0
260.62582993628854	0.0
260.63583054370713	0.0
260.6458311511258	245.0
260.65583175854437	250.0
260.66583236596296	250.0
260.67583297338155	253.0
260.6858335808002	250.0
260.6958341882188	250.0
260.7058347956374	250.0
260.71583540305596	250.0
260.7258360104746	250.0
260.7358366178932	248.0
260.7458372253118	248.0
260.75583783273044	245.0
260.765838440149	242.0
260.7758390475676	236.0
260.7858396549862	234.0
260.79584026240485	228.0
260.80584086982344	223.0
260.81584147724203	218.0
260.8258420846607	215.0
260.83584269207927	210.0
260.84584329949786	208.0
260.85584390691645	208.0
260.8658445143351	206.0
260.8758451217537	206.0
260.8858457291723	203.0
260.8958463365909	203.0
260.9058469440095	201.0
260.9158475514281	201.0
260.9258481588467	196.0
260.93584876626534	190.0
260.9458493736839	187.0
260.9558499811025	196.0
260.96585058852116	203.0
260.97585119593975	213.0
260.98585180335834	220.0
260.99585241077693	231.0
261.0058530181956	239.0
261.01585362561417	245.0
261.02585423303276	245.0
261.0358548404514	242.0
261.04585544787	239.0
261.0558560552886	236.0
261.0658566627072	234.0
261.0758572701258	234.0
261.0858578775444	231.0
261.095858484963	228.0
261.1058590923816	228.0
261.11585969980024	226.0
261.12586030721883	226.0
261.1358609146374	226.0
261.14586152205607	226.0
261.15586212947466	226.0
261.16586273689325	223.0
261.17586334431184	223.0
261.1858639517305	223.0
261.1958645591491	220.0
261.20586516656766	218.0
261.2158657739863	215.0
261.2258663814049	210.0
261.2358669888235	206.0
261.2458675962421	203.0
261.2558682036607	203.0
261.2658688110793	206.0
261.2758694184979	213.0
261.28587002591655	226.0
261.29587063333514	236.0
261.30587124075373	245.0
261.3158718481723	250.0
261.32587245559097	250.0
261.33587306300956	250.0
261.34587367042815	248.0
261.3558742778468	248.0
261.3658748852654	245.0
261.375875492684	245.0
261.38587610010256	242.0
261.3958767075212	239.0
261.4058773149398	236.0
261.4158779223584	234.0
261.42587852977704	231.0
261.4358791371956	226.0
261.4458797446142	220.0
261.4558803520328	215.0
261.46588095945145	210.0
261.47588156687004	206.0
261.48588217428863	203.0
261.4958827817072	201.0
261.50588338912587	201.0
261.51588399654446	201.0
261.52588460396305	201.0
261.5358852113817	201.0
261.5458858188003	201.0
261.5558864262189	201.0
261.56588703363747	201.0
261.5758876410561	201.0
261.5858882484747	199.0
261.5958888558933	192.0
261.60588946331194	187.0
261.61589007073053	185.0
261.6258906781491	185.0
261.6358912855677	187.0
261.64589189298636	192.0
261.65589250040495	196.0
261.66589310782354	201.0
261.6758937152422	208.0
261.6858943226608	213.0
261.69589493007936	220.0
261.70589553749795	223.0
261.7158961449166	226.0
261.7258967523352	226.0
261.7358973597538	226.0
261.7458979671724	226.0
261.755898574591	223.0
261.7658991820096	223.0
261.7758997894282	223.0
261.78590039684684	223.0
261.79590100426543	223.0
261.805901611684	223.0
261.81590221910267	223.0
261.82590282652126	223.0
261.83590343393985	223.0
261.84590404135844	223.0
261.8559046487771	223.0
261.8659052561957	223.0
261.87590586361426	223.0
261.88590647103285	223.0
261.8959070784515	223.0
261.9059076858701	213.0
261.9159082932887	208.0
261.9259089007073	206.0
261.9359095081259	206.0
261.9459101155445	208.0
261.9559107229631	210.0
261.96591133038174	215.0
261.97591193780033	223.0
261.9859125452189	228.0
261.99591315263757	228.0
262.00591376005616	228.0
262.01591436747475	226.0
262.02591497489334	226.0
262.035915582312	226.0
262.0459161897306	226.0
262.05591679714917	226.0
262.0659174045678	231.0
262.0759180119864	234.0
262.085918619405	239.0
262.0959192268236	245.0
262.10591983424223	248.0
262.1159204416608	253.0
262.1259210490794	253.0
262.13592165649806	256.0
262.14592226391665	253.0
262.15592287133524	250.0
262.1659234787538	248.0
262.1759240861725	242.0
262.18592469359106	236.0
262.19592530100965	226.0
262.20592590842824	218.0
262.2159265158469	210.0
262.2259271232655	206.0
262.23592773068407	203.0
262.2459283381027	203.0
262.2559289455213	206.0
262.2659295529399	208.0
262.2759301603585	210.0
262.28593076777713	215.0
262.2959313751957	228.0
262.3059319826143	239.0
262.31593259003296	248.0
262.32593319745155	256.0
262.33593380487014	262.0
262.3459344122887	265.0
262.3559350197074	268.0
262.36593562712596	272.0
262.37593623454455	272.0
262.3859368419632	272.0
262.3959374493818	272.0
262.4059380568004	268.0
262.41593866421897	265.0
262.4259392716376	265.0
262.4359398790562	265.0
262.4459404864748	265.0
262.45594109389344	265.0
262.46594170131203	265.0
262.4759423087306	265.0
262.4859429161492	265.0
262.49594352356786	265.0
262.50594413098645	262.0
262.51594473840504	262.0
262.5259453458237	259.0
262.5359459532423	256.0
262.54594656066087	253.0
262.55594716807946	250.0
262.5659477754981	248.0
262.5759483829167	248.0
262.5859489903353	248.0
262.5959495977539	250.0
262.6059502051725	256.0
262.6159508125911	265.0
262.6259514200097	338.0
262.63595202742835	342.0
262.64595263484694	342.0
262.6559532422655	342.0
262.6659538496841	342.0
262.67595445710276	342.0
262.68595506452135	342.0
262.69595567193994	342.0
262.7059562793586	342.0
262.7159568867772	342.0
262.72595749419577	342.0
262.73595810161436	342.0
262.745958709033	342.0
262.7559593164516	342.0
262.7659599238702	342.0
262.77596053128883	342.0
262.7859611387074	338.0
262.795961746126	338.0
262.8059623535446	338.0
262.81596296096325	338.0
262.82596356838184	338.0
262.8359641758004	338.0
262.8459647832191	334.0
262.85596539063766	327.0
262.86596599805625	316.0
262.87596660547484	298.0
262.8859672128935	0.0
262.8959678203121	0.0
262.90596842773067	0.0
262.9159690351493	0.0
262.9259696425679	0.0
262.9359702499865	0.0
262.9459708574051	0.0
262.95597146482373	0.0
262.9659720722423	402.0
262.9759726796609	407.0
262.9859732870795	407.0
262.99597389449815	407.0
263.00597450191674	407.0
263.01597510933533	402.0
263.025975716754	402.0
263.03597632417257	402.0
263.04597693159116	402.0
263.05597753900975	402.0
263.0659781464284	402.0
263.075978753847	402.0
263.0859793612656	402.0
263.0959799686842	407.0
263.1059805761028	407.0
263.1159811835214	407.0
263.12598179094	407.0
263.13598239835864	412.0
263.1459830057772	412.0
263.1559836131958	412.0
263.16598422061446	412.0
263.17598482803305	412.0
263.18598543545164	407.0
263.19598604287023	407.0
263.2059866502889	407.0
263.21598725770747	363.0
263.22598786512606	358.0
263.2359884725447	358.0
263.2459890799633	358.0
263.2559896873819	363.0
263.2659902948005	371.0
263.2759909022191	393.0
263.2859915096377	417.0
263.2959921170563	426.0
263.30599272447495	431.0
263.31599333189354	441.0
263.3259939393121	447.0
263.3359945467307	447.0
263.34599515414936	447.0
263.35599576156795	447.0
263.36599636898654	447.0
263.37599697640513	447.0
263.3859975838238	447.0
263.39599819124237	447.0
263.40599879866096	447.0
263.4159994060796	452.0
263.4260000134982	452.0
263.4360006209168	452.0
263.4460012283354	452.0
263.456001835754	452.0
263.4660024431726	457.0
263.4760030505912	457.0
263.48600365800985	457.0
263.49600426542844	457.0
263.50600487284703	462.0
263.5160054802656	462.0
263.52600608768427	457.0
263.53600669510286	457.0
263.54600730252145	452.0
263.5560079099401	447.0
263.5660085173587	436.0
263.5760091247773	398.0
263.58600973219586	441.0
263.5960103396145	452.0
263.6060109470331	462.0
263.6160115544517	468.0
263.62601216187034	468.0
263.6360127692889	473.0
263.6460133767075	473.0
263.6560139841261	473.0
263.66601459154475	473.0
263.67601519896334	468.0
263.68601580638193	473.0
263.6960164138006	468.0
263.70601702121917	468.0
263.71601762863776	0.0
263.72601823605635	462.0
263.736018843475	462.0
263.7460194508936	462.0
263.7560200583122	462.0
263.76602066573076	462.0
263.7760212731494	462.0
263.786021880568	457.0
263.7960224879866	457.0
263.80602309540524	457.0
263.8160237028238	457.0
263.8260243102424	462.0
263.836024917661	462.0
263.84602552507965	468.0
263.85602613249824	473.0
263.86602673991683	479.0
263.8760273473355	490.0
263.88602795475407	501.0
263.89602856217266	507.0
263.90602916959125	513.0
263.9160297770099	519.0
263.9260303844285	519.0
263.9360309918471	513.0
263.9460315992657	0.0
263.9560322066843	0.0
263.9660328141029	0.0
263.9760334215215	436.0
263.98603402894014	441.0
263.99603463635873	447.0
264.0060352437773	452.0
264.01603585119597	457.0
264.02603645861456	462.0
264.03603706603315	462.0
264.04603767345174	462.0
264.0560382808704	457.0
264.066038888289	457.0
264.07603949570756	457.0
264.0860401031262	457.0
264.0960407105448	457.0
264.1060413179634	457.0
264.116041925382	462.0
264.1260425328006	462.0
264.1360431402192	462.0
264.1460437476378	462.0
264.1560443550564	468.0
264.16604496247504	473.0
264.17604556989363	479.0
264.1860461773122	479.0
264.19604678473087	484.0
264.20604739214946	479.0
264.21604799956805	479.0
264.22604860698664	468.0
264.2360492144053	431.0
264.2460498218239	412.0
264.25605042924246	402.0
264.2660510366611	0.0
264.2760516440797	0.0
264.2860522514983	0.0
264.2960528589169	384.0
264.3060534663355	389.0
264.3160540737541	398.0
264.3260546811727	407.0
264.33605528859135	407.0
264.34605589600994	407.0
264.35605650342853	407.0
264.3660571108471	402.0
264.37605771826577	402.0
264.38605832568436	402.0
264.39605893310295	402.0
264.4060595405216	402.0
264.4160601479402	402.0
264.4260607553588	398.0
264.43606136277737	398.0
264.446061970196	398.0
264.4560625776146	398.0
264.4660631850332	398.0
264.47606379245184	398.0
264.48606439987043	398.0
264.496065007289	402.0
264.5060656147076	402.0
264.51606622212626	402.0
264.52606682954485	402.0
264.53606743696344	402.0
264.546068044382	402.0
264.5560686518007	402.0
264.56606925921926	402.0
264.57606986663785	402.0
264.5860704740565	371.0
264.5960710814751	358.0
264.6060716888937	407.0
264.61607229631227	412.0
264.6260729037309	412.0
264.6360735111495	417.0
264.6460741185681	412.0
264.65607472598674	412.0
264.66607533340533	412.0
264.6760759408239	412.0
264.6860765482425	407.0
264.69607715566116	407.0
264.70607776307975	402.0
264.71607837049834	398.0
264.726078977917	393.0
264.7360795853356	384.0
264.74608019275416	375.0
264.75608080017275	371.0
264.7660814075914	363.0
264.77608201501	354.0
264.7860826224286	350.0
264.7960832298472	346.0
264.8060838372658	342.0
264.8160844446844	338.0
264.826085052103	338.0
264.83608565952164	334.0
264.84608626694023	334.0
264.8560868743588	338.0
264.8660874817774	338.0
264.87608808919606	342.0
264.88608869661465	350.0
264.89608930403324	358.0
264.9060899114519	367.0
264.9160905188705	371.0
264.92609112628907	375.0
264.93609173370766	375.0
264.9460923411263	375.0
264.9560929485449	371.0
264.9660935559635	363.0
264.97609416338213	350.0
264.9860947708007	327.0
264.9960953782193	288.0
265.0060959856379	262.0
265.01609659305655	262.0
265.02609720047514	265.0
265.0360978078937	265.0
265.0460984153124	268.0
265.05609902273096	268.0
265.06609963014955	268.0
265.07610023756814	272.0
265.0861008449868	272.0
265.0961014524054	272.0
265.10610205982397	272.0
265.1161026672426	272.0
265.1261032746612	272.0
265.1361038820798	272.0
265.1461044894984	272.0
265.15610509691703	272.0
265.1661057043356	272.0
265.1761063117542	272.0
265.18610691917286	272.0
265.19610752659145	268.0
265.20610813401004	268.0
265.2161087414286	268.0
265.2261093488473	268.0
265.23610995626586	268.0
265.24611056368445	265.0
265.25611117110304	262.0
265.2661117785217	256.0
265.2761123859403	250.0
265.28611299335887	253.0
265.2961136007775	265.0
265.3061142081961	272.0
265.3161148156147	272.0
265.3261154230333	272.0
265.33611603045193	272.0
265.3461166378705	272.0
265.3561172452891	272.0
265.36611785270776	268.0
265.37611846012635	268.0
265.38611906754494	268.0
265.39611967496353	265.0
265.4061202823822	265.0
265.41612088980077	262.0
265.42612149721936	256.0
265.436122104638	253.0
265.4461227120566	250.0
265.4561233194752	248.0
265.4661239268938	245.0
265.4761245343124	242.0
265.486125141731	239.0
265.4961257491496	236.0
265.50612635656825	236.0
265.51612696398684	236.0
265.5261275714054	239.0
265.536128178824	245.0
265.54612878624266	250.0
265.55612939366125	256.0
265.56613000107984	272.0
265.5761306084985	291.0
265.5861312159171	301.0
265.59613182333567	308.0
265.60613243075426	312.0
265.6161330381729	308.0
265.6261336455915	305.0
265.6361342530101	298.0
265.6461348604287	262.0
265.6561354678473	245.0
265.6661360752659	228.0
265.6761366826845	220.0
265.68613729010315	218.0
265.69613789752174	220.0
265.7061385049403	223.0
265.7161391123589	226.0
265.72613971977756	226.0
265.73614032719615	226.0
265.74614093461474	226.0
265.7561415420334	226.0
265.766142149452	226.0
265.77614275687057	226.0
265.78614336428916	226.0
265.7961439717078	226.0
265.8061445791264	226.0
265.816145186545	226.0
265.82614579396363	226.0
265.8361464013822	226.0
265.8461470088008	226.0
265.8561476162194	226.0
265.86614822363805	226.0
265.87614883105664	226.0
265.88614943847523	228.0
265.8961500458939	228.0
265.90615065331247	228.0
265.91615126073106	226.0
265.92615186814965	220.0
265.9361524755683	210.0
265.9461530829869	206.0
265.9561536904055	203.0
265.9661542978241	203.0
265.9761549052427	206.0
265.9861555126613	208.0
265.9961561200799	213.0
266.00615672749854	228.0
266.0161573349171	236.0
266.0261579423357	242.0
266.0361585497543	245.0
266.04615915717295	250.0
266.05615976459154	253.0
266.06616037201013	253.0
266.0761609794288	256.0
266.08616158684737	253.0
266.09616219426596	250.0
266.10616280168455	245.0
266.1161634091032	239.0
266.1261640165218	234.0
266.1361646239404	228.0
266.146165231359	220.0
266.1561658387776	215.0
266.1661664461962	210.0
266.1761670536148	208.0
266.18616766103344	206.0
266.196168268452	203.0
266.2061688758706	203.0
266.21616948328926	203.0
266.22617009070785	203.0
266.23617069812644	203.0
266.24617130554503	203.0
266.2561719129637	201.0
266.26617252038227	199.0
266.27617312780086	190.0
266.2861737352195	181.0
266.2961743426381	181.0
266.3061749500567	183.0
266.3161755574753	187.0
266.3261761648939	196.0
266.3361767723125	203.0
266.3461773797311	210.0
266.35617798714975	215.0
266.36617859456834	223.0
266.37617920198693	228.0
266.3861798094055	231.0
266.39618041682417	231.0
266.40618102424276	234.0
266.41618163166135	234.0
266.42618223907994	234.0
266.4361828464986	234.0
266.4461834539172	231.0
266.45618406133576	231.0
266.4661846687544	228.0
266.476185276173	228.0
266.4861858835916	228.0
266.4961864910102	228.0
266.5061870984288	226.0
266.5161877058474	226.0
266.526188313266	223.0
266.53618892068465	218.0
266.54618952810324	208.0
266.55619013552183	203.0
266.5661907429404	201.0
266.57619135035907	201.0
266.58619195777766	201.0
266.59619256519625	201.0
266.6061931726149	201.0
266.6161937800335	201.0
266.6261943874521	203.0
266.63619499487066	206.0
266.6461956022893	210.0
266.6561962097079	218.0
266.6661968171265	223.0
266.67619742454514	226.0
266.6861980319637	226.0
266.6961986393823	226.0
266.7061992468009	226.0
266.71619985421955	226.0
266.72620046163814	226.0
266.73620106905673	226.0
266.7462016764754	226.0
266.75620228389397	226.0
266.76620289131256	228.0
266.77620349873115	231.0
266.7862041061498	236.0
266.7962047135684	245.0
266.806205320987	259.0
266.81620592840557	278.0
266.8262065358242	291.0
266.8362071432428	305.0
266.8462077506614	305.0
266.85620835808004	301.0
266.86620896549863	291.0
266.8762095729172	262.0
266.8862101803358	234.0
266.89621078775446	196.0
266.90621139517305	187.0
266.91621200259164	183.0
266.9262126100103	183.0
266.9362132174289	187.0
266.94621382484746	194.0
266.95621443226605	201.0
266.9662150396847	208.0
266.9762156471033	218.0
266.9862162545219	234.0
266.9962168619405	245.0
267.0062174693591	250.0
267.0162180767777	256.0
267.0262186841963	262.0
267.03621929161494	265.0
267.04621989903353	268.0
267.0562205064521	268.0
267.06622111387077	272.0
267.07622172128936	272.0
267.08622232870795	268.0
267.09622293612654	268.0
267.1062235435452	268.0
267.1162241509638	268.0
267.12622475838236	268.0
267.13622536580095	268.0
267.1462259732196	272.0
267.1562265806382	272.0
267.1662271880568	275.0
267.1762277954754	278.0
267.186228402894	278.0
267.1962290103126	275.0
267.2062296177312	275.0
267.21623022514984	275.0
267.22623083256843	272.0
267.236231439987	268.0
267.24623204740567	262.0
267.25623265482426	256.0
267.26623326224285	253.0
267.27623386966144	253.0
267.2862344770801	256.0
267.2962350844987	262.0
267.30623569191727	265.0
267.3162362993359	272.0
267.3262369067545	278.0
267.3362375141731	291.0
267.3462381215917	305.0
267.35623872901033	323.0
267.3662393364289	346.0
267.3762399438475	363.0
267.38624055126616	375.0
267.39624115868475	380.0
267.40624176610334	380.0
267.4162423735219	363.0
267.4262429809406	331.0
267.43624358835916	316.0
267.44624419577775	291.0
267.4562448031964	272.0
267.466245410615	265.0
267.4762460180336	259.0
267.48624662545217	259.0
267.4962472328708	259.0
267.5062478402894	262.0
267.516248447708	268.0
267.5262490551266	268.0
267.53624966254523	265.0
267.5462502699638	262.0
267.5562508773824	259.0
267.56625148480106	245.0
267.57625209221965	242.0
267.58625269963824	262.0
267.5962533070568	275.0
267.6062539144755	275.0
267.61625452189406	272.0
267.62625512931265	268.0
267.6362557367313	268.0
267.6462563441499	265.0
267.6562569515685	268.0
267.66625755898707	272.0
267.6762581664057	291.0
267.6862587738243	305.0
267.6962593812429	323.0
267.70625998866154	338.0
267.71626059608013	363.0
267.7262612034987	380.0
267.7362618109173	393.0
267.74626241833596	402.0
267.75626302575455	402.0
267.76626363317314	398.0
267.7762642405918	389.0
267.7862648480104	380.0
267.79626545542897	371.0
267.80626606284756	363.0
267.8162666702662	354.0
267.8262672776848	346.0
267.8362678851034	338.0
267.84626849252203	334.0
267.8562690999406	331.0
267.8662697073592	334.0
267.8762703147778	334.0
267.88627092219645	338.0
267.89627152961503	342.0
267.9062721370336	334.0
267.9162727444522	0.0
267.92627335187086	0.0
267.93627395928945	0.0
267.94627456670804	0.0
267.9562751741267	0.0
267.9662757815453	0.0
267.97627638896387	0.0
267.98627699638246	0.0
267.9962776038011	0.0
268.0062782112197	0.0
268.0162788186383	0.0
268.02627942605693	0.0
268.0362800334755	0.0
268.0462806408941	0.0
268.0562812483127	0.0
268.06628185573135	0.0
268.07628246314994	0.0
268.0862830705685	0.0
268.0962836779872	0.0
268.10628428540576	0.0
268.11628489282435	0.0
268.12628550024294	0.0
268.1362861076616	0.0
268.1462867150802	0.0
268.15628732249877	0.0
268.1662879299174	0.0
268.176288537336	0.0
268.1862891447546	0.0
268.1962897521732	0.0
268.20629035959183	0.0
268.2162909670104	0.0
268.226291574429	0.0
268.23629218184766	0.0
268.24629278926625	0.0
268.25629339668484	0.0
268.26629400410343	0.0
268.2762946115221	0.0
268.28629521894067	0.0
268.29629582635926	0.0
268.30629643377785	0.0
268.3162970411965	0.0
268.3262976486151	334.0
268.3362982560337	334.0
268.3462988634523	334.0
268.3562994708709	331.0
268.3663000782895	331.0
268.3763006857081	331.0
268.38630129312673	331.0
268.3963019005453	331.0
268.4063025079639	334.0
268.41630311538256	338.0
268.42630372280115	346.0
268.43630433021974	358.0
268.44630493763833	367.0
268.456305545057	375.0
268.46630615247557	380.0
268.47630675989416	380.0
268.4863073673128	375.0
268.4963079747314	367.0
268.50630858215	354.0
268.5163091895686	342.0
268.5263097969872	331.0
268.5363104044058	331.0
268.5463110118244	334.0
268.55631161924305	342.0
268.56631222666164	358.0
268.5763128340802	380.0
268.5863134414988	398.0
268.59631404891746	417.0
268.60631465633605	431.0
268.61631526375464	436.0
268.6263158711733	436.0
268.6363164785919	431.0
268.64631708601047	417.0
268.65631769342906	380.0
268.6663183008477	363.0
268.6763189082663	346.0
268.6863195156849	331.0
268.6963201231035	331.0
268.7063207305221	334.0
268.7163213379407	346.0
268.7263219453593	354.0
268.73632255277795	358.0
268.74632316019654	358.0
268.75632376761513	358.0
268.7663243750337	354.0
268.77632498245237	334.0
268.78632558987096	319.0
268.79632619728955	308.0
268.8063268047082	242.0
268.8163274121268	231.0
268.8263280195454	231.0
268.83632862696396	234.0
268.8463292343826	242.0
268.8563298418012	250.0
268.8663304492198	262.0
268.87633105663843	275.0
268.886331664057	284.0
268.8963322714756	288.0
268.9063328788942	288.0
268.91633348631285	284.0
268.92633409373144	278.0
268.93633470115003	268.0
268.9463353085687	262.0
268.95633591598727	256.0
268.96633652340586	250.0
268.97633713082445	250.0
268.9863377382431	250.0
268.9963383456617	284.0
269.0063389530803	298.0
269.0163395604989	316.0
269.0263401679175	331.0
269.0363407753361	342.0
269.0463413827547	354.0
269.05634199017334	358.0
269.0663425975919	363.0
269.0763432050105	358.0
269.0863438124291	354.0
269.09634441984775	338.0
269.10634502726634	323.0
269.11634563468493	308.0
269.1263462421036	298.0
269.13634684952217	294.0
269.14634745694076	298.0
269.15634806435935	305.0
269.166348671778	312.0
269.1763492791966	319.0
269.1863498866152	327.0
269.1963504940338	338.0
269.2063511014524	342.0
269.216351708871	350.0
269.2263523162896	350.0
269.23635292370824	350.0
269.24635353112683	346.0
269.2563541385454	338.0
269.26635474596407	331.0
269.27635535338266	327.0
269.28635596080125	323.0
269.29635656821984	323.0
269.3063571756385	327.0
269.3163577830571	331.0
269.32635839047566	342.0
269.3363589978943	358.0
269.3463596053129	384.0
269.3563602127315	402.0
269.3663608201501	412.0
269.3763614275687	417.0
269.3863620349873	421.0
269.3963626424059	417.0
269.40636324982455	407.0
269.41636385724314	0.0
269.42636446466173	0.0
269.4363650720803	0.0
269.44636567949897	0.0
269.45636628691756	0.0
269.46636689433615	0.0
269.47636750175474	0.0
269.4863681091734	0.0
269.496368716592	0.0
269.50636932401056	0.0
269.5163699314292	0.0
269.5263705388478	0.0
269.5363711462664	0.0
269.546371753685	0.0
269.5563723611036	0.0
269.5663729685222	0.0
269.5763735759408	0.0
269.58637418335945	0.0
269.59637479077804	0.0
269.60637539819663	0.0
269.6163760056152	0.0
269.62637661303387	0.0
269.63637722045246	0.0
269.64637782787105	0.0
269.6563784352897	0.0
269.6663790427083	0.0
269.6763796501269	0.0
269.68638025754547	319.0
269.6963808649641	316.0
269.7063814723827	308.0
269.7163820798013	305.0
269.72638268721994	305.0
269.73638329463853	305.0
269.7463839020571	312.0
269.7563845094757	323.0
269.76638511689436	334.0
269.77638572431295	350.0
269.78638633173153	367.0
269.7963869391501	380.0
269.80638754656877	389.0
269.81638815398736	393.0
269.82638876140595	398.0
269.8363893688246	393.0
269.8463899762432	384.0
269.8563905836618	371.0
269.86639119108037	363.0
269.876391798499	358.0
269.8863924059176	358.0
269.8963930133362	367.0
269.90639362075484	380.0
269.91639422817343	398.0
269.926394835592	417.0
269.9363954430106	426.0
269.94639605042926	431.0
269.95639665784785	431.0
269.96639726526644	421.0
269.9763978726851	402.0
269.9863984801037	371.0
269.99639908752226	346.0
270.00639969494085	323.0
270.0164003023595	312.0
270.0264009097781	312.0
270.0364015171967	312.0
270.0464021246153	319.0
270.0564027320339	331.0
270.0664033394525	334.0
270.0764039468711	338.0
270.08640455428974	338.0
270.09640516170833	338.0
270.1064057691269	334.0
270.11640637654557	331.0
270.12640698396416	319.0
270.13640759138275	305.0
270.14640819880134	294.0
270.15640880622	291.0
270.1664094136386	294.0
270.17641002105717	305.0
270.18641062847576	327.0
270.1964112358944	342.0
270.206411843313	367.0
270.2164124507316	380.0
270.22641305815023	384.0
270.2364136655688	384.0
270.2464142729874	380.0
270.256414880406	367.0
270.26641548782464	363.0
270.27641609524323	298.0
270.2864167026618	278.0
270.29641731008047	242.0
270.30641791749906	234.0
270.31641852491765	236.0
270.32641913233624	262.0
270.3364197397549	265.0
270.3464203471735	265.0
270.35642095459207	268.0
270.3664215620107	268.0
270.3764221694293	272.0
270.3864227768479	272.0
270.3964233842665	272.0
270.40642399168513	272.0
270.4164245991037	272.0
270.4264252065223	272.0
270.43642581394096	272.0
270.44642642135955	272.0
270.45642702877814	272.0
270.4664276361967	268.0
270.4764282436154	268.0
270.48642885103396	268.0
270.49642945845255	272.0
270.5064300658712	272.0
270.5164306732898	272.0
270.5264312807084	272.0
270.53643188812697	272.0
270.5464324955456	272.0
270.5564331029642	272.0
270.5664337103828	272.0
270.5764343178014	265.0
270.58643492522003	250.0
270.5964355326386	234.0
270.6064361400572	226.0
270.61643674747586	220.0
270.62643735489445	218.0
270.63643796231304	215.0
270.64643856973163	213.0
270.6564391771503	213.0
270.66643978456887	208.0
270.67644039198746	208.0
270.6864409994061	208.0
270.6964416068247	210.0
270.7064422142433	215.0
270.7164428216619	226.0
270.7264434290805	236.0
270.7364440364991	248.0
270.7464446439177	253.0
270.75644525133634	253.0
270.76644585875493	253.0
270.7764464661735	245.0
270.7864470735921	234.0
270.79644768101076	220.0
270.80644828842935	213.0
270.81644889584794	208.0
270.8264495032666	210.0
270.8364501106852	218.0
270.84645071810377	231.0
270.85645132552236	242.0
270.866451932941	256.0
270.8764525403596	268.0
270.8864531477782	275.0
270.89645375519683	278.0
270.9064543626154	275.0
270.916454970034	265.0
270.9264555774526	256.0
270.93645618487125	242.0
270.94645679228984	223.0
270.9564573997084	210.0
270.966458007127	201.0
270.97645861454566	199.0
270.98645922196425	201.0
270.99645982938284	206.0
271.0064604368015	210.0
271.0164610442201	220.0
271.02646165163867	228.0
271.03646225905726	236.0
271.0464628664759	242.0
271.0564634738945	248.0
271.0664640813131	250.0
271.07646468873173	248.0
271.0864652961503	245.0
271.0964659035689	236.0
271.1064665109875	228.0
271.11646711840615	223.0
271.12646772582474	218.0
271.13646833324333	215.0
271.146468940662	218.0
271.15646954808057	223.0
271.16647015549916	228.0
271.17647076291775	236.0
271.1864713703364	242.0
271.196471977755	245.0
271.2064725851736	248.0
271.2164731925922	248.0
271.2264738000108	242.0
271.2364744074294	234.0
271.246475014848	223.0
271.25647562226663	208.0
271.2664762296852	196.0
271.2764768371038	187.0
271.28647744452246	187.0
271.29647805194105	190.0
271.30647865935964	194.0
271.31647926677823	199.0
271.3264798741969	201.0
271.33648048161547	201.0
271.34648108903406	203.0
271.35648169645265	203.0
271.3664823038713	203.0
271.3764829112899	201.0
271.3864835187085	199.0
271.3964841261271	194.0
271.4064847335457	192.0
271.4164853409643	192.0
271.4264859483829	194.0
271.43648655580154	199.0
271.4464871632201	203.0
271.4564877706387	208.0
271.46648837805736	215.0
271.47648898547595	220.0
271.48648959289454	228.0
271.49649020031313	234.0
271.5064908077318	239.0
271.51649141515037	239.0
271.52649202256896	239.0
271.5364926299876	236.0
271.5464932374062	231.0
271.5564938448248	226.0
271.5664944522434	218.0
271.576495059662	213.0
271.5864956670806	208.0
271.5964962744992	206.0
271.60649688191785	206.0
271.61649748933644	208.0
271.62649809675503	213.0
271.6364987041736	220.0
271.64649931159227	234.0
271.65649991901086	245.0
271.66650052642945	253.0
271.6765011338481	253.0
271.6865017412667	250.0
271.69650234868527	245.0
271.70650295610386	236.0
271.7165035635225	213.0
271.7265041709411	196.0
271.7365047783597	185.0
271.7465053857783	181.0
271.7565059931969	183.0
271.7665066006155	185.0
271.7765072080341	192.0
271.78650781545275	196.0
271.79650842287134	201.0
271.80650903028993	203.0
271.8165096377085	206.0
271.82651024512717	208.0
271.83651085254576	208.0
271.84651145996435	208.0
271.856512067383	206.0
271.8665126748016	203.0
271.8765132822202	199.0
271.88651388963876	194.0
271.8965144970574	194.0
271.906515104476	192.0
271.9165157118946	194.0
271.92651631931324	199.0
271.9365169267318	206.0
271.9465175341504	210.0
271.956518141569	218.0
271.96651874898765	226.0
271.97651935640624	231.0
271.98651996382483	234.0
271.9965205712435	231.0
272.00652117866207	228.0
272.01652178608066	223.0
272.02652239349925	220.0
272.0365230009179	220.0
272.0465236083365	220.0
272.0565242157551	223.0
272.0665248231737	228.0
272.0765254305923	231.0
272.0865260380109	236.0
272.0965266454295	239.0
272.10652725284814	242.0
272.11652786026673	242.0
272.1265284676853	239.0
272.1365290751039	0.0
272.14652968252256	0.0
272.15653028994114	0.0
272.16653089735973	0.0
272.1765315047784	0.0
272.18653211219697	0.0
272.19653271961556	0.0
272.20653332703415	0.0
272.2165339344528	0.0
272.2265345418714	0.0
272.23653514929	0.0
272.2465357567086	0.0
272.2565363641272	0.0
272.2665369715458	0.0
272.2765375789644	0.0
272.28653818638304	0.0
272.29653879380163	0.0
272.3065394012202	0.0
272.31654000863887	342.0
272.32654061605746	346.0
272.33654122347605	346.0
272.34654183089464	346.0
272.3565424383133	346.0
272.3665430457319	342.0
272.37654365315046	338.0
272.3865442605691	338.0
272.3965448679877	334.0
272.4065454754063	334.0
272.4165460828249	331.0
272.4265466902435	331.0
272.4365472976621	327.0
272.4465479050807	327.0
272.4565485124993	0.0
272.46654911991794	0.0
272.47654972733653	334.0
272.4865503347551	338.0
272.49655094217377	338.0
272.50655154959236	338.0
272.51655215701095	338.0
272.52655276442954	342.0
272.5365533718482	363.0
272.5465539792668	389.0
272.55655458668537	412.0
272.566555194104	431.0
272.5765558015226	452.0
272.5865564089412	452.0
272.5965570163598	447.0
272.60655762377843	393.0
272.616558231197	371.0
272.6265588386156	350.0
272.63655944603425	331.0
272.64656005345284	319.0
272.65656066087143	316.0
272.66656126829	319.0
272.67656187570867	323.0
272.68656248312726	338.0
272.69656309054585	354.0
272.7065636979645	354.0
272.7165643053831	354.0
272.7265649128017	350.0
272.73656552022027	342.0
272.7465661276389	331.0
272.7565667350575	291.0
272.7665673424761	262.0
272.77656794989474	253.0
272.78656855731333	248.0
272.7965691647319	248.0
272.8065697721505	250.0
272.81657037956916	253.0
272.82657098698775	259.0
272.83657159440634	265.0
272.8465722018249	272.0
272.8565728092436	275.0
272.86657341666216	278.0
272.87657402408075	278.0
272.8865746314994	275.0
272.896575238918	268.0
272.9065758463366	259.0
272.91657645375517	253.0
272.9265770611738	242.0
272.9365776685924	228.0
272.946578276011	213.0
272.95657888342964	206.0
272.96657949084823	201.0
272.9765800982668	199.0
272.9865807056854	201.0
272.99658131310406	201.0
273.00658192052265	206.0
273.01658252794124	210.0
273.0265831353599	220.0
273.0365837427785	231.0
273.04658435019707	248.0
273.05658495761566	256.0
273.0665855650343	259.0
273.0765861724529	256.0
273.0865867798715	248.0
273.0965873872901	231.0
273.1065879947087	223.0
273.1165886021273	220.0
273.1265892095459	220.0
273.13658981696454	220.0
273.14659042438313	220.0
273.1565910318017	220.0
273.16659163922037	223.0
273.17659224663896	226.0
273.18659285405755	228.0
273.19659346147614	231.0
273.2065940688948	234.0
273.2165946763134	236.0
273.22659528373197	236.0
273.23659589115056	236.0
273.2465964985692	228.0
273.2565971059878	223.0
273.2665977134064	218.0
273.27659832082503	215.0
273.2865989282436	213.0
273.2965995356622	213.0
273.3066001430808	215.0
273.31660075049945	220.0
273.32660135791804	231.0
273.3366019653366	242.0
273.3466025727553	256.0
273.35660318017386	272.0
273.36660378759245	288.0
273.37660439501104	298.0
273.3866050024297	298.0
273.3966056098483	259.0
273.40660621726687	245.0
273.4166068246855	234.0
273.4266074321041	218.0
273.4366080395227	208.0
273.4466086469413	203.0
273.45660925435993	201.0
273.4666098617785	203.0
273.4766104691971	210.0
273.48661107661576	223.0
273.49661168403435	234.0
273.50661229145294	242.0
273.51661289887153	253.0
273.5266135062902	265.0
273.53661411370877	268.0
273.54661472112736	265.0
273.556615328546	256.0
273.5666159359646	248.0
273.5766165433832	248.0
273.58661715080177	250.0
273.5966177582204	253.0
273.606618365639	262.0
273.6166189730576	275.0
273.6266195804762	291.0
273.63662018789483	312.0
273.6466207953134	327.0
273.656621402732	342.0
273.66662201015066	350.0
273.67662261756925	358.0
273.68662322498784	358.0
273.69662383240643	305.0
273.7066244398251	294.0
273.71662504724367	262.0
273.72662565466226	253.0
273.7366262620809	245.0
273.7466268694995	245.0
273.7566274769181	245.0
273.7666280843367	248.0
273.7766286917553	253.0
273.7866292991739	259.0
273.7966299065925	265.0
273.80663051401115	272.0
273.81663112142974	272.0
273.8266317288483	272.0
273.8366323362669	268.0
273.84663294368556	262.0
273.85663355110415	256.0
273.86663415852274	239.0
273.8766347659414	215.0
273.88663537336	208.0
273.89663598077857	206.0
273.90663658819716	203.0
273.9166371956158	203.0
273.9266378030344	206.0
273.936638410453	206.0
273.94663901787163	208.0
273.9566396252902	213.0
273.9666402327088	220.0
273.9766408401274	228.0
273.98664144754605	239.0
273.99664205496464	248.0
274.00664266238323	250.0
274.0166432698018	253.0
274.02664387722047	250.0
274.03664448463906	234.0
274.04664509205764	228.0
274.0566456994763	226.0
274.0666463068949	223.0
274.07664691431347	223.0
274.08664752173206	223.0
274.0966481291507	223.0
274.1066487365693	226.0
274.1166493439879	226.0
274.12664995140653	228.0
274.1366505588251	234.0
274.1466511662437	236.0
274.1566517736623	236.0
274.16665238108095	234.0
274.17665298849954	226.0
274.18665359591813	215.0
274.1966542033368	210.0
274.20665481075537	215.0
274.21665541817396	218.0
274.22665602559255	223.0
274.2366566330112	226.0
274.2466572404298	231.0
274.2566578478484	234.0
274.266658455267	239.0
274.2766590626856	245.0
274.2866596701042	250.0
274.2966602775228	253.0
274.30666088494144	253.0
274.31666149236	248.0
274.3266620997786	236.0
274.33666270719726	218.0
274.34666331461585	196.0
274.35666392203444	192.0
274.36666452945303	194.0
274.3766651368717	196.0
274.38666574429027	199.0
274.39666635170886	201.0
274.40666695912745	203.0
274.4166675665461	206.0
274.4266681739647	208.0
274.4366687813833	210.0
274.4466693888019	213.0
274.4566699962205	213.0
274.4666706036391	210.0
274.4766712110577	208.0
274.48667181847634	203.0
274.49667242589493	199.0
274.5066730333135	194.0
274.51667364073217	196.0
274.52667424815075	203.0
274.53667485556934	213.0
274.54667546298793	218.0
274.5566760704066	226.0
274.56667667782517	234.0
274.57667728524376	239.0
274.5866778926624	245.0
274.596678500081	245.0
274.6066791074996	242.0
274.6166797149182	234.0
274.6266803223368	223.0
274.6366809297554	208.0
274.646681537174	208.0
274.65668214459265	196.0
274.66668275201124	199.0
274.67668335942983	199.0
274.6866839668484	199.0
274.69668457426707	201.0
274.70668518168566	201.0
274.71668578910425	203.0
274.7266863965229	206.0
274.7366870039415	206.0
274.7466876113601	208.0
274.75668821877866	208.0
274.7666888261973	206.0
274.7766894336159	206.0
274.7866900410345	203.0
274.7966906484531	201.0
274.8066912558717	199.0
274.8166918632903	201.0
274.8266924707089	203.0
274.83669307812755	208.0
274.84669368554614	215.0
274.85669429296473	223.0
274.8666949003833	228.0
274.87669550780197	231.0
274.88669611522056	234.0
274.89669672263915	236.0
274.9066973300578	236.0
274.9166979374764	234.0
274.926698544895	234.0
274.93669915231357	228.0
274.9466997597322	223.0
274.9567003671508	208.0
274.9667009745694	208.0
274.97670158198804	228.0
274.9867021894066	228.0
274.9967027968252	231.0
275.0067034042438	234.0
275.01670401166245	236.0
275.02670461908104	236.0
275.03670522649963	236.0
275.0467058339183	236.0
275.05670644133687	234.0
275.06670704875546	228.0
275.07670765617405	220.0
275.0867082635927	215.0
275.0967088710113	210.0
275.1067094784299	210.0
275.11671008584847	218.0
275.1267106932671	231.0
275.1367113006857	242.0
275.1467119081043	253.0
275.15671251552294	265.0
275.16671312294153	278.0
275.1767137303601	284.0
275.1867143377787	288.0
275.19671494519736	288.0
275.20671555261595	288.0
275.21671616003454	284.0
275.2267167674532	281.0
275.2367173748718	275.0
275.24671798229036	262.0
275.25671858970895	259.0
275.2667191971276	272.0
275.2767198045462	288.0
275.2867204119648	301.0
275.2967210193834	312.0
275.306721626802	323.0
275.3167222342206	331.0
275.3267228416392	338.0
275.33672344905784	342.0
275.34672405647643	342.0
275.356724663895	338.0
275.36672527131367	331.0
275.37672587873226	323.0
275.38672648615085	312.0
275.39672709356944	301.0
275.4067277009881	298.0
275.4167283084067	319.0
275.42672891582527	342.0
275.4367295232439	354.0
275.4467301306625	375.0
275.4567307380811	398.0
275.4667313454997	412.0
275.4767319529183	417.0
275.4867325603369	421.0
275.4967331677555	421.0
275.5067337751741	421.0
275.51673438259274	417.0
275.52673499001133	412.0
275.5367355974299	402.0
275.54673620484857	389.0
275.55673681226716	380.0
275.56673741968575	367.0
275.57673802710434	354.0
275.586738634523	412.0
275.5967392419416	421.0
275.60673984936017	431.0
275.6167404567788	447.0
275.6267410641974	457.0
275.636741671616	468.0
275.6467422790346	473.0
275.65674288645323	473.0
275.6667434938718	473.0
275.6767441012904	473.0
275.68674470870906	468.0
275.69674531612765	447.0
275.70674592354624	436.0
275.7167465309648	441.0
275.7267471383835	452.0
275.73674774580206	457.0
275.74674835322065	457.0
275.7567489606393	462.0
275.7667495680579	462.0
275.7767501754765	468.0
275.78675078289507	473.0
275.7967513903137	484.0
275.8067519977323	501.0
275.8167526051509	507.0
275.82675321256954	507.0
275.83675381998813	507.0
275.8467544274067	496.0
275.8567550348253	479.0
275.86675564224396	436.0
275.87675624966255	426.0
275.88675685708114	417.0
275.89675746449973	412.0
275.9067580719184	417.0
275.91675867933697	426.0
275.92675928675555	441.0
275.9367598941742	468.0
275.9467605015928	484.0
275.9567611090114	501.0
275.96676171642997	507.0
275.9767623238486	501.0
275.9867629312672	484.0
275.9967635386858	462.0
276.00676414610444	441.0
276.01676475352303	0.0
276.0267653609416	0.0
276.0367659683602	0.0
276.04676657577886	0.0
276.05676718319745	393.0
276.06676779061604	393.0
276.0767683980347	393.0
276.0867690054533	398.0
276.09676961287187	402.0
276.10677022029046	407.0
276.1167708277091	407.0
276.1267714351277	412.0
276.1367720425463	412.0
276.14677264996493	412.0
276.1567732573835	412.0
276.1667738648021	407.0
276.1767744722207	393.0
276.18677507963935	358.0
276.19677568705794	354.0
276.2067762944765	346.0
276.2167769018952	334.0
276.22677750931376	323.0
276.23677811673235	323.0
276.24677872415094	327.0
276.2567793315696	342.0
276.2667799389882	363.0
276.27678054640677	371.0
276.28678115382536	371.0
276.296781761244	367.0
276.3067823686626	363.0
276.3167829760812	350.0
276.32678358349983	308.0
276.3367841909184	288.0
276.346784798337	272.0
276.3567854057556	262.0
276.36678601317425	259.0
276.37678662059284	259.0
276.3867872280114	262.0
276.3967878354301	265.0
276.40678844284866	268.0
276.41678905026725	272.0
276.42678965768584	275.0
276.4367902651045	275.0
276.4467908725231	275.0
276.45679147994167	272.0
276.4667920873603	268.0
276.4767926947789	265.0
276.4867933021975	265.0
276.4967939096161	259.0
276.50679451703473	223.0
276.5167951244533	192.0
276.5267957318719	190.0
276.53679633929056	192.0
276.54679694670915	194.0
276.55679755412774	201.0
276.56679816154633	206.0
276.576798768965	213.0
276.58679937638357	220.0
276.59679998380216	231.0
276.6068005912208	242.0
276.6168011986394	248.0
276.626801806058	250.0
276.6368024134766	250.0
276.6468030208952	245.0
276.6568036283138	234.0
276.6668042357324	218.0
276.676804843151	213.0
276.68680545056964	210.0
276.6968060579882	215.0
276.7068066654068	220.0
276.71680727282546	226.0
276.72680788024405	236.0
276.73680848766264	242.0
276.74680909508123	248.0
276.7568097024999	248.0
276.76681030991847	248.0
276.77681091733706	242.0
276.7868115247557	234.0
276.7968121321743	220.0
276.8068127395929	218.0
276.8168133470115	215.0
276.8268139544301	215.0
276.8368145618487	215.0
276.8468151692673	213.0
276.85681577668595	210.0
276.86681638410454	208.0
276.8768169915231	208.0
276.8868175989417	208.0
276.89681820636036	208.0
276.90681881377895	208.0
276.91681942119754	208.0
276.9268200286162	208.0
276.9368206360348	206.0
276.94682124345337	206.0
276.95682185087196	203.0
276.9668224582906	201.0
276.9768230657092	199.0
276.9868236731278	199.0
276.99682428054643	201.0
277.006824887965	206.0
277.0168254953836	213.0
277.0268261028022	218.0
277.03682671022085	223.0
277.04682731763944	228.0
277.05682792505803	228.0
277.0668285324766	231.0
277.07682913989527	231.0
277.08682974731386	228.0
277.09683035473245	226.0
277.1068309621511	223.0
277.1168315695697	215.0
277.1268321769883	213.0
277.13683278440686	210.0
277.1468333918255	210.0
277.1568339992441	208.0
277.1668346066627	208.0
277.17683521408134	210.0
277.1868358214999	213.0
277.1968364289185	218.0
277.2068370363371	228.0
277.21683764375575	242.0
277.22683825117434	253.0
277.23683885859293	265.0
277.2468394660116	278.0
277.25684007343017	288.0
277.26684068084876	294.0
277.27684128826735	298.0
277.286841895686	298.0
277.2968425031046	288.0
277.3068431105232	278.0
277.3168437179418	265.0
277.3268443253604	253.0
277.336844932779	236.0
277.3468455401976	215.0
277.35684614761624	208.0
277.3668467550348	206.0
277.3768473624534	206.0
277.386847969872	208.0
277.39684857729065	215.0
277.40684918470924	228.0
277.41684979212783	239.0
277.4268503995465	250.0
277.43685100696507	262.0
277.44685161438366	268.0
277.45685222180225	272.0
277.4668528292209	275.0
277.4768534366395	275.0
277.4868540440581	272.0
277.4968546514767	268.0
277.5068552588953	265.0
277.5168558663139	262.0
277.5268564737325	262.0
277.53685708115114	0.0
277.54685768856973	0.0
277.5568582959883	0.0
277.56685890340697	0.0
277.57685951082556	0.0
277.58686011824415	0.0
277.59686072566274	0.0
277.6068613330814	0.0
277.6168619405	0.0
277.62686254791856	0.0
277.6368631553372	0.0
277.6468637627558	0.0
277.6568643701744	0.0
277.666864977593	0.0
277.6768655850116	0.0
277.6868661924302	0.0
277.6968667998488	0.0
277.70686740726745	0.0
277.71686801468604	0.0
277.72686862210463	0.0
277.7368692295232	0.0
277.74686983694187	0.0
277.75687044436046	0.0
277.76687105177905	0.0
277.77687165919764	0.0
277.7868722666163	0.0
277.7968728740349	0.0
277.80687348145347	0.0
277.8168740888721	0.0
277.8268746962907	0.0
277.8368753037093	0.0
277.8468759111279	0.0
277.8568765185465	0.0
277.8668771259651	0.0
277.8768777333837	0.0
277.88687834080235	0.0
277.89687894822094	0.0
277.90687955563953	0.0
277.9168801630581	0.0
277.92688077047677	0.0
277.93688137789536	0.0
277.94688198531395	0.0
277.9568825927326	0.0
277.9668832001512	0.0
277.9768838075698	0.0
277.98688441498837	0.0
277.996885022407	0.0
278.0068856298256	0.0
278.0168862372442	0.0
278.02688684466284	0.0
278.03688745208143	0.0
278.0468880595	0.0
278.0568886669186	0.0
278.06688927433726	0.0
278.07688988175585	0.0
278.08689048917444	0.0
278.0968910965931	0.0
278.1068917040117	0.0
278.11689231143026	0.0
278.12689291884885	0.0
278.1368935262675	0.0
278.1468941336861	334.0
278.1568947411047	334.0
278.16689534852327	334.0
278.1768959559419	334.0
278.1868965633605	334.0
278.1968971707791	334.0
278.20689777819774	334.0
278.21689838561633	334.0
278.2268989930349	338.0
278.2368996004535	338.0
278.24690020787216	0.0
278.25690081529075	0.0
278.26690142270934	0.0
278.276902030128	367.0
278.2869026375466	371.0
278.29690324496516	375.0
278.30690385238375	375.0
278.3169044598024	375.0
278.326905067221	371.0
278.3369056746396	371.0
278.3469062820582	363.0
278.3569068894768	358.0
278.3669074968954	350.0
278.376908104314	342.0
278.38690871173264	334.0
278.39690931915123	331.0
278.4069099265698	323.0
278.41691053398847	316.0
278.42691114140706	305.0
278.43691174882565	301.0
278.44691235624424	298.0
278.4569129636629	291.0
278.4669135710815	288.0
278.47691417850007	284.0
278.4869147859187	284.0
278.4969153933373	281.0
278.5069160007559	281.0
278.5169166081745	278.0
278.52691721559313	278.0
278.5369178230117	275.0
278.5469184304303	268.0
278.5569190378489	256.0
278.56691964526755	245.0
278.57692025268614	231.0
278.5869208601047	223.0
278.5969214675234	220.0
278.60692207494196	223.0
278.61692268236055	231.0
278.62692328977914	242.0
278.6369238971978	253.0
278.6469245046164	262.0
278.65692511203497	265.0
278.6669257194536	268.0
278.6769263268722	268.0
278.6869269342908	268.0
278.6969275417094	272.0
278.70692814912803	272.0
278.7169287565466	272.0
278.7269293639652	272.0
278.73692997138386	272.0
278.74693057880245	272.0
278.75693118622104	272.0
278.7669317936396	272.0
278.7769324010583	272.0
278.78693300847686	272.0
278.79693361589545	272.0
278.8069342233141	272.0
278.8169348307327	272.0
278.8269354381513	272.0
278.83693604556987	272.0
278.8469366529885	272.0
278.8569372604071	272.0
278.8669378678257	272.0
278.87693847524434	272.0
278.88693908266293	272.0
278.8969396900815	272.0
278.9069402975001	272.0
278.91694090491876	272.0
278.92694151233735	272.0
278.93694211975594	272.0
278.94694272717453	272.0
278.9569433345932	272.0
278.96694394201177	272.0
278.97694454943036	272.0
278.986945156849	272.0
278.9969457642676	272.0
279.0069463716862	272.0
279.0169469791048	272.0
279.0269475865234	272.0
279.036948193942	268.0
279.0469488013606	268.0
279.05694940877925	268.0
279.06695001619784	268.0
279.0769506236164	268.0
279.086951231035	268.0
279.09695183845366	268.0
279.10695244587225	265.0
279.11695305329084	265.0
279.1269536607095	265.0
279.1369542681281	265.0
279.14695487554667	268.0
279.15695548296526	275.0
279.1669560903839	291.0
279.1769566978025	308.0
279.1869573052211	327.0
279.19695791263973	342.0
279.2069585200583	358.0
279.2169591274769	380.0
279.2269597348955	398.0
279.23696034231415	407.0
279.24696094973274	412.0
279.2569615571513	412.0
279.26696216457	407.0
279.27696277198856	402.0
279.28696337940715	393.0
279.29696398682574	384.0
279.3069645942444	375.0
279.316965201663	371.0
279.32696580908157	367.0
279.33696641650016	363.0
279.3469670239188	358.0
279.3569676313374	354.0
279.366968238756	354.0
279.37696884617463	350.0
279.3869694535932	350.0
279.3969700610118	346.0
279.4069706684304	342.0
279.41697127584905	338.0
279.42697188326764	338.0
279.43697249068623	334.0
279.4469730981049	334.0
279.45697370552347	334.0
279.46697431294206	334.0
279.47697492036065	334.0
279.4869755277793	338.0
279.4969761351979	338.0
279.5069767426165	342.0
279.5169773500351	350.0
279.5269779574537	354.0
279.5369785648723	363.0
279.5469791722909	363.0
279.55697977970954	363.0
279.5669803871281	363.0
279.5769809945467	363.0
279.58698160196536	358.0
279.59698220938395	354.0
279.60698281680254	346.0
279.61698342422113	342.0
279.6269840316398	338.0
279.63698463905837	334.0
279.64698524647696	331.0
279.6569858538956	323.0
279.6669864613142	308.0
279.6769870687328	294.0
279.6869876761514	0.0
279.69698828357	0.0
279.7069888909886	0.0
279.7169894984072	0.0
279.7269901058258	0.0
279.73699071324444	0.0
279.746991320663	0.0
279.7569919280816	0.0
279.76699253550026	0.0
279.77699314291885	0.0
279.78699375033744	0.0
279.79699435775603	0.0
279.8069949651747	0.0
279.81699557259327	0.0
279.82699618001186	0.0
279.8369967874305	0.0
279.8469973948491	0.0
279.8569980022677	0.0
279.8669986096863	0.0
279.8769992171049	0.0
279.8869998245235	0.0
279.8970004319421	0.0
279.90700103936075	0.0
279.91700164677934	0.0
279.92700225419793	0.0
279.9370028616165	0.0
279.94700346903517	0.0
279.95700407645376	0.0
279.96700468387235	0.0
279.977005291291	0.0
279.9870058987096	0.0
279.9970065061282	0.0
280.00700711354676	0.0
280.0170077209654	0.0
280.027008328384	0.0
280.0370089358026	0.0
280.0470095432212	0.0
280.0570101506398	236.0
280.0670107580584	236.0
280.077011365477	236.0
280.08701197289565	236.0
280.09701258031424	236.0
280.10701318773283	239.0
280.1170137951514	242.0
280.12701440257007	248.0
280.13701500998866	250.0
280.14701561740725	256.0
280.1570162248259	262.0
280.1670168322445	268.0
280.1770174396631	275.0
280.18701804708166	288.0
280.1970186545003	301.0
280.2070192619189	312.0
280.2170198693375	323.0
280.22702047675614	334.0
280.2370210841747	342.0
280.2470216915933	346.0
280.2570222990119	350.0
280.26702290643055	354.0
280.27702351384914	354.0
280.28702412126773	354.0
280.2970247286864	350.0
280.30702533610497	338.0
280.31702594352356	334.0
280.32702655094215	334.0
280.3370271583608	331.0
280.3470277657794	327.0
280.357028373198	327.0
280.3670289806166	327.0
280.3770295880352	327.0
280.3870301954538	327.0
280.3970308028724	327.0
280.40703141029104	331.0
280.41703201770963	331.0
280.4270326251282	331.0
280.4370332325468	331.0
280.44703383996546	331.0
280.45703444738405	331.0
280.46703505480264	334.0
280.4770356622213	334.0
280.4870362696399	338.0
280.49703687705846	346.0
280.50703748447705	354.0
280.5170380918957	363.0
280.5270386993143	367.0
280.5370393067329	371.0
280.5470399141515	371.0
280.5570405215701	371.0
280.5670411289887	367.0
280.5770417364073	363.0
280.58704234382594	358.0
280.59704295124453	354.0
280.6070435586631	350.0
280.61704416608177	346.0
280.62704477350036	342.0
280.63704538091895	342.0
280.64704598833754	338.0
280.6570465957562	338.0
280.6670472031748	338.0
280.67704781059336	338.0
280.687048418012	338.0
280.6970490254306	334.0
280.7070496328492	334.0
280.7170502402678	334.0
280.7270508476864	334.0
280.737051455105	338.0
280.7470520625236	338.0
280.75705266994225	346.0
280.76705327736084	354.0
280.77705388477943	363.0
280.787054492198	375.0
280.79705509961667	384.0
280.80705570703526	398.0
280.81705631445385	407.0
280.82705692187244	417.0
280.8370575292911	417.0
280.8470581367097	417.0
280.85705874412827	417.0
280.8670593515469	412.0
280.8770599589655	402.0
280.8870605663841	389.0
280.8970611738027	380.0
280.90706178122133	371.0
280.9170623886399	367.0
280.9270629960585	363.0
280.93706360347716	354.0
280.94706421089575	350.0
280.95706481831434	350.0
280.9670654257329	346.0
280.9770660331516	342.0
280.98706664057016	342.0
280.99706724798875	342.0
281.0070678554074	338.0
281.017068462826	338.0
281.0270690702446	338.0
281.03706967766317	338.0
281.0470702850818	338.0
281.0570708925004	338.0
281.067071499919	338.0
281.07707210733764	342.0
281.08707271475623	346.0
281.0970733221748	350.0
281.1070739295934	358.0
281.11707453701206	363.0
281.12707514443065	367.0
281.13707575184924	371.0
281.1470763592679	375.0
281.1570769666865	375.0
281.16707757410506	375.0
281.17707818152365	375.0
281.1870787889423	371.0
281.1970793963609	367.0
281.2070800037795	363.0
281.21708061119807	358.0
281.2270812186167	354.0
281.2370818260353	350.0
281.2470824334539	342.0
281.25708304087254	331.0
281.26708364829113	319.0
281.2770842557097	312.0
281.2870848631283	301.0
281.29708547054696	294.0
281.30708607796555	288.0
281.31708668538414	284.0
281.3270872928028	278.0
281.3370879002214	278.0
281.34708850763997	275.0
281.35708911505856	275.0
281.3670897224772	272.0
281.3770903298958	272.0
281.3870909373144	272.0
281.39709154473303	272.0
281.4070921521516	272.0
281.4170927595702	268.0
281.4270933669888	268.0
281.43709397440745	265.0
281.44709458182604	265.0
281.4570951892446	262.0
281.4670957966633	256.0
281.47709640408186	253.0
281.48709701150045	250.0
281.49709761891904	259.0
281.5070982263377	278.0
281.5170988337563	308.0
281.52709944117487	327.0
281.5371000485935	350.0
281.5471006560121	363.0
281.5571012634307	367.0
281.5671018708493	371.0
281.57710247826793	367.0
281.5871030856865	367.0
281.5971036931051	363.0
281.6071043005237	358.0
281.61710490794235	354.0
281.62710551536094	354.0
281.6371061227795	350.0
281.6471067301982	346.0
281.65710733761676	342.0
281.66710794503535	342.0
281.67710855245394	342.0
281.6871091598726	338.0
281.6971097672912	338.0
281.70711037470977	338.0
281.7171109821284	338.0
281.727111589547	338.0
281.7371121969656	338.0
281.7471128043842	342.0
281.75711341180283	346.0
281.7671140192214	350.0
281.77711462664	354.0
281.78711523405866	363.0
281.79711584147725	367.0
281.80711644889584	367.0
281.81711705631443	371.0
281.8271176637331	367.0
281.83711827115167	363.0
281.84711887857026	354.0
281.8571194859889	346.0
281.8671200934075	334.0
281.8771207008261	316.0
281.8871213082447	294.0
281.8971219156633	281.0
281.9071225230819	272.0
281.9171231305005	268.0
281.92712373791915	268.0
281.93712434533774	278.0
281.9471249527563	291.0
281.9571255601749	301.0
281.96712616759356	316.0
281.97712677501215	331.0
281.98712738243074	342.0
281.99712798984933	350.0
282.007128597268	354.0
282.01712920468657	354.0
282.02712981210516	354.0
282.0371304195238	354.0
282.0471310269424	350.0
282.057131634361	350.0
282.0671322417796	346.0
282.0771328491982	346.0
282.0871334566168	346.0
282.0971340640354	342.0
282.10713467145405	342.0
282.11713527887264	342.0
282.1271358862912	338.0
282.1371364937098	334.0
282.14713710112846	331.0
282.15713770854705	327.0
282.16713831596564	319.0
282.1771389233843	312.0
282.1871395308029	305.0
282.19714013822147	301.0
282.20714074564006	305.0
282.2171413530587	312.0
282.2271419604773	323.0
282.2371425678959	338.0
282.24714317531453	350.0
282.2571437827331	363.0
282.2671443901517	375.0
282.2771449975703	384.0
282.28714560498895	393.0
282.29714621240754	398.0
282.30714681982613	402.0
282.3171474272448	402.0
282.32714803466337	402.0
282.33714864208196	402.0
282.34714924950055	402.0
282.3571498569192	402.0
282.3671504643378	402.0
282.3771510717564	402.0
282.38715167917496	407.0
282.3971522865936	407.0
282.4071528940122	407.0
282.4171535014308	412.0
282.42715410884944	412.0
282.437154716268	412.0
282.4471553236866	412.0
282.4571559311052	412.0
282.46715653852385	412.0
282.47715714594244	412.0
282.48715775336103	412.0
282.4971583607797	407.0
282.50715896819827	407.0
282.51715957561686	407.0
282.52716018303545	407.0
282.5371607904541	402.0
282.5471613978727	402.0
282.5571620052913	402.0
282.5671626127099	402.0
282.5771632201285	402.0
282.5871638275471	407.0
282.5971644349657	407.0
282.60716504238434	407.0
282.6171656498029	407.0
282.6271662572215	407.0
282.63716686464016	407.0
282.64716747205875	407.0
282.65716807947734	407.0
282.66716868689593	407.0
282.6771692943146	407.0
282.68716990173317	407.0
282.69717050915176	412.0
282.70717111657035	412.0
282.717171723989	412.0
282.7271723314076	412.0
282.7371729388262	407.0
282.7471735462448	407.0
282.7571741536634	398.0
282.767174761082	389.0
282.7771753685006	358.0
282.78717597591924	323.0
282.79717658333783	0.0
282.8071771907564	0.0
282.81717779817507	0.0
282.82717840559366	0.0
282.83717901301225	0.0
282.84717962043084	0.0
282.8571802278495	393.0
282.8671808352681	380.0
282.87718144268666	371.0
282.8871820501053	371.0
282.8971826575239	363.0
282.9071832649425	358.0
282.9171838723611	350.0
282.9271844797797	342.0
282.9371850871983	338.0
282.9471856946169	334.0
282.95718630203555	331.0
282.96718690945414	327.0
282.97718751687273	327.0
282.9871881242913	327.0
282.99718873170997	327.0
283.00718933912856	331.0
283.01718994654715	334.0
283.0271905539658	338.0
283.0371911613844	342.0
283.047191768803	354.0
283.05719237622156	358.0
283.0671929836402	367.0
283.0771935910588	371.0
283.0871941984774	371.0
283.097194805896	375.0
283.1071954133146	371.0
283.1171960207332	371.0
283.1271966281518	367.0
283.13719723557045	358.0
283.14719784298904	350.0
283.15719845040763	342.0
283.1671990578262	338.0
283.17719966524487	334.0
283.18720027266346	331.0
283.19720088008205	331.0
283.2072014875007	331.0
283.2172020949193	331.0
283.2272027023379	331.0
283.23720330975647	334.0
283.2472039171751	334.0
283.2572045245937	338.0
283.2672051320123	342.0
283.27720573943094	350.0
283.28720634684953	363.0
283.2972069542681	371.0
283.3072075616867	380.0
283.31720816910536	393.0
283.32720877652395	402.0
283.33720938394254	407.0
283.3472099913612	407.0
283.3572105987798	407.0
283.36721120619836	407.0
283.37721181361695	407.0
283.3872124210356	402.0
283.3972130284542	402.0
283.4072136358728	402.0
283.4172142432914	402.0
283.42721485071	402.0
283.4372154581286	402.0
283.4472160655472	402.0
283.45721667296584	402.0
283.46721728038443	402.0
283.477217887803	402.0
283.4872184952216	402.0
283.49721910264026	402.0
283.50721971005885	407.0
283.51722031747744	407.0
283.5272209248961	407.0
283.5372215323147	407.0
283.54722213973326	407.0
283.55722274715185	407.0
283.5672233545705	407.0
283.5772239619891	407.0
283.5872245694077	402.0
283.5972251768263	402.0
283.6072257842449	402.0
283.6172263916635	402.0
283.6272269990821	402.0
283.63722760650074	402.0
283.64722821391933	407.0
283.6572288213379	407.0
283.66722942875657	407.0
283.67723003617516	407.0
283.68723064359375	407.0
283.69723125101234	407.0
283.707231858431	407.0
283.7172324658496	407.0
283.72723307326817	402.0
283.7372336806868	402.0
283.7472342881054	402.0
283.757234895524	402.0
283.7672355029426	398.0
283.77723611036123	393.0
283.7872367177798	389.0
283.7972373251984	380.0
283.80723793261706	367.0
283.81723854003565	350.0
283.82723914745424	338.0
283.8372397548728	327.0
283.8472403622915	319.0
283.85724096971006	312.0
283.86724157712865	308.0
283.87724218454724	312.0
283.8872427919659	316.0
283.8972433993845	327.0
283.90724400680307	338.0
283.9172446142217	354.0
283.9272452216403	371.0
283.9372458290589	389.0
283.9472464364775	402.0
283.95724704389613	412.0
283.9672476513147	417.0
283.9772482587333	417.0
283.98724886615196	417.0
283.99724947357055	417.0
284.00725008098914	412.0
284.0172506884077	407.0
284.0272512958264	398.0
284.03725190324496	389.0
284.04725251066355	375.0
284.0572531180822	371.0
284.0672537255008	363.0
284.0772543329194	354.0
284.08725494033797	346.0
284.0972555477566	338.0
284.1072561551752	334.0
284.1172567625938	334.0
284.12725737001244	331.0
284.13725797743103	331.0
284.1472585848496	331.0
284.1572591922682	331.0
284.16725979968686	334.0
284.17726040710545	331.0
284.18726101452404	334.0
284.1972616219427	334.0
284.2072622293613	342.0
284.21726283677987	350.0
284.22726344419846	363.0
284.2372640516171	371.0
284.2472646590357	380.0
284.2572652664543	389.0
284.2672658738729	393.0
284.2772664812915	389.0
284.2872670887101	367.0
284.2972676961287	346.0
284.30726830354735	334.0
284.31726891096594	327.0
284.3272695183845	268.0
284.3372701258031	256.0
284.34727073322176	245.0
284.35727134064035	242.0
284.36727194805894	242.0
284.3772725554776	250.0
284.3872731628962	268.0
284.39727377031477	275.0
284.40727437773336	281.0
284.417274985152	281.0
284.4272755925706	281.0
284.4372761999892	281.0
284.44727680740783	278.0
284.4572774148264	278.0
284.467278022245	275.0
284.4772786296636	275.0
284.48727923708225	272.0
284.49727984450084	268.0
284.5072804519194	268.0
284.5172810593381	268.0
284.52728166675666	265.0
284.53728227417525	268.0
284.54728288159384	268.0
284.5572834890125	268.0
284.5672840964311	272.0
284.57728470384967	272.0
284.5872853112683	272.0
284.5972859186869	268.0
284.6072865261055	265.0
284.6172871335241	262.0
284.62728774094273	0.0
284.6372883483613	0.0
284.6472889557799	0.0
284.6572895631985	0.0
284.66729017061715	0.0
284.67729077803574	0.0
284.68729138545433	0.0
284.697291992873	0.0
284.70729260029157	0.0
284.71729320771016	0.0
284.72729381512875	0.0
284.7372944225474	0.0
284.747295029966	0.0
284.7572956373846	0.0
284.7672962448032	0.0
284.7772968522218	0.0
284.7872974596404	0.0
284.797298067059	0.0
284.80729867447764	0.0
284.8172992818962	0.0
284.8272998893148	0.0
284.83730049673346	0.0
284.84730110415205	0.0
284.85730171157064	0.0
284.86730231898923	0.0
284.8773029264079	0.0
284.88730353382647	0.0
284.89730414124506	0.0
284.9073047486637	0.0
284.9173053560823	0.0
284.9273059635009	0.0
284.9373065709195	0.0
284.9473071783381	0.0
284.9573077857567	0.0
284.9673083931753	0.0
284.97730900059395	253.0
284.98730960801254	250.0
284.9973102154311	250.0
285.0073108228497	250.0
285.01731143026836	253.0
285.02731203768695	259.0
285.03731264510554	268.0
285.04731325252413	275.0
285.0573138599428	278.0
285.06731446736137	278.0
285.07731507477996	275.0
285.0873156821986	275.0
285.0973162896172	275.0
285.1073168970358	275.0
285.1173175044544	272.0
285.127318111873	272.0
285.1373187192916	272.0
285.1473193267102	272.0
285.15731993412885	272.0
285.16732054154744	272.0
285.17732114896603	272.0
285.1873217563846	272.0
285.19732236380327	272.0
285.20732297122186	272.0
285.21732357864045	272.0
285.2273241860591	272.0
285.2373247934777	272.0
285.2473254008963	272.0
285.25732600831486	268.0
285.2673266157335	268.0
285.2773272231521	265.0
285.2873278305707	265.0
285.29732843798934	259.0
285.3073290454079	256.0
285.3173296528265	250.0
285.3273302602451	248.0
285.33733086766375	242.0
285.34733147508234	236.0
285.35733208250093	231.0
285.3673326899195	223.0
285.37733329733817	220.0
285.38733390475676	218.0
285.39733451217535	215.0
285.407335119594	218.0
285.4173357270126	218.0
285.4273363344312	220.0
285.43733694184976	226.0
285.4473375492684	228.0
285.457338156687	239.0
285.4673387641056	242.0
285.47733937152424	250.0
285.4873399789428	259.0
285.4973405863614	272.0
285.50734119378	278.0
285.51734180119865	284.0
285.52734240861724	284.0
285.53734301603583	284.0
285.5473436234545	281.0
285.55734423087307	275.0
285.56734483829166	268.0
285.57734544571025	262.0
285.5873460531289	256.0
285.5973466605475	250.0
285.6073472679661	245.0
285.6173478753847	239.0
285.6273484828033	234.0
285.6373490902219	231.0
285.6473496976405	226.0
285.65735030505914	223.0
285.66735091247773	220.0
285.6773515198963	218.0
285.68735212731497	220.0
285.69735273473356	223.0
285.70735334215215	226.0
285.71735394957074	234.0
285.7273545569894	239.0
285.737355164408	253.0
285.74735577182656	278.0
285.75735637924515	291.0
285.7673569866638	301.0
285.7773575940824	305.0
285.787358201501	301.0
285.7973588089196	298.0
285.8073594163382	291.0
285.8173600237568	275.0
285.8273606311754	256.0
285.83736123859404	248.0
285.84736184601263	234.0
285.8573624534312	218.0
285.86736306084987	206.0
285.87736366826846	201.0
285.88736427568705	201.0
285.89736488310564	203.0
285.9073654905243	206.0
285.9173660979429	210.0
285.92736670536146	213.0
285.9373673127801	218.0
285.9473679201987	223.0
285.9573685276173	228.0
285.9673691350359	231.0
285.9773697424545	234.0
285.9873703498731	236.0
285.9973709572917	236.0
286.00737156471035	239.0
286.01737217212894	239.0
286.02737277954753	239.0
286.0373733869661	239.0
286.04737399438477	239.0
286.05737460180336	239.0
286.06737520922195	239.0
286.0773758166406	242.0
286.0873764240592	242.0
286.0973770314778	245.0
286.10737763889637	248.0
286.117378246315	248.0
286.1273788537336	250.0
286.1373794611522	250.0
286.1473800685708	248.0
286.15738067598943	245.0
286.167381283408	242.0
286.1773818908266	236.0
286.18738249824526	231.0
286.19738310566385	228.0
286.20738371308244	223.0
286.217384320501	223.0
286.2273849279197	223.0
286.23738553533826	223.0
286.24738614275685	226.0
286.2573867501755	226.0
286.2673873575941	226.0
286.2773879650127	226.0
286.28738857243127	226.0
286.2973891798499	226.0
286.3073897872685	226.0
286.3173903946871	226.0
286.32739100210574	228.0
286.33739160952433	228.0
286.3473922169429	226.0
286.3573928243615	226.0
286.36739343178016	226.0
286.37739403919875	226.0
286.38739464661734	223.0
286.397395254036	223.0
286.4073958614546	223.0
286.41739646887316	223.0
286.42739707629175	223.0
286.4373976837104	226.0
286.447398291129	228.0
286.4573988985476	231.0
286.4673995059662	234.0
286.4774001133848	236.0
286.4874007208034	239.0
286.497401328222	239.0
286.50740193564064	242.0
286.51740254305923	242.0
286.5274031504778	242.0
286.5374037578964	242.0
286.54740436531506	239.0
286.55740497273365	239.0
286.56740558015224	236.0
286.5774061875709	234.0
286.5874067949895	231.0
286.59740740240807	228.0
286.60740800982666	226.0
286.6174086172453	220.0
286.6274092246639	218.0
286.6374098320825	213.0
286.64741043950113	210.0
286.6574110469197	208.0
286.6674116543383	206.0
286.6774122617569	203.0
286.68741286917555	201.0
286.69741347659414	201.0
286.7074140840127	199.0
286.7174146914314	199.0
286.72741529884996	199.0
286.73741590626855	199.0
286.74741651368714	196.0
286.7574171211058	196.0
286.7674177285244	196.0
286.77741833594297	199.0
286.7874189433616	201.0
286.7974195507802	203.0
286.8074201581988	206.0
286.8174207656174	208.0
286.82742137303603	210.0
286.8374219804546	213.0
286.8474225878732	218.0
286.85742319529186	223.0
286.86742380271045	228.0
286.87742441012904	231.0
286.8874250175476	234.0
286.8974256249663	236.0
286.90742623238486	236.0
286.91742683980345	234.0
286.92742744722204	234.0
286.9374280546407	231.0
286.9474286620593	228.0
286.95742926947787	228.0
286.9674298768965	228.0
286.9774304843151	228.0
286.9874310917337	226.0
286.9974316991523	226.0
287.00743230657093	226.0
287.0174329139895	226.0
287.0274335214081	226.0
287.03743412882676	226.0
287.04743473624535	226.0
287.05743534366394	226.0
287.06743595108253	226.0
287.0774365585012	226.0
287.08743716591977	226.0
287.09743777333836	226.0
287.107438380757	226.0
287.1174389881756	226.0
287.1274395955942	226.0
287.1374402030128	228.0
287.1474408104314	228.0
287.15744141785	231.0
287.1674420252686	234.0
287.17744263268725	236.0
287.18744324010584	239.0
287.1974438475244	242.0
287.207444454943	245.0
287.21744506236166	245.0
287.22744566978025	245.0
287.23744627719884	245.0
287.2474468846175	242.0
287.2574474920361	239.0
287.26744809945467	236.0
287.27744870687326	234.0
287.2874493142919	231.0
287.2974499217105	228.0
287.3074505291291	228.0
287.3174511365477	228.0
287.3274517439663	226.0
287.3374523513849	226.0
287.3474529588035	226.0
287.35745356622215	226.0
287.36745417364074	226.0
287.3774547810593	226.0
287.3874553884779	226.0
287.39745599589656	226.0
287.40745660331515	226.0
287.41745721073374	226.0
287.4274578181524	223.0
287.437458425571	223.0
287.44745903298957	218.0
287.45745964040816	213.0
287.4674602478268	210.0
287.4774608552454	213.0
287.487461462664	234.0
287.49746207008263	236.0
287.5074626775012	239.0
287.5174632849198	242.0
287.5274638923384	242.0
287.53746449975705	245.0
287.54746510717564	245.0
287.55746571459423	248.0
287.5674663220129	248.0
287.57746692943147	248.0
287.58746753685006	248.0
287.59746814426865	248.0
287.6074687516873	248.0
287.6174693591059	248.0
287.6274699665245	245.0
287.6374705739431	245.0
287.6474711813617	242.0
287.6574717887803	239.0
287.6674723961989	236.0
287.67747300361754	234.0
287.6874736110361	231.0
287.6974742184547	228.0
287.7074748258733	226.0
287.71747543329195	223.0
287.72747604071054	218.0
287.73747664812913	215.0
287.7474772555478	213.0
287.75747786296637	210.0
287.76747847038496	208.0
287.77747907780355	206.0
287.7874796852222	203.0
287.7974802926408	203.0
287.8074809000594	201.0
287.817481507478	201.0
287.8274821148966	199.0
287.8374827223152	199.0
287.8474833297338	201.0
287.85748393715244	201.0
287.867484544571	203.0
287.8774851519896	206.0
287.88748575940826	210.0
287.89748636682685	215.0
287.90748697424544	220.0
287.91748758166403	226.0
287.9274881890827	228.0
287.93748879650127	231.0
287.94748940391986	231.0
287.9574900113385	231.0
287.9674906187571	231.0
287.9774912261757	231.0
287.9874918335943	228.0
287.9974924410129	228.0
288.0074930484315	228.0
288.0174936558501	228.0
288.0274942632687	228.0
288.03749487068734	228.0
288.04749547810593	228.0
288.0574960855245	228.0
288.06749669294317	226.0
288.07749730036176	226.0
288.08749790778035	226.0
288.09749851519894	226.0
288.1074991226176	226.0
288.1174997300362	223.0
288.12750033745476	223.0
288.1375009448734	223.0
288.147501552292	223.0
288.1575021597106	223.0
288.1675027671292	226.0
288.1775033745478	226.0
288.1875039819664	228.0
288.197504589385	231.0
288.20750519680365	234.0
288.21750580422224	236.0
288.22750641164083	239.0
288.2375070190594	239.0
288.24750762647807	242.0
288.25750823389666	239.0
288.26750884131525	239.0
288.2775094487339	236.0
288.2875100561525	234.0
288.2975106635711	231.0
288.30751127098966	228.0
288.3175118784083	226.0
288.3275124858269	226.0
288.3375130932455	226.0
288.34751370066414	223.0
288.3575143080827	223.0
288.3675149155013	223.0
288.3775155229199	220.0
288.38751613033855	218.0
288.39751673775714	213.0
288.40751734517573	206.0
288.4175179525943	0.0
288.42751856001297	0.0
288.43751916743156	0.0
288.44751977485015	0.0
288.4575203822688	0.0
288.4675209896874	0.0
288.477521597106	0.0
288.48752220452457	0.0
288.4975228119432	0.0
288.5075234193618	253.0
288.5175240267804	256.0
288.52752463419904	253.0
288.53752524161763	250.0
288.5475258490362	250.0
288.5575264564548	248.0
288.56752706387346	245.0
288.57752767129205	242.0
288.58752827871064	236.0
288.5975288861293	234.0
288.6075294935479	231.0
288.61753010096646	231.0
288.62753070838505	228.0
288.6375313158037	228.0
288.6475319232223	226.0
288.6575325306409	226.0
288.6675331380595	223.0
288.6775337454781	223.0
288.6875343528967	223.0
288.6975349603153	223.0
288.70753556773394	223.0
288.71753617515253	223.0
288.7275367825711	226.0
288.73753738998977	228.0
288.74753799740836	231.0
288.75753860482695	234.0
288.76753921224554	239.0
288.7775398196642	242.0
288.7875404270828	245.0
288.79754103450136	245.0
288.80754164191995	245.0
288.8175422493386	242.0
288.8275428567572	239.0
288.8375434641758	236.0
288.8475440715944	234.0
288.857544679013	231.0
288.8675452864316	228.0
288.8775458938502	228.0
288.88754650126884	226.0
288.89754710868743	223.0
288.907547716106	220.0
288.91754832352467	220.0
288.92754893094326	218.0
288.93754953836185	218.0
288.94755014578044	215.0
288.9575507531991	213.0
288.9675513606177	213.0
288.97755196803627	210.0
288.9875525754549	210.0
288.9975531828735	208.0
289.0075537902921	208.0
289.0175543977107	206.0
289.02755500512933	203.0
289.0375556125479	203.0
289.0475562199665	203.0
289.05755682738516	201.0
289.06755743480375	201.0
289.07755804222234	203.0
289.0875586496409	203.0
289.0975592570596	203.0
289.10755986447816	203.0
289.11756047189675	206.0
289.1275610793154	206.0
289.137561686734	206.0
289.1475622941526	0.0
289.15756290157117	0.0
289.1675635089898	0.0
289.1775641164084	0.0
289.187564723827	0.0
289.1975653312456	0.0
289.20756593866423	0.0
289.2175665460828	0.0
289.2275671535014	0.0
289.23756776092006	0.0
289.24756836833865	0.0
289.25756897575724	0.0
289.2675695831758	0.0
289.2775701905945	0.0
289.28757079801306	0.0
289.29757140543165	0.0
289.3075720128503	0.0
289.3175726202689	0.0
289.3275732276875	0.0
289.33757383510607	0.0
289.3475744425247	0.0
289.3575750499433	0.0
289.3675756573619	0.0
289.37757626478054	0.0
289.38757687219913	0.0
289.3975774796177	0.0
289.4075780870363	0.0
289.41757869445496	0.0
289.42757930187355	0.0
289.43757990929214	0.0
289.4475805167108	0.0
289.4575811241294	0.0
289.46758173154797	0.0
289.47758233896656	0.0
289.4875829463852	0.0
289.4975835538038	0.0
289.5075841612224	0.0
289.51758476864103	0.0
289.5275853760596	0.0
289.5375859834782	0.0
289.5475865908968	0.0
289.55758719831545	0.0
289.56758780573404	0.0
289.5775884131526	0.0
289.5875890205712	0.0
289.59758962798986	0.0
289.60759023540845	0.0
289.61759084282704	0.0
289.6275914502457	0.0
289.6375920576643	0.0
289.64759266508287	0.0
289.65759327250146	0.0
289.6675938799201	0.0
289.6775944873387	0.0
289.6875950947573	0.0
289.69759570217593	0.0
289.7075963095945	0.0
289.7175969170131	0.0
289.7275975244317	0.0
289.73759813185035	0.0
289.74759873926894	0.0
289.7575993466875	0.0
289.7675999541062	0.0
289.77760056152476	0.0
289.78760116894335	0.0
289.79760177636194	0.0
289.8076023837806	0.0
289.8176029911992	0.0
289.82760359861777	0.0
289.8376042060364	398.0
289.847604813455	398.0
289.8576054208736	398.0
289.8676060282922	0.0
289.87760663571083	0.0
289.8876072431294	402.0
289.897607850548	402.0
289.90760845796666	402.0
289.91760906538525	402.0
289.92760967280384	402.0
289.93761028022243	402.0
289.9476108876411	402.0
289.95761149505967	402.0
289.96761210247826	402.0
289.97761270989685	402.0
289.9876133173155	402.0
289.9976139247341	402.0
290.0076145321527	402.0
290.0176151395713	402.0
290.0276157469899	402.0
290.0376163544085	402.0
290.0476169618271	402.0
290.05761756924574	402.0
290.0676181766643	402.0
290.0776187840829	402.0
290.08761939150156	402.0
290.09761999892015	407.0
290.10762060633874	407.0
290.11762121375733	407.0
290.127621821176	402.0
290.13762242859457	402.0
290.14762303601316	393.0
290.1576236434318	384.0
290.1676242508504	371.0
290.177624858269	0.0
290.1876254656876	0.0
290.1976260731062	0.0
290.2076266805248	0.0
290.2176272879434	0.0
290.22762789536205	0.0
290.23762850278064	0.0
290.2476291101992	0.0
290.2576297176178	0.0
290.26763032503646	412.0
290.27763093245505	417.0
290.28763153987364	412.0
290.29763214729223	412.0
290.3076327547109	412.0
290.31763336212947	412.0
290.32763396954806	412.0
290.3376345769667	412.0
290.3476351843853	412.0
290.3576357918039	412.0
290.3676363992225	412.0
290.3776370066411	407.0
290.3876376140597	407.0
290.3976382214783	407.0
290.40763882889695	407.0
290.41763943631554	402.0
290.42764004373413	402.0
290.4376406511527	407.0
290.44764125857137	407.0
290.45764186598996	407.0
290.46764247340855	407.0
290.4776430808272	407.0
290.4876436882458	407.0
290.4976442956644	402.0
290.50764490308296	402.0
290.5176455105016	398.0
290.5276461179202	393.0
290.5376467253388	389.0
290.54764733275744	380.0
290.557647940176	375.0
290.5676485475946	375.0
290.5776491550132	371.0
290.58764976243185	375.0
290.59765036985044	398.0
290.60765097726903	417.0
290.6176515846877	431.0
290.62765219210627	436.0
290.63765279952486	447.0
290.64765340694345	457.0
290.6576540143621	457.0
290.6676546217807	457.0
290.6776552291993	457.0
290.68765583661786	457.0
290.6976564440365	452.0
290.7076570514551	452.0
290.7176576588737	452.0
290.72765826629234	452.0
290.7376588737109	452.0
290.7476594811295	452.0
290.7576600885481	452.0
290.76766069596675	452.0
290.77766130338534	452.0
290.78766191080393	452.0
290.7976625182226	452.0
290.80766312564117	452.0
290.81766373305976	452.0
290.82766434047835	452.0
290.837664947897	452.0
290.8476655553156	447.0
290.8576661627342	447.0
290.8676667701528	441.0
290.8776673775714	431.0
290.88766798499	441.0
290.8976685924086	452.0
290.90766919982724	457.0
290.91766980724583	468.0
290.9276704146644	479.0
290.93767102208307	479.0
290.94767162950166	479.0
290.95767223692025	479.0
290.96767284433884	479.0
290.9776734517575	479.0
290.9876740591761	479.0
290.99767466659466	479.0
291.0076752740133	479.0
291.0176758814319	473.0
291.0276764888505	473.0
291.0376770962691	462.0
291.0476777036877	457.0
291.0576783111063	457.0
291.0676789185249	452.0
291.0776795259435	452.0
291.08768013336214	452.0
291.09768074078073	452.0
291.1076813481993	452.0
291.11768195561797	452.0
291.12768256303656	452.0
291.13768317045515	447.0
291.14768377787374	447.0
291.1576843852924	447.0
291.167684992711	447.0
291.17768560012956	441.0
291.1876862075482	431.0
291.1976868149668	398.0
291.2076874223854	384.0
291.217688029804	0.0
291.2276886372226	0.0
291.2376892446412	0.0
291.2476898520598	0.0
291.25769045947845	462.0
291.26769106689704	468.0
291.27769167431563	479.0
291.2876922817342	484.0
291.29769288915287	484.0
291.30769349657146	484.0
291.31769410399005	484.0
291.3276947114087	484.0
291.3376953188273	484.0
291.3476959262459	484.0
291.35769653366447	484.0
291.3676971410831	484.0
291.3776977485017	479.0
291.3876983559203	479.0
291.39769896333894	473.0
291.40769957075753	468.0
291.4177001781761	462.0
291.4277007855947	447.0
291.43770139301336	431.0
291.44770200043195	417.0
291.45770260785054	402.0
291.4677032152691	393.0
291.4777038226878	389.0
291.48770443010636	389.0
291.49770503752495	393.0
291.5077056449436	393.0
291.5177062523622	398.0
291.5277068597808	402.0
291.53770746719937	402.0
291.547708074618	407.0
291.5577086820366	407.0
291.5677092894552	407.0
291.57770989687384	407.0
291.58771050429243	402.0
291.597711111711	393.0
291.6077117191296	375.0
291.61771232654826	367.0
291.62771293396685	363.0
291.63771354138544	363.0
291.6477141488041	367.0
291.6577147562227	371.0
291.66771536364126	384.0
291.67771597105985	412.0
291.6877165784785	426.0
291.6977171858971	436.0
291.7077177933157	447.0
291.7177184007343	452.0
291.7277190081529	457.0
291.7377196155715	462.0
291.7477202229901	462.0
291.75772083040874	457.0
291.76772143782733	457.0
291.7777220452459	452.0
291.78772265266457	452.0
291.79772326008316	452.0
291.80772386750175	452.0
291.81772447492034	452.0
291.827725082339	447.0
291.8377256897576	447.0
291.84772629717617	447.0
291.85772690459476	447.0
291.8677275120134	447.0
291.877728119432	452.0
291.8877287268506	452.0
291.89772933426923	452.0
291.9077299416878	457.0
291.9177305491064	457.0
291.927731156525	457.0
291.93773176394365	462.0
291.94773237136224	457.0
291.9577329787808	452.0
291.9677335861995	431.0
291.97773419361806	417.0
291.98773480103665	412.0
291.99773540845524	0.0
292.0077360158739	0.0
292.0177366232925	0.0
292.02773723071107	0.0
292.0377378381297	0.0
292.0477384455483	0.0
292.0577390529669	0.0
292.0677396603855	0.0
292.07774026780413	0.0
292.0877408752227	0.0
292.0977414826413	0.0
292.10774209005996	0.0
292.11774269747855	0.0
292.12774330489714	0.0
292.1377439123157	0.0
292.1477445197344	0.0
292.15774512715296	0.0
292.16774573457155	0.0
292.1777463419902	0.0
292.1877469494088	0.0
292.1977475568274	0.0
292.20774816424597	0.0
292.2177487716646	0.0
292.2277493790832	0.0
292.2377499865018	0.0
292.2477505939204	0.0
292.25775120133903	272.0
292.2677518087576	268.0
292.2777524161762	268.0
292.28775302359486	275.0
292.29775363101345	291.0
292.30775423843204	305.0
292.31775484585063	308.0
292.3277554532693	316.0
292.33775606068787	319.0
292.34775666810646	323.0
292.3577572755251	331.0
292.3677578829437	334.0
292.3777584903623	338.0
292.3877590977809	342.0
292.3977597051995	346.0
292.4077603126181	354.0
292.4177609200367	363.0
292.42776152745535	367.0
292.43776213487394	375.0
292.4477627422925	389.0
292.4577633497111	402.0
292.46776395712976	417.0
292.47776456454835	426.0
292.48776517196694	441.0
292.4977657793856	457.0
292.5077663868042	468.0
292.51776699422277	479.0
292.52776760164136	484.0
292.53776820906	484.0
292.5477688164786	479.0
292.5577694238972	468.0
292.56777003131583	447.0
292.5777706387344	421.0
292.587771246153	0.0
292.5977718535716	0.0
292.60777246099025	0.0
292.61777306840884	0.0
292.6277736758274	0.0
292.637774283246	0.0
292.64777489066466	0.0
292.65777549808325	393.0
292.66777610550184	398.0
292.6777767129205	398.0
292.6877773203391	402.0
292.69777792775767	402.0
292.70777853517626	402.0
292.7177791425949	407.0
292.7277797500135	407.0
292.7377803574321	407.0
292.74778096485073	402.0
292.7577815722693	402.0
292.7677821796879	402.0
292.7777827871065	402.0
292.78778339452515	402.0
292.79778400194374	402.0
292.80778460936233	402.0
292.817785216781	402.0
292.82778582419957	402.0
292.83778643161816	402.0
292.84778703903675	402.0
292.8577876464554	402.0
292.867788253874	402.0
292.8777888612926	402.0
292.8877894687112	402.0
292.8977900761298	398.0
292.9077906835484	393.0
292.917791290967	371.0
292.92779189838564	350.0
292.9377925058042	342.0
292.9477931132228	389.0
292.9577937206414	393.0
292.96779432806005	398.0
292.97779493547864	402.0
292.98779554289723	407.0
292.9977961503159	407.0
293.00779675773447	407.0
293.01779736515306	407.0
293.02779797257165	407.0
293.0377985799903	407.0
293.0477991874089	407.0
293.0577997948275	407.0
293.0678004022461	407.0
293.0778010096647	407.0
293.0878016170833	402.0
293.0978022245019	402.0
293.10780283192054	393.0
293.1178034393391	389.0
293.1278040467577	375.0
293.13780465417636	371.0
293.14780526159495	363.0
293.15780586901354	354.0
293.16780647643213	350.0
293.1778070838508	346.0
293.18780769126937	342.0
293.19780829868796	338.0
293.2078089061066	338.0
293.2178095135252	338.0
293.2278101209438	338.0
293.2378107283624	338.0
293.247811335781	334.0
293.2578119431996	327.0
293.2678125506182	323.0
293.27781315803685	327.0
293.28781376545544	331.0
293.29781437287403	342.0
293.3078149802926	350.0
293.31781558771127	358.0
293.32781619512986	367.0
293.33781680254845	371.0
293.34781740996704	371.0
293.3578180173857	367.0
293.3678186248043	367.0
293.37781923222286	363.0
293.3878198396415	363.0
293.3978204470601	358.0
293.4078210544787	354.0
293.4178216618973	346.0
293.4278222693159	342.0
293.4378228767345	334.0
293.4478234841531	327.0
293.45782409157175	319.0
293.46782469899034	308.0
293.47782530640893	301.0
293.4878259138275	294.0
293.49782652124617	288.0
293.50782712866476	281.0
293.51782773608335	278.0
293.527828343502	275.0
293.5378289509206	275.0
293.5478295583392	275.0
293.55783016575776	272.0
293.5678307731764	272.0
293.577831380595	272.0
293.5878319880136	272.0
293.59783259543224	268.0
293.6078332028508	265.0
293.6178338102694	262.0
293.627834417688	256.0
293.63783502510665	253.0
293.64783563252524	253.0
293.65783623994383	253.0
293.6678368473625	256.0
293.67783745478107	0.0
293.68783806219966	0.0
293.69783866961825	367.0
293.7078392770369	367.0
293.7178398844555	363.0
293.7278404918741	358.0
293.73784109929267	350.0
293.7478417067113	342.0
293.7578423141299	338.0
293.7678429215485	334.0
293.77784352896714	331.0
293.78784413638573	331.0
293.7978447438043	331.0
293.8078453512229	334.0
293.81784595864156	338.0
293.82784656606015	342.0
293.83784717347874	346.0
293.8478477808974	350.0
293.857848388316	354.0
293.86784899573456	350.0
293.87784960315315	346.0
293.8878502105718	338.0
293.8978508179904	334.0
293.907851425409	331.0
293.9178520328276	327.0
293.9278526402462	327.0
293.9378532476648	327.0
293.9478538550834	323.0
293.95785446250204	323.0
293.96785506992063	0.0
293.9778556773392	0.0
293.98785628475787	0.0
293.99785689217646	0.0
294.00785749959505	0.0
294.01785810701364	0.0
294.0278587144323	0.0
294.0378593218509	0.0
294.04785992926946	0.0
294.0578605366881	0.0
294.0678611441067	0.0
294.0778617515253	0.0
294.0878623589439	0.0
294.0978629663625	407.0
294.1078635737811	412.0
294.1178641811997	412.0
294.1278647886183	407.0
294.13786539603694	407.0
294.14786600345553	407.0
294.1578666108741	407.0
294.16786721829277	407.0
294.17786782571136	407.0
294.18786843312995	407.0
294.19786904054854	407.0
294.2078696479672	407.0
294.2178702553858	407.0
294.22787086280437	407.0
294.237871470223	407.0
294.2478720776416	407.0
294.2578726850602	407.0
294.2678732924788	407.0
294.27787389989743	407.0
294.287874507316	407.0
294.2978751147346	407.0
294.30787572215326	407.0
294.31787632957185	407.0
294.32787693699044	407.0
294.337877544409	407.0
294.3478781518277	407.0
294.35787875924626	407.0
294.36787936666485	407.0
294.3778799740835	402.0
294.3878805815021	402.0
294.3978811889207	402.0
294.40788179633927	402.0
294.4178824037579	402.0
294.4278830111765	402.0
294.4378836185951	402.0
294.44788422601374	402.0
294.45788483343233	402.0
294.4678854408509	402.0
294.4778860482695	402.0
294.48788665568816	402.0
294.49788726310675	402.0
294.50788787052534	402.0
294.5178884779439	402.0
294.5278890853626	402.0
294.53788969278116	402.0
294.54789030019975	402.0
294.5578909076184	402.0
294.567891515037	407.0
294.5778921224556	407.0
294.58789272987417	407.0
294.5978933372928	407.0
294.6078939447114	407.0
294.61789455213	407.0
294.62789515954864	407.0
294.63789576696723	407.0
294.6478963743858	407.0
294.6578969818044	407.0
294.66789758922306	398.0
294.67789819664165	389.0
294.68789880406024	371.0
294.6978994114789	354.0
294.7079000188975	0.0
294.71790062631607	0.0
294.72790123373466	0.0
294.7379018411533	0.0
294.7479024485719	0.0
294.7579030559905	0.0
294.76790366340913	407.0
294.7779042708277	402.0
294.7879048782463	402.0
294.7979054856649	402.0
294.80790609308355	407.0
294.81790670050214	407.0
294.8279073079207	407.0
294.8379079153394	407.0
294.84790852275796	407.0
294.85790913017655	407.0
294.86790973759514	407.0
294.8779103450138	407.0
294.8879109524324	407.0
294.89791155985097	407.0
294.90791216726956	407.0
294.9179127746882	407.0
294.9279133821068	407.0
294.9379139895254	407.0
294.94791459694403	407.0
294.9579152043626	407.0
294.9679158117812	407.0
294.9779164191998	407.0
294.98791702661845	407.0
294.99791763403704	407.0
295.0079182414556	407.0
295.0179188488743	407.0
295.02791945629286	407.0
295.03792006371145	407.0
295.04792067113004	393.0
295.0579212785487	363.0
295.0679218859673	358.0
295.07792249338587	371.0
295.0879231008045	389.0
295.0979237082231	398.0
295.1079243156417	407.0
295.1179249230603	407.0
295.12792553047893	407.0
295.1379261378975	402.0
295.1479267453161	402.0
295.15792735273476	402.0
295.16792796015335	407.0
295.17792856757194	407.0
295.18792917499053	407.0
295.1979297824092	407.0
295.20793038982777	407.0
295.21793099724636	407.0
295.227931604665	407.0
295.2379322120836	407.0
295.2479328195022	407.0
295.2579334269208	407.0
295.2679340343394	402.0
295.277934641758	398.0
295.2879352491766	389.0
295.2979358565952	380.0
295.30793646401384	367.0
295.3179370714324	354.0
295.327937678851	338.0
295.33793828626966	319.0
295.34793889368825	308.0
295.35793950110684	308.0
295.36794010852543	308.0
295.3779407159441	316.0
295.38794132336267	323.0
295.39794193078126	334.0
295.4079425381999	346.0
295.4179431456185	363.0
295.4279437530371	389.0
295.4379443604557	402.0
295.4479449678743	402.0
295.4579455752929	407.0
295.4679461827115	407.0
295.47794679013015	407.0
295.48794739754874	402.0
295.4979480049673	402.0
295.5079486123859	398.0
295.51794921980456	393.0
295.52794982722315	389.0
295.53795043464174	384.0
295.5479510420604	380.0
295.557951649479	375.0
295.56795225689757	371.0
295.57795286431616	363.0
295.5879534717348	358.0
295.5979540791534	350.0
295.607954686572	346.0
295.6179552939906	338.0
295.6279559014092	338.0
295.6379565088278	334.0
295.6479571162464	338.0
295.65795772366505	338.0
295.66795833108364	350.0
295.67795893850223	375.0
295.6879595459208	412.0
295.69796015333947	431.0
295.70796076075806	436.0
295.71796136817665	473.0
295.7279619755953	507.0
295.7379625830139	519.0
295.7479631904325	531.0
295.75796379785106	531.0
295.7679644052697	525.0
295.7779650126883	519.0
295.7879656201069	479.0
295.79796622752554	0.0
295.8079668349441	0.0
295.8179674423627	0.0
295.8279680497813	0.0
295.83796865719995	0.0
295.84796926461854	0.0
295.85796987203713	0.0
295.8679704794558	0.0
295.87797108687437	389.0
295.88797169429296	393.0
295.89797230171155	398.0
295.9079729091302	402.0
295.9179735165488	402.0
295.9279741239674	407.0
295.937974731386	407.0
295.9479753388046	407.0
295.9579759462232	407.0
295.9679765536418	407.0
295.97797716106044	412.0
295.987977768479	412.0
295.9979783758976	412.0
296.0079789833162	412.0
296.01797959073485	412.0
296.02798019815344	412.0
296.03798080557203	412.0
296.0479814129907	412.0
296.05798202040927	407.0
296.06798262782786	402.0
296.07798323524645	393.0
296.0879838426651	371.0
296.0979844500837	334.0
296.1079850575023	331.0
296.1179856649209	327.0
296.1279862723395	331.0
296.1379868797581	338.0
296.1479874871767	350.0
296.15798809459534	350.0
296.16798870201393	346.0
296.1779893094325	346.0
296.18798991685117	346.0
296.19799052426976	342.0
296.20799113168835	342.0
296.21799173910694	342.0
296.2279923465256	342.0
296.2379929539442	338.0
296.24799356136276	338.0
296.2579941687814	338.0
296.2679947762	334.0
296.2779953836186	334.0
296.2879959910372	334.0
296.2979965984558	334.0
296.3079972058744	334.0
296.317997813293	338.0
296.32799842071165	346.0
296.33799902813024	350.0
296.34799963554883	358.0
296.3580002429674	358.0
296.36800085038607	363.0
296.37800145780466	363.0
296.38800206522325	358.0
296.39800267264184	358.0
296.4080032800605	354.0
296.4180038874791	346.0
296.42800449489766	342.0
296.4380051023163	338.0
296.4480057097349	338.0
296.4580063171535	334.0
296.4680069245721	334.0
296.4780075319907	334.0
296.4880081394093	334.0
296.4980087468279	334.0
296.50800935424655	334.0
296.51800996166514	334.0
296.52801056908373	334.0
296.5380111765023	338.0
296.54801178392097	342.0
296.55801239133956	346.0
296.56801299875815	354.0
296.5780136061768	363.0
296.5880142135954	367.0
296.598014821014	371.0
296.60801542843257	371.0
296.6180160358512	371.0
296.6280166432698	367.0
296.6380172506884	363.0
296.64801785810704	358.0
296.65801846552563	350.0
296.6680190729442	346.0
296.6780196803628	342.0
296.68802028778146	338.0
296.69802089520005	334.0
296.70802150261864	334.0
296.7180221100373	334.0
296.7280227174559	334.0
296.73802332487446	338.0
296.74802393229305	334.0
296.7580245397117	334.0
296.7680251471303	0.0
296.7780257545489	0.0
296.78802636196747	0.0
296.7980269693861	0.0
296.8080275768047	0.0
296.8180281842233	0.0
296.82802879164194	402.0
296.83802939906053	407.0
296.8480300064791	412.0
296.8580306138977	412.0
296.86803122131636	412.0
296.87803182873495	412.0
296.88803243615354	412.0
296.8980330435722	407.0
296.9080336509908	402.0
296.91803425840936	393.0
296.92803486582795	384.0
296.9380354732466	380.0
296.9480360806652	375.0
296.9580366880838	371.0
296.9680372955024	367.0
296.978037902921	363.0
296.9880385103396	354.0
296.9980391177582	346.0
297.00803972517684	338.0
297.01804033259543	334.0
297.028040940014	331.0
297.03804154743267	331.0
297.04804215485126	327.0
297.05804276226985	327.0
297.06804336968844	331.0
297.0780439771071	334.0
297.0880445845257	346.0
297.09804519194427	354.0
297.1080457993629	367.0
297.1180464067815	380.0
297.1280470142001	393.0
297.1380476216187	398.0
297.14804822903733	407.0
297.1580488364559	417.0
297.1680494438745	426.0
297.1780500512931	431.0
297.18805065871175	426.0
297.19805126613034	426.0
297.2080518735489	421.0
297.2180524809676	412.0
297.22805308838616	407.0
297.23805369580475	393.0
297.24805430322334	384.0
297.258054910642	375.0
297.2680555180606	371.0
297.27805612547917	367.0
297.2880567328978	363.0
297.2980573403164	358.0
297.308057947735	354.0
297.3180585551536	350.0
297.32805916257223	346.0
297.3380597699908	346.0
297.3480603774094	342.0
297.35806098482806	342.0
297.36806159224665	342.0
297.37806219966524	342.0
297.3880628070838	342.0
297.3980634145025	342.0
297.40806402192106	342.0
297.41806462933965	342.0
297.4280652367583	346.0
297.4380658441769	346.0
297.4480664515955	350.0
297.45806705901407	358.0
297.4680676664327	363.0
297.4780682738513	367.0
297.4880688812699	371.0
297.49806948868854	371.0
297.50807009610713	371.0
297.5180707035257	371.0
297.5280713109443	367.0
297.53807191836296	358.0
297.54807252578155	334.0
297.55807313320014	316.0
297.56807374061873	281.0
297.5780743480374	268.0
297.58807495545597	262.0
297.59807556287456	259.0
297.6080761702932	256.0
297.6180767777118	256.0
297.6280773851304	256.0
297.638077992549	256.0
297.6480785999676	262.0
297.6580792073862	272.0
297.6680798148048	272.0
297.67808042222345	275.0
297.68808102964203	275.0
297.6980816370606	275.0
297.7080822444792	275.0
297.71808285189786	275.0
297.72808345931645	278.0
297.73808406673504	278.0
297.7480846741537	278.0
297.7580852815723	281.0
297.76808588899087	281.0
297.77808649640946	281.0
297.7880871038281	281.0
297.7980877112467	281.0
297.8080883186653	278.0
297.81808892608393	278.0
297.8280895335025	275.0
297.8380901409211	275.0
297.8480907483397	275.0
297.85809135575835	272.0
297.86809196317694	272.0
297.8780925705955	272.0
297.8880931780142	272.0
297.89809378543276	272.0
297.90809439285135	272.0
297.91809500026994	272.0
297.9280956076886	268.0
297.9380962151072	268.0
297.94809682252577	268.0
297.95809742994436	268.0
297.968098037363	268.0
297.9780986447816	268.0
297.9880992522002	268.0
297.99809985961883	268.0
298.0081004670374	272.0
298.018101074456	272.0
298.0281016818746	272.0
298.03810228929325	272.0
298.04810289671184	272.0
298.05810350413043	272.0
298.0681041115491	268.0
298.07810471896767	265.0
298.08810532638626	256.0
298.09810593380485	245.0
298.1081065412235	242.0
298.1181071486421	242.0
298.1281077560607	265.0
298.1381083634793	268.0
298.1481089708979	272.0
298.1581095783165	272.0
298.1681101857351	275.0
298.17811079315373	272.0
298.1881114005723	272.0
298.1981120079909	272.0
298.20811261540956	272.0
298.21811322282815	272.0
298.22811383024674	268.0
298.23811443766533	265.0
298.248115045084	265.0
298.25811565250257	262.0
298.26811625992116	259.0
298.27811686733975	256.0
298.2881174747584	253.0
298.298118082177	248.0
298.3081186895956	245.0
298.3181192970142	239.0
298.3281199044328	236.0
298.3381205118514	236.0
298.34812111927	236.0
298.35812172668864	242.0
298.3681223341072	250.0
298.3781229415258	262.0
298.38812354894446	275.0
298.39812415636305	288.0
298.40812476378164	298.0
298.41812537120023	305.0
298.4281259786189	305.0
298.43812658603747	301.0
298.44812719345606	298.0
298.4581278008747	288.0
298.4681284082933	259.0
298.4781290157119	242.0
298.4881296231305	223.0
298.4981302305491	206.0
298.5081308379677	206.0
298.5181314453863	210.0
298.52813205280495	220.0
298.53813266022354	223.0
298.54813326764213	226.0
298.5581338750607	226.0
298.56813448247937	226.0
298.57813508989796	226.0
298.58813569731655	223.0
298.5981363047352	223.0
298.6081369121538	223.0
298.6181375195724	223.0
298.62813812699096	223.0
298.6381387344096	223.0
298.6481393418282	223.0
298.6581399492468	226.0
298.6681405566654	226.0
298.678141164084	226.0
298.6881417715026	226.0
298.6981423789212	228.0
298.70814298633985	228.0
298.71814359375844	228.0
298.72814420117703	228.0
298.7381448085956	228.0
298.74814541601427	226.0
298.75814602343286	223.0
298.76814663085145	208.0
298.7781472382701	206.0
298.7881478456887	0.0
298.7981484531073	0.0
298.80814906052586	0.0
298.8181496679445	0.0
298.8281502753631	0.0
298.8381508827817	0.0
298.84815149020034	234.0
298.8581520976189	236.0
298.8681527050375	236.0
298.8781533124561	234.0
298.88815391987475	234.0
298.89815452729334	231.0
298.90815513471193	231.0
298.9181557421306	231.0
298.92815634954917	231.0
298.93815695696776	228.0
298.94815756438635	228.0
298.958158171805	228.0
298.9681587792236	231.0
298.9781593866422	231.0
298.9881599940608	231.0
298.9981606014794	234.0
299.008161208898	236.0
299.0181618163166	239.0
299.02816242373524	245.0
299.03816303115383	250.0
299.0481636385724	253.0
299.058164245991	253.0
299.06816485340966	253.0
299.07816546082825	250.0
299.08816606824684	245.0
299.0981666756655	239.0
299.1081672830841	234.0
299.11816789050266	226.0
299.12816849792125	218.0
299.1381691053399	213.0
299.1481697127585	208.0
299.1581703201771	206.0
299.1681709275957	206.0
299.1781715350143	206.0
299.1881721424329	208.0
299.1981727498515	208.0
299.20817335727014	208.0
299.21817396468873	208.0
299.2281745721073	208.0
299.23817517952597	208.0
299.24817578694456	0.0
299.25817639436315	0.0
299.26817700178174	0.0
299.2781776092004	0.0
299.288178216619	0.0
299.29817882403756	0.0
299.3081794314562	0.0
299.3181800388748	0.0
299.3281806462934	0.0
299.338181253712	0.0
299.3481818611306	0.0
299.3581824685492	0.0
299.3681830759678	0.0
299.37818368338645	0.0
299.38818429080504	0.0
299.39818489822363	0.0
299.4081855056422	0.0
299.41818611306087	0.0
299.42818672047946	0.0
299.43818732789805	0.0
299.44818793531664	0.0
299.4581885427353	0.0
299.4681891501539	0.0
299.47818975757247	0.0
299.4881903649911	0.0
299.4981909724097	0.0
299.5081915798283	0.0
299.5181921872469	0.0
299.52819279466553	0.0
299.5381934020841	0.0
299.5481940095027	0.0
299.55819461692136	0.0
299.56819522433995	0.0
299.57819583175853	0.0
299.5881964391771	0.0
299.59819704659577	220.0
299.60819765401436	220.0
299.61819826143295	223.0
299.6281988688516	223.0
299.6381994762702	226.0
299.6482000836888	226.0
299.65820069110737	226.0
299.668201298526	226.0
299.6782019059446	228.0
299.6882025133632	228.0
299.69820312078184	228.0
299.70820372820043	228.0
299.718204335619	228.0
299.7282049430376	226.0
299.73820555045626	226.0
299.74820615787485	226.0
299.75820676529344	223.0
299.7682073727121	223.0
299.7782079801307	223.0
299.78820858754926	220.0
299.79820919496785	220.0
299.8082098023865	218.0
299.8182104098051	0.0
299.8282110172237	213.0
299.83821162464227	210.0
299.8482122320609	208.0
299.8582128394795	208.0
299.8682134468981	210.0
299.87821405431674	213.0
299.88821466173533	215.0
299.8982152691539	218.0
299.9082158765725	220.0
299.91821648399116	223.0
299.92821709140975	226.0
299.93821769882834	226.0
299.948218306247	226.0
299.9582189136656	226.0
299.96821952108417	0.0
299.97822012850276	0.0
299.9882207359214	0.0
299.99822134334	0.0
300.0082219507586	226.0
300.01822255817723	226.0
300.0282231655958	223.0
300.0382237730144	223.0
300.048224380433	220.0
300.05822498785164	218.0
300.06822559527023	215.0
300.0782262026888	213.0
300.08822681010747	210.0
300.09822741752606	210.0
300.10822802494465	210.0
300.11822863236324	218.0
300.1282292397819	226.0
300.1382298472005	236.0
300.14823045461907	253.0
300.1582310620377	265.0
300.1682316694563	284.0
300.1782322768749	294.0
300.1882328842935	301.0
300.19823349171213	308.0
300.2082340991307	305.0
300.2182347065493	298.0
300.2282353139679	284.0
300.23823592138655	272.0
300.24823652880514	259.0
300.2582371362237	250.0
300.2682377436424	236.0
300.27823835106096	223.0
300.28823895847955	215.0
300.29823956589814	210.0
300.3082401733168	210.0
300.3182407807354	210.0
300.32824138815397	213.0
300.3382419955726	218.0
300.3482426029912	228.0
300.3582432104098	239.0
300.3682438178284	248.0
300.37824442524703	256.0
300.3882450326656	262.0
300.3982456400842	268.0
300.40824624750286	268.0
300.41824685492145	272.0
300.42824746234004	272.0
300.43824806975863	268.0
300.4482486771773	268.0
300.45824928459587	268.0
300.46824989201446	268.0
300.4782504994331	268.0
300.4882511068517	268.0
300.4982517142703	268.0
300.5082523216889	268.0
300.5182529291075	265.0
300.5282535365261	259.0
300.5382541439447	259.0
300.54825475136334	265.0
300.55825535878193	272.0
300.5682559662005	275.0
300.5782565736191	278.0
300.58825718103776	278.0
300.59825778845635	278.0
300.60825839587494	278.0
300.61825900329353	278.0
300.6282596107122	278.0
300.63826021813077	278.0
300.64826082554936	278.0
300.658261432968	278.0
300.6682620403866	281.0
300.6782626478052	281.0
300.6882632552238	284.0
300.6982638626424	294.0
300.708264470061	312.0
300.7182650774796	334.0
300.72826568489825	354.0
300.73826629231684	375.0
300.7482668997354	398.0
300.758267507154	421.0
300.76826811457266	431.0
300.77826872199125	441.0
300.78826932940984	441.0
300.7982699368285	436.0
300.8082705442471	426.0
300.81827115166567	417.0
300.82827175908426	407.0
300.8382723665029	398.0
300.8482729739215	384.0
300.8582735813401	375.0
300.86827418875873	367.0
300.8782747961773	358.0
300.8882754035959	350.0
300.8982760110145	346.0
300.90827661843315	342.0
300.91827722585174	342.0
300.92827783327033	338.0
300.9382784406889	342.0
300.94827904810757	342.0
300.95827965552616	346.0
300.96828026294475	350.0
300.9782808703634	354.0
300.988281477782	358.0
300.9982820852006	358.0
301.00828269261916	363.0
301.0182833000378	358.0
301.0282839074564	350.0
301.038284514875	342.0
301.04828512229363	323.0
301.0582857297122	0.0
301.0682863371308	0.0
301.0782869445494	0.0
301.08828755196805	0.0
301.09828815938664	0.0
301.10828876680523	0.0
301.1182893742239	0.0
301.12828998164247	0.0
301.13829058906106	0.0
301.14829119647965	0.0
301.1582918038983	0.0
301.1682924113169	0.0
301.1782930187355	0.0
301.1882936261541	0.0
301.1982942335727	0.0
301.2082948409913	0.0
301.2182954484099	0.0
301.22829605582854	0.0
301.2382966632471	0.0
301.2482972706657	0.0
301.25829787808436	0.0
301.26829848550295	0.0
301.27829909292154	0.0
301.28829970034013	0.0
301.2983003077588	0.0
301.30830091517737	0.0
301.31830152259596	0.0
301.32830213001455	0.0
301.3383027374332	412.0
301.3483033448518	412.0
301.3583039522704	407.0
301.368304559689	407.0
301.3783051671076	407.0
301.3883057745262	407.0
301.3983063819448	407.0
301.40830698936344	407.0
301.41830759678203	407.0
301.4283082042006	407.0
301.43830881161927	407.0
301.44830941903786	407.0
301.45831002645645	407.0
301.46831063387503	407.0
301.4783112412937	407.0
301.48831184871227	407.0
301.49831245613086	407.0
301.5083130635495	407.0
301.5183136709681	407.0
301.5283142783867	407.0
301.5383148858053	407.0
301.5483154932239	407.0
301.5583161006425	402.0
301.5683167080611	402.0
301.57831731547975	398.0
301.58831792289834	389.0
301.59831853031693	380.0
301.6083191377355	375.0
301.61831974515417	375.0
301.62832035257276	380.0
301.63832095999135	389.0
301.64832156741	402.0
301.6583221748286	426.0
301.6683227822472	436.0
301.67832338966576	447.0
301.6883239970844	457.0
301.698324604503	462.0
301.7083252119216	468.0
301.7183258193402	468.0
301.7283264267588	468.0
301.7383270341774	468.0
301.748327641596	462.0
301.75832824901465	462.0
301.76832885643324	462.0
301.77832946385183	457.0
301.7883300712704	457.0
301.79833067868907	457.0
301.80833128610766	452.0
301.81833189352625	452.0
301.8283325009449	447.0
301.8383331083635	447.0
301.8483337157821	447.0
301.85833432320067	447.0
301.8683349306193	447.0
301.8783355380379	452.0
301.8883361454565	452.0
301.89833675287514	452.0
301.90833736029373	447.0
301.9183379677123	441.0
301.9283385751309	431.0
301.93833918254956	380.0
301.94833978996814	0.0
301.95834039738673	0.0
301.9683410048054	0.0
301.97834161222397	484.0
301.98834221964256	496.0
301.99834282706115	501.0
302.0083434344798	501.0
302.0183440418984	501.0
302.028344649317	501.0
302.0383452567356	496.0
302.0483458641542	496.0
302.0583464715728	496.0
302.0683470789914	490.0
302.07834768641004	479.0
302.08834829382863	468.0
302.0983489012472	462.0
302.1083495086658	457.0
302.11835011608446	452.0
302.12835072350305	452.0
302.13835133092164	452.0
302.1483519383403	452.0
302.1583525457589	452.0
302.16835315317746	452.0
302.17835376059605	452.0
302.1883543680147	452.0
302.1983549754333	452.0
302.2083555828519	452.0
302.2183561902705	447.0
302.2283567976891	447.0
302.2383574051077	447.0
302.2483580125263	457.0
302.25835861994494	462.0
302.26835922736353	468.0
302.2783598347821	473.0
302.28836044220077	531.0
302.29836104961936	531.0
302.30836165703795	531.0
302.31836226445654	531.0
302.3283628718752	537.0
302.3383634792938	537.0
302.34836408671237	537.0
302.358364694131	537.0
302.3683653015496	537.0
302.3783659089682	531.0
302.3883665163868	531.0
302.39836712380543	525.0
302.408367731224	0.0
302.4183683386426	0.0
302.42836894606125	0.0
302.43836955347984	0.0
302.44837016089843	0.0
302.458370768317	0.0
302.46837137573567	0.0
302.47837198315426	0.0
302.48837259057285	479.0
302.49837319799144	479.0
302.5083738054101	0.0
302.5183744128287	473.0
302.52837502024727	468.0
302.5383756276659	468.0
302.5483762350845	468.0
302.5583768425031	468.0
302.5683774499217	473.0
302.57837805734033	473.0
302.5883786647589	0.0
302.5983792721775	0.0
302.60837987959616	0.0
302.61838048701475	0.0
302.62838109443334	525.0
302.6383817018519	531.0
302.6483823092706	537.0
302.65838291668916	544.0
302.66838352410775	550.0
302.6783841315264	550.0
302.688384738945	550.0
302.6983853463636	544.0
302.70838595378217	537.0
302.7183865612008	525.0
302.7283871686194	0.0
302.738387776038	0.0
302.74838838345664	0.0
302.75838899087523	0.0
302.7683895982938	0.0
302.7783902057124	426.0
302.78839081313106	426.0
302.79839142054965	431.0
302.80839202796824	441.0
302.8183926353869	452.0
302.8283932428055	462.0
302.83839385022407	462.0
302.84839445764266	462.0
302.8583950650613	462.0
302.8683956724799	462.0
302.8783962798985	457.0
302.88839688731707	457.0
302.8983974947357	452.0
302.9083981021543	452.0
302.9183987095729	447.0
302.92839931699154	447.0
302.93839992441013	441.0
302.9484005318287	441.0
302.9584011392473	447.0
302.96840174666596	447.0
302.97840235408455	447.0
302.98840296150314	447.0
302.9984035689218	452.0
303.0084041763404	452.0
303.01840478375897	452.0
303.02840539117756	452.0
303.0384059985962	452.0
303.0484066060148	457.0
303.0584072134334	457.0
303.06840782085203	457.0
303.0784084282706	457.0
303.0884090356892	457.0
303.0984096431078	457.0
303.10841025052645	457.0
303.11841085794504	457.0
303.1284114653636	452.0
303.1384120727823	452.0
303.14841268020086	457.0
303.15841328761945	457.0
303.16841389503804	457.0
303.1784145024567	457.0
303.1884151098753	457.0
303.19841571729387	457.0
303.20841632471246	457.0
303.2184169321311	457.0
303.2284175395497	457.0
303.2384181469683	457.0
303.24841875438693	457.0
303.2584193618055	452.0
303.2684199692241	452.0
303.2784205766427	431.0
303.28842118406135	426.0
303.29842179147994	0.0
303.30842239889853	468.0
303.3184230063172	479.0
303.32842361373577	479.0
303.33842422115436	484.0
303.34842482857294	479.0
303.3584254359916	479.0
303.3684260434102	479.0
303.37842665082877	479.0
303.3884272582474	473.0
303.398427865666	473.0
303.4084284730846	468.0
303.4184290805032	457.0
303.42842968792183	457.0
303.4384302953404	452.0
303.448430902759	452.0
303.45843151017766	447.0
303.46843211759625	447.0
303.47843272501484	447.0
303.48843333243343	447.0
303.4984339398521	447.0
303.50843454727067	452.0
303.51843515468926	457.0
303.5284357621079	462.0
303.5384363695265	473.0
303.5484369769451	484.0
303.5584375843637	496.0
303.5684381917823	507.0
303.5784387992009	513.0
303.5884394066195	519.0
303.5984400140381	519.0
303.60844062145674	519.0
303.6184412288753	513.0
303.6284418362939	513.0
303.63844244371256	457.0
303.64844305113115	447.0
303.65844365854974	431.0
303.66844426596833	426.0
303.678444873387	426.0
303.68844548080557	431.0
303.69844608822416	436.0
303.7084466956428	452.0
303.7184473030614	457.0
303.72844791048	457.0
303.7384485178986	462.0
303.7484491253172	462.0
303.7584497327358	462.0
303.7684503401544	462.0
303.77845094757305	462.0
303.78845155499164	468.0
303.79845216241023	468.0
303.8084527698288	468.0
303.81845337724747	468.0
303.82845398466606	462.0
303.83845459208464	462.0
303.8484551995033	462.0
303.8584558069219	462.0
303.86845641434047	462.0
303.87845702175906	462.0
303.8884576291777	462.0
303.8984582365963	462.0
303.9084588440149	457.0
303.91845945143353	452.0
303.9284600588521	431.0
303.9384606662707	412.0
303.9484612736893	0.0
303.95846188110795	0.0
303.96846248852654	0.0
303.97846309594513	0.0
303.9884637033637	0.0
303.99846431078237	0.0
304.00846491820096	0.0
304.01846552561955	402.0
304.0284661330382	402.0
304.0384667404568	402.0
304.0484673478754	402.0
304.05846795529396	402.0
304.0684685627126	407.0
304.0784691701312	407.0
304.0884697775498	407.0
304.09847038496844	407.0
304.108470992387	407.0
304.1184715998056	407.0
304.1284722072242	407.0
304.13847281464285	407.0
304.14847342206144	407.0
304.15847402948003	412.0
304.1684746368987	412.0
304.17847524431727	412.0
304.18847585173586	412.0
304.19847645915445	412.0
304.2084770665731	412.0
304.2184776739917	412.0
304.2284782814103	412.0
304.2384788888289	412.0
304.2484794962475	412.0
304.2584801036661	407.0
304.2684807110847	407.0
304.27848131850334	363.0
304.28848192592193	354.0
304.2984825333405	358.0
304.30848314075917	384.0
304.31848374817775	393.0
304.32848435559634	398.0
304.33848496301493	402.0
304.3484855704336	402.0
304.35848617785217	407.0
304.36848678527076	407.0
304.37848739268935	407.0
304.388488000108	412.0
304.3984886075266	412.0
304.4084892149452	412.0
304.4184898223638	412.0
304.4284904297824	412.0
304.438491037201	407.0
304.4484916446196	407.0
304.45849225203824	402.0
304.46849285945683	393.0
304.4784934668754	384.0
304.48849407429407	380.0
304.49849468171266	371.0
304.50849528913125	367.0
304.51849589654984	358.0
304.5284965039685	350.0
304.5384971113871	342.0
304.54849771880566	338.0
304.5584983262243	338.0
304.5684989336429	338.0
304.5784995410615	342.0
304.5885001484801	342.0
304.5985007558987	342.0
304.6085013633173	0.0
304.6185019707359	0.0
304.62850257815455	0.0
304.63850318557314	0.0
304.64850379299173	0.0
304.6585044004103	0.0
304.66850500782897	0.0
304.67850561524756	0.0
304.68850622266615	0.0
304.6985068300848	0.0
304.7085074375034	407.0
304.718508044922	407.0
304.72850865234057	407.0
304.7385092597592	407.0
304.7485098671778	407.0
304.7585104745964	407.0
304.768511082015	407.0
304.7785116894336	407.0
304.7885122968522	407.0
304.7985129042708	407.0
304.80851351168945	407.0
304.81851411910804	407.0
304.82851472652663	407.0
304.8385153339452	407.0
304.84851594136387	412.0
304.85851654878246	412.0
304.86851715620105	412.0
304.8785177636197	407.0
304.8885183710383	407.0
304.8985189784569	407.0
304.90851958587547	402.0
304.9185201932941	393.0
304.9285208007127	371.0
304.9385214081313	363.0
304.94852201554994	358.0
304.95852262296853	358.0
304.9685232303871	358.0
304.9785238378057	363.0
304.98852444522436	371.0
304.99852505264295	402.0
305.00852566006154	412.0
305.0185262674802	431.0
305.0285268748988	436.0
305.03852748231736	447.0
305.04852808973595	452.0
305.0585286971546	457.0
305.0685293045732	457.0
305.0785299119918	457.0
305.0885305194104	457.0
305.098531126829	452.0
305.1085317342476	452.0
305.1185323416662	452.0
305.12853294908484	457.0
305.13853355650343	457.0
305.148534163922	457.0
305.1585347713406	457.0
305.16853537875926	457.0
305.17853598617785	457.0
305.18853659359644	457.0
305.1985372010151	457.0
305.2085378084337	457.0
305.21853841585227	447.0
305.22853902327086	431.0
305.2385396306895	421.0
305.2485402381081	398.0
305.2585408455267	0.0
305.2685414529453	0.0
305.2785420603639	0.0
305.2885426677825	0.0
305.2985432752011	0.0
305.30854388261974	0.0
305.31854449003833	0.0
305.3285450974569	0.0
305.33854570487557	0.0
305.34854631229416	0.0
305.35854691971275	0.0
305.36854752713134	0.0
305.37854813455	393.0
305.3885487419686	398.0
305.39854934938717	398.0
305.4085499568058	402.0
305.4185505642244	402.0
305.428551171643	402.0
305.4385517790616	402.0
305.44855238648023	402.0
305.4585529938988	402.0
305.4685536013174	402.0
305.47855420873606	402.0
305.48855481615465	402.0
305.49855542357324	402.0
305.5085560309918	402.0
305.5185566384105	402.0
305.52855724582906	402.0
305.53855785324765	402.0
305.54855846066624	402.0
305.5585590680849	402.0
305.5685596755035	402.0
305.57856028292207	407.0
305.5885608903407	407.0
305.5985614977593	407.0
305.6085621051779	407.0
305.6185627125965	402.0
305.62856332001513	402.0
305.6385639274337	402.0
305.6485645348523	407.0
305.65856514227096	407.0
305.66856574968955	407.0
305.67856635710814	407.0
305.68856696452673	407.0
305.6985675719454	407.0
305.70856817936397	407.0
305.71856878678255	407.0
305.7285693942012	407.0
305.7385700016198	402.0
305.7485706090384	402.0
305.75857121645697	402.0
305.7685718238756	402.0
305.7785724312942	402.0
305.7885730387128	402.0
305.79857364613144	402.0
305.80857425355003	402.0
305.8185748609686	402.0
305.8285754683872	402.0
305.83857607580586	402.0
305.84857668322445	402.0
305.85857729064304	407.0
305.86857789806163	412.0
305.8785785054803	412.0
305.88857911289887	417.0
305.89857972031746	417.0
305.9085803277361	417.0
305.9185809351547	412.0
305.9285815425733	412.0
305.9385821499919	393.0
305.9485827574105	375.0
305.9585833648291	367.0
305.9685839722477	367.0
305.97858457966635	367.0
305.98858518708494	375.0
305.9985857945035	402.0
306.0085864019221	407.0
306.01858700934076	412.0
306.02858761675935	412.0
306.03858822417794	412.0
306.0485888315966	417.0
306.0585894390152	417.0
306.06859004643377	417.0
306.07859065385236	417.0
306.088591261271	417.0
306.0985918686896	412.0
306.1085924761082	412.0
306.11859308352683	402.0
306.1285936909454	393.0
306.138594298364	384.0
306.1485949057826	371.0
306.15859551320125	363.0
306.16859612061984	350.0
306.1785967280384	342.0
306.1885973354571	338.0
306.19859794287567	334.0
306.20859855029425	334.0
306.21859915771284	334.0
306.2285997651315	334.0
306.2386003725501	334.0
306.24860097996867	331.0
306.25860158738726	331.0
306.2686021948059	327.0
306.2786028022245	331.0
306.2886034096431	334.0
306.29860401706173	346.0
306.3086046244803	354.0
306.3186052318989	358.0
306.3286058393175	363.0
306.33860644673615	363.0
306.34860705415474	363.0
306.35860766157333	363.0
306.368608268992	358.0
306.37860887641057	354.0
306.38860948382916	350.0
306.39861009124775	350.0
306.4086106986664	350.0
306.418611306085	334.0
306.4286119135036	327.0
306.4386125209222	316.0
306.4486131283408	305.0
306.4586137357594	294.0
306.468614343178	288.0
306.47861495059664	281.0
306.4886155580152	275.0
306.4986161654338	272.0
306.50861677285246	272.0
306.51861738027105	272.0
306.52861798768964	268.0
306.53861859510823	268.0
306.5486192025269	268.0
306.55861980994547	268.0
306.56862041736406	259.0
306.5786210247827	242.0
306.5886216322013	239.0
306.5986222396199	0.0
306.6086228470385	0.0
306.6186234544571	0.0
306.6286240618757	0.0
306.6386246692943	0.0
306.6486252767129	358.0
306.65862588413154	354.0
306.6686264915501	346.0
306.6786270989687	338.0
306.68862770638736	331.0
306.69862831380595	327.0
306.70862892122454	327.0
306.71862952864313	331.0
306.7286301360618	334.0
306.73863074348037	342.0
306.74863135089896	350.0
306.7586319583176	354.0
306.7686325657362	354.0
306.7786331731548	354.0
306.7886337805734	350.0
306.798634387992	346.0
306.8086349954106	342.0
306.8186356028292	334.0
306.82863621024785	331.0
306.83863681766644	323.0
306.84863742508503	316.0
306.8586380325036	316.0
306.86863863992227	316.0
306.87863924734086	316.0
306.88863985475945	323.0
306.8986404621781	338.0
306.9086410695967	342.0
306.9186416770153	346.0
306.92864228443386	338.0
306.9386428918525	0.0
306.9486434992711	0.0
306.9586441066897	0.0
306.96864471410834	0.0
306.9786453215269	0.0
306.9886459289455	0.0
306.9986465363641	412.0
307.00864714378275	407.0
307.01864775120134	407.0
307.02864835861993	398.0
307.0386489660385	393.0
307.04864957345717	389.0
307.05865018087576	380.0
307.06865078829435	375.0
307.078651395713	371.0
307.0886520031316	363.0
307.0986526105502	358.0
307.10865321796877	354.0
307.1186538253874	346.0
307.128654432806	338.0
307.1386550402246	331.0
307.14865564764324	323.0
307.1586562550618	319.0
307.1686568624804	319.0
307.178657469899	319.0
307.18865807731765	323.0
307.19865868473624	331.0
307.20865929215483	342.0
307.2186598995735	354.0
307.22866050699207	363.0
307.23866111441066	380.0
307.24866172182925	389.0
307.2586623292479	393.0
307.2686629366665	393.0
307.2786635440851	0.0
307.2886641515037	0.0
307.2986647589223	402.0
307.3086653663409	417.0
307.3186659737595	412.0
307.32866658117814	407.0
307.33866718859673	398.0
307.3486677960153	389.0
307.35866840343397	380.0
307.36866901085256	367.0
307.37866961827115	358.0
307.38867022568974	350.0
307.3986708331084	338.0
307.408671440527	334.0
307.41867204794556	331.0
307.42867265536415	327.0
307.4386732627828	323.0
307.4486738702014	323.0
307.45867447762	327.0
307.4686750850386	331.0
307.4786756924572	342.0
307.4886762998758	350.0
307.4986769072944	363.0
307.50867751471304	375.0
307.51867812213163	384.0
307.5286787295502	398.0
307.53867933696887	402.0
307.54867994438746	407.0
307.55868055180605	412.0
307.56868115922464	412.0
307.5786817666433	407.0
307.5886823740619	402.0
307.59868298148047	398.0
307.6086835888991	389.0
307.6186841963177	384.0
307.6286848037363	380.0
307.6386854111549	371.0
307.6486860185735	367.0
307.6586866259921	363.0
307.6686872334107	358.0
307.67868784082935	354.0
307.68868844824794	354.0
307.69868905566653	350.0
307.7086896630851	346.0
307.71869027050377	342.0
307.72869087792236	342.0
307.73869148534095	338.0
307.7486920927596	338.0
307.7586927001782	338.0
307.7686933075968	338.0
307.77869391501537	334.0
307.788694522434	338.0
307.7986951298526	338.0
307.8086957372712	342.0
307.8186963446898	346.0
307.82869695210843	354.0
307.838697559527	363.0
307.8486981669456	371.0
307.85869877436426	380.0
307.86869938178285	380.0
307.87869998920144	380.0
307.88870059662	375.0
307.8987012040387	367.0
307.90870181145726	354.0
307.91870241887585	316.0
307.9287030262945	272.0
307.9387036337131	262.0
307.9487042411317	253.0
307.95870484855027	250.0
307.9687054559689	248.0
307.9787060633875	250.0
307.9887066708061	253.0
307.99870727822474	256.0
308.00870788564333	259.0
308.0187084930619	262.0
308.0287091004805	262.0
308.03870970789916	265.0
308.04871031531775	265.0
308.05871092273634	265.0
308.068711530155	265.0
308.0787121375736	265.0
308.08871274499216	268.0
308.09871335241075	268.0
308.1087139598294	268.0
308.118714567248	268.0
308.1287151746666	268.0
308.1387157820852	268.0
308.1487163895038	268.0
308.1587169969224	268.0
308.168717604341	268.0
308.17871821175964	268.0
308.18871881917823	268.0
308.1987194265968	268.0
308.2087200340154	265.0
308.21872064143406	259.0
308.22872124885265	248.0
308.23872185627124	245.0
308.2487224636899	253.0
308.2587230711085	268.0
308.26872367852707	272.0
308.27872428594566	272.0
308.2887248933643	272.0
308.2987255007829	272.0
308.3087261082015	272.0
308.31872671562013	272.0
308.3287273230387	268.0
308.3387279304573	268.0
308.3487285378759	268.0
308.35872914529455	268.0
308.36872975271314	265.0
308.3787303601317	262.0
308.3887309675504	256.0
308.39873157496896	253.0
308.40873218238755	248.0
308.41873278980614	245.0
308.4287333972248	242.0
308.4387340046434	239.0
308.44873461206197	234.0
308.4587352194806	234.0
308.4687358268992	234.0
308.4787364343178	236.0
308.4887370417364	242.0
308.49873764915503	250.0
308.5087382565736	262.0
308.5187388639922	291.0
308.5287394714108	301.0
308.53874007882945	305.0
308.54874068624804	305.0
308.5587412936666	301.0
308.5687419010853	294.0
308.57874250850386	281.0
308.58874311592245	262.0
308.59874372334104	223.0
308.6087443307597	213.0
308.6187449381783	210.0
308.62874554559687	213.0
308.6387461530155	220.0
308.6487467604341	223.0
308.6587473678527	226.0
308.6687479752713	228.0
308.67874858268993	226.0
308.6887491901085	226.0
308.6987497975271	223.0
308.70875040494576	223.0
308.71875101236435	223.0
308.72875161978294	223.0
308.73875222720153	223.0
308.7487528346202	223.0
308.75875344203877	223.0
308.76875404945736	223.0
308.778754656876	223.0
308.7887552642946	223.0
308.7987558717132	223.0
308.8087564791318	223.0
308.8187570865504	223.0
308.828757693969	226.0
308.8387583013876	226.0
308.84875890880625	226.0
308.85875951622484	226.0
308.8687601236434	223.0
308.878760731062	215.0
308.88876133848066	208.0
308.89876194589925	0.0
308.90876255331784	0.0
308.91876316073643	0.0
308.9287637681551	0.0
308.93876437557367	0.0
308.94876498299226	0.0
308.9587655904109	0.0
308.9687661978295	250.0
308.9787668052481	250.0
308.9887674126667	250.0
308.9987680200853	245.0
309.0087686275039	242.0
309.0187692349225	236.0
309.02876984234115	234.0
309.03877044975974	228.0
309.0487710571783	226.0
309.0587716645969	223.0
309.06877227201556	223.0
309.07877287943415	223.0
309.08877348685274	226.0
309.0987740942714	228.0
309.10877470169	234.0
309.11877530910857	236.0
309.12877591652716	242.0
309.1387765239458	242.0
309.1487771313644	245.0
309.158777738783	242.0
309.16877834620163	239.0
309.1787789536202	231.0
309.1887795610388	220.0
309.1987801684574	213.0
309.20878077587605	206.0
309.21878138329464	201.0
309.22878199071323	199.0
309.2387825981319	201.0
309.24878320555047	201.0
309.25878381296906	203.0
309.26878442038765	206.0
309.2787850278063	208.0
309.2887856352249	0.0
309.2987862426435	0.0
309.30878685006206	0.0
309.3187874574807	0.0
309.3287880648993	0.0
309.3387886723179	0.0
309.34878927973654	0.0
309.3587898871551	0.0
309.3687904945737	0.0
309.3787911019923	0.0
309.38879170941095	0.0
309.39879231682954	0.0
309.40879292424813	0.0
309.4187935316668	0.0
309.42879413908537	0.0
309.43879474650396	0.0
309.44879535392255	0.0
309.4587959613412	0.0
309.4687965687598	0.0
309.4787971761784	0.0
309.488797783597	0.0
309.4987983910156	0.0
309.5087989984342	0.0
309.5187996058528	0.0
309.52880021327144	0.0
309.53880082069	0.0
309.5488014281086	0.0
309.55880203552726	0.0
309.56880264294585	0.0
309.57880325036444	0.0
309.58880385778303	0.0
309.5988044652017	0.0
309.60880507262027	0.0
309.61880568003886	0.0
309.6288062874575	0.0
309.6388068948761	0.0
309.6488075022947	0.0
309.6588081097133	0.0
309.6688087171319	0.0
309.6788093245505	0.0
309.6888099319691	0.0
309.6988105393877	0.0
309.70881114680634	228.0
309.71881175422493	223.0
309.7288123616435	218.0
309.73881296906217	213.0
309.74881357648076	210.0
309.75881418389935	213.0
309.76881479131794	220.0
309.7788153987366	226.0
309.7888160061552	231.0
309.79881661357376	234.0
309.8088172209924	234.0
309.818817828411	234.0
309.8288184358296	234.0
309.8388190432482	236.0
309.8488196506668	236.0
309.8588202580854	239.0
309.868820865504	239.0
309.87882147292265	239.0
309.88882208034124	239.0
309.89882268775983	236.0
309.9088232951784	234.0
309.91882390259707	228.0
309.92882451001566	218.0
309.93882511743425	206.0
309.9488257248529	199.0
309.9588263322715	190.0
309.9688269396901	185.0
309.97882754710866	185.0
309.9888281545273	187.0
309.9988287619459	196.0
310.0088293693645	206.0
310.01882997678314	206.0
310.0288305842017	208.0
310.0388311916203	208.0
310.0488317990389	208.0
310.05883240645755	210.0
310.06883301387614	213.0
310.07883362129473	213.0
310.0888342287133	215.0
310.09883483613197	218.0
310.10883544355056	218.0
310.11883605096915	218.0
310.1288366583878	218.0
310.1388372658064	215.0
310.148837873225	213.0
310.15883848064357	210.0
310.1688390880622	210.0
310.1788396954808	210.0
310.1888403028994	215.0
310.19884091031804	231.0
310.20884151773663	236.0
310.2188421251552	284.0
310.2288427325738	301.0
310.23884333999246	305.0
310.24884394741105	278.0
310.25884455482964	268.0
310.2688451622483	256.0
310.2788457696669	199.0
310.28884637708546	192.0
310.29884698450405	183.0
310.3088475919227	179.0
310.3188481993413	196.0
310.3288488067599	201.0
310.3388494141785	203.0
310.3488500215971	208.0
310.3588506290157	213.0
310.3688512364343	226.0
310.37885184385294	234.0
310.38885245127153	245.0
310.3988530586901	256.0
310.40885366610877	265.0
310.41885427352736	272.0
310.42885488094595	278.0
310.43885548836454	278.0
310.4488560957832	278.0
310.4588567032018	278.0
310.46885731062036	275.0
310.47885791803895	275.0
310.4888585254576	272.0
310.4988591328762	272.0
310.5088597402948	272.0
310.5188603477134	272.0
310.528860955132	268.0
310.5388615625506	268.0
310.5488621699692	268.0
310.55886277738784	268.0
310.56886338480643	268.0
310.578863992225	268.0
310.58886459964367	265.0
310.59886520706226	259.0
310.60886581448085	250.0
310.61886642189944	245.0
310.6288670293181	239.0
310.6388676367367	236.0
310.64886824415527	239.0
310.6588688515739	268.0
310.6688694589925	272.0
310.6788700664111	275.0
310.6888706738297	275.0
310.69887128124833	272.0
310.7088718886669	272.0
310.7188724960855	268.0
310.72887310350416	268.0
310.73887371092275	272.0
310.74887431834134	288.0
310.7588749257599	312.0
310.7688755331786	334.0
310.77887614059716	354.0
310.78887674801575	363.0
310.7988773554344	367.0
310.808877962853	358.0
310.8188785702716	334.0
310.82887917769017	319.0
310.8388797851088	308.0
310.8488803925274	272.0
310.858880999946	265.0
310.8688816073646	265.0
310.87888221478323	265.0
310.8888828222018	268.0
310.8988834296204	268.0
310.90888403703906	272.0
310.91888464445765	268.0
310.92888525187624	262.0
310.9388858592948	256.0
310.9488864667135	242.0
310.95888707413206	236.0
310.96888768155065	239.0
310.9788882889693	268.0
310.9888888963879	272.0
310.9988895038065	272.0
311.00889011122507	268.0
311.0188907186437	265.0
311.0288913260623	265.0
311.0388919334809	265.0
311.04889254089954	268.0
311.05889314831813	275.0
311.0688937557367	288.0
311.0788943631553	305.0
311.08889497057396	334.0
311.09889557799255	354.0
311.10889618541114	384.0
311.1188967928298	407.0
311.1288974002484	417.0
311.13889800766697	421.0
311.14889861508556	421.0
311.1588992225042	417.0
311.1688998299228	402.0
311.1789004373414	389.0
311.18890104476	371.0
311.1989016521786	358.0
311.2089022595972	350.0
311.2189028670158	342.0
311.22890347443445	338.0
311.23890408185304	334.0
311.2489046892716	331.0
311.2589052966902	334.0
311.26890590410886	334.0
311.27890651152745	342.0
311.28890711894604	350.0
311.2989077263647	358.0
311.3089083337833	371.0
311.31890894120187	371.0
311.32890954862046	367.0
311.3389101560391	358.0
311.3489107634577	350.0
311.3589113708763	342.0
311.36891197829493	0.0
311.3789125857135	0.0
311.3889131931321	0.0
311.3989138005507	0.0
311.40891440796935	0.0
311.41891501538794	0.0
311.4289156228065	0.0
311.4389162302252	0.0
311.44891683764376	0.0
311.45891744506235	0.0
311.46891805248094	0.0
311.4789186598996	0.0
311.4889192673182	0.0
311.49891987473677	0.0
311.5089204821554	0.0
311.518921089574	0.0
311.5289216969926	0.0
311.5389223044112	0.0
311.54892291182983	0.0
311.5589235192484	0.0
311.568924126667	0.0
311.5789247340856	0.0
311.58892534150425	0.0
311.59892594892284	0.0
311.60892655634143	0.0
311.6189271637601	0.0
311.62892777117867	0.0
311.63892837859726	0.0
311.64892898601585	0.0
311.6589295934345	0.0
311.6689302008531	250.0
311.6789308082717	250.0
311.6889314156903	250.0
311.6989320231089	250.0
311.7089326305275	253.0
311.7189332379461	253.0
311.72893384536474	259.0
311.7389344527833	265.0
311.7489350602019	284.0
311.75893566762056	308.0
311.76893627503915	327.0
311.77893688245774	338.0
311.78893748987633	350.0
311.798938097295	354.0
311.80893870471357	350.0
311.81893931213216	346.0
311.8289399195508	338.0
311.8389405269694	319.0
311.848941134388	308.0
311.8589417418066	308.0
311.8689423492252	312.0
311.8789429566438	327.0
311.8889435640624	346.0
311.89894417148105	367.0
311.90894477889964	384.0
311.9189453863182	407.0
311.9289459937368	421.0
311.93894660115546	421.0
311.94894720857405	417.0
311.95894781599264	407.0
311.96894842341123	384.0
311.9789490308299	354.0
311.98894963824847	334.0
311.99895024566706	323.0
312.0089508530857	319.0
312.0189514605043	323.0
312.0289520679229	334.0
312.0389526753415	354.0
312.0489532827601	367.0
312.0589538901787	375.0
312.0689544975973	375.0
312.07895510501595	371.0
312.08895571243454	367.0
312.09895631985313	354.0
312.1089569272717	334.0
312.11895753469037	275.0
312.12895814210896	253.0
312.13895874952755	242.0
312.1489593569462	234.0
312.1589599643648	234.0
312.1689605717834	236.0
312.17896117920196	242.0
312.1889617866206	250.0
312.1989623940392	259.0
312.2089630014578	265.0
312.21896360887644	265.0
312.228964216295	265.0
312.2389648237136	265.0
312.2489654311322	262.0
312.25896603855085	256.0
312.26896664596944	250.0
312.27896725338803	245.0
312.2889678608067	242.0
312.29896846822527	239.0
312.30896907564386	248.0
312.31896968306245	256.0
312.3289702904811	275.0
312.3389708978997	298.0
312.3489715053183	308.0
312.35897211273686	323.0
312.3689727201555	331.0
312.3789733275741	338.0
312.3889739349927	338.0
312.39897454241134	338.0
312.4089751498299	327.0
312.4189757572485	312.0
312.4289763646671	298.0
312.43897697208575	284.0
312.44897757950434	272.0
312.45897818692293	268.0
312.4689787943416	268.0
312.47897940176017	275.0
312.48898000917876	288.0
312.49898061659735	301.0
312.508981224016	316.0
312.5189818314346	327.0
312.5289824388532	334.0
312.5389830462718	338.0
312.5489836536904	338.0
312.558984261109	334.0
312.5689848685276	331.0
312.57898547594624	319.0
312.58898608336483	312.0
312.5989866907834	305.0
312.60898729820207	294.0
312.61898790562066	284.0
312.62898851303925	284.0
312.63898912045784	288.0
312.6489897278765	298.0
312.6589903352951	308.0
312.66899094271366	327.0
312.6789915501323	346.0
312.6889921575509	367.0
312.6989927649695	380.0
312.7089933723881	398.0
312.7189939798067	407.0
312.7289945872253	412.0
312.7389951946439	417.0
312.7489958020625	412.0
312.75899640948114	412.0
312.76899701689973	407.0
312.7789976243183	407.0
312.78899823173697	402.0
312.79899883915556	402.0
312.80899944657415	402.0
312.81900005399274	402.0
312.8290006614114	402.0
312.83900126883	402.0
312.84900187624856	398.0
312.8590024836672	393.0
312.8690030910858	384.0
312.8790036985044	0.0
312.889004305923	0.0
312.8990049133416	0.0
312.9090055207602	0.0
312.9190061281788	0.0
312.92900673559745	0.0
312.93900734301604	0.0
312.94900795043463	0.0
312.9590085578532	342.0
312.96900916527187	331.0
312.97900977269046	319.0
312.98901038010905	312.0
312.9990109875277	308.0
313.0090115949463	308.0
313.0190122023649	312.0
313.02901280978347	319.0
313.0390134172021	327.0
313.0490140246207	342.0
313.0590146320393	354.0
313.06901523945794	371.0
313.07901584687653	375.0
313.0890164542951	375.0
313.0990170617137	375.0
313.10901766913236	367.0
313.11901827655095	354.0
313.12901888396954	338.0
313.1390194913881	323.0
313.1490200988068	316.0
313.15902070622536	316.0
313.16902131364395	323.0
313.1790219210626	334.0
313.1890225284812	380.0
313.1990231358998	407.0
313.20902374331837	426.0
313.219024350737	431.0
313.2290249581556	431.0
313.2390255655742	431.0
313.24902617299284	421.0
313.25902678041143	402.0
313.26902738783	380.0
313.2790279952486	358.0
313.28902860266726	338.0
313.29902921008585	323.0
313.30902981750444	316.0
313.3190304249231	316.0
313.3290310323417	319.0
313.33903163976026	327.0
313.34903224717885	334.0
313.3590328545975	342.0
313.3690334620161	346.0
313.3790340694347	346.0
313.3890346768533	338.0
313.3990352842719	331.0
313.4090358916905	316.0
313.4190364991091	301.0
313.42903710652774	268.0
313.43903771394633	256.0
313.4490383213649	256.0
313.45903892878357	259.0
313.46903953620216	272.0
313.47904014362075	305.0
313.48904075103934	331.0
313.499041358458	363.0
313.5090419658766	380.0
313.51904257329517	380.0
313.52904318071376	380.0
313.5390437881324	375.0
313.549044395551	363.0
313.5590450029696	305.0
313.56904561038823	256.0
313.5790462178068	248.0
313.5890468252254	236.0
313.599047432644	236.0
313.60904804006265	268.0
313.61904864748124	275.0
313.6290492548998	275.0
313.6390498623185	278.0
313.64905046973706	275.0
313.65905107715565	275.0
313.66905168457424	272.0
313.6790522919929	268.0
313.6890528994115	265.0
313.69905350683007	262.0
313.7090541142487	259.0
313.7190547216673	0.0
313.7290553290859	0.0
313.7390559365045	0.0
313.74905654392313	0.0
313.7590571513417	0.0
313.7690577587603	0.0
313.77905836617896	0.0
313.78905897359755	0.0
313.79905958101614	0.0
313.8090601884347	0.0
313.8190607958534	0.0
313.82906140327196	0.0
313.83906201069055	0.0
313.84906261810914	0.0
313.8590632255278	0.0
313.8690638329464	0.0
313.87906444036497	0.0
313.8890650477836	0.0
313.8990656552022	0.0
313.9090662626208	0.0
313.9190668700394	0.0
313.92906747745803	0.0
313.9390680848766	0.0
313.9490686922952	215.0
313.95906929971386	210.0
313.96906990713245	210.0
313.97907051455104	208.0
313.98907112196963	206.0
313.9990717293883	206.0
314.00907233680687	208.0
314.01907294422546	213.0
314.0290735516441	220.0
314.0390741590627	231.0
314.0490747664813	250.0
314.0590753738999	265.0
314.0690759813185	268.0
314.0790765887371	268.0
314.0890771961557	262.0
314.09907780357435	242.0
314.10907841099294	236.0
314.1190790184115	210.0
314.1290796258301	203.0
314.13908023324876	201.0
314.14908084066735	201.0
314.15908144808594	208.0
314.1690820555046	231.0
314.1790826629232	250.0
314.18908327034177	275.0
314.19908387776036	284.0
314.209084485179	294.0
314.2190850925976	294.0
314.2290857000162	288.0
314.2390863074348	275.0
314.2490869148534	256.0
314.259087522272	242.0
314.2690881296906	223.0
314.27908873710925	210.0
314.28908934452784	203.0
314.2990899519464	199.0
314.309090559365	201.0
314.31909116678366	203.0
314.32909177420225	210.0
314.33909238162084	215.0
314.3490929890395	220.0
314.3590935964581	231.0
314.36909420387667	239.0
314.37909481129526	239.0
314.3890954187139	239.0
314.3990960261325	236.0
314.4090966335511	234.0
314.41909724096973	226.0
314.4290978483883	220.0
314.4390984558069	215.0
314.4490990632255	215.0
314.45909967064415	218.0
314.46910027806274	223.0
314.47910088548133	228.0
314.4891014929	236.0
314.49910210031857	242.0
314.50910270773716	245.0
314.51910331515575	245.0
314.5291039225744	242.0
314.539104529993	236.0
314.5491051374116	223.0
314.5591057448302	208.0
314.5691063522488	196.0
314.5791069596674	185.0
314.589107567086	183.0
314.59910817450464	185.0
314.6091087819232	192.0
314.6191093893418	199.0
314.6291099967604	203.0
314.63911060417905	206.0
314.64911121159764	208.0
314.65911181901623	210.0
314.6691124264349	210.0
314.67911303385347	210.0
314.68911364127206	208.0
314.69911424869065	206.0
314.7091148561093	203.0
314.7191154635279	196.0
314.7291160709465	194.0
314.7391166783651	192.0
314.7491172857837	194.0
314.7591178932023	199.0
314.7691185006209	206.0
314.77911910803954	210.0
314.7891197154581	218.0
314.7991203228767	226.0
314.80912093029536	236.0
314.81912153771395	242.0
314.82912214513254	248.0
314.83912275255113	248.0
314.8491233599698	248.0
314.85912396738837	245.0
314.86912457480696	236.0
314.8791251822256	231.0
314.8891257896442	223.0
314.8991263970628	218.0
314.9091270044814	215.0
314.9191276119	215.0
314.9291282193186	220.0
314.9391288267372	228.0
314.94912943415585	239.0
314.95913004157444	248.0
314.96913064899303	253.0
314.9791312564116	256.0
314.98913186383027	253.0
314.99913247124886	248.0
315.00913307866745	242.0
315.01913368608604	234.0
315.0291342935047	206.0
315.0391349009233	194.0
315.04913550834186	187.0
315.0591361157605	185.0
315.0691367231791	187.0
315.0791373305977	192.0
315.0891379380163	196.0
315.0991385454349	199.0
315.1091391528535	203.0
315.1191397602721	206.0
315.12914036769075	208.0
315.13914097510934	208.0
315.14914158252793	208.0
315.1591421899465	208.0
315.16914279736517	208.0
315.17914340478376	206.0
315.18914401220235	201.0
315.199144619621	199.0
315.2091452270396	196.0
315.2191458344582	196.0
315.22914644187676	199.0
315.2391470492954	203.0
315.249147656714	208.0
315.2591482641326	215.0
315.26914887155124	223.0
315.2791494789698	231.0
315.2891500863884	236.0
315.299150693807	239.0
315.30915130122565	236.0
315.31915190864424	234.0
315.32915251606283	228.0
315.3391531234815	226.0
315.34915373090007	220.0
315.35915433831866	218.0
315.36915494573725	220.0
315.3791555531559	220.0
315.3891561605745	228.0
315.3991567679931	245.0
315.40915737541167	256.0
315.4191579828303	301.0
315.4291585902489	308.0
315.4391591976675	316.0
315.44915980508614	316.0
315.45916041250473	316.0
315.4691610199233	305.0
315.4791616273419	250.0
315.48916223476056	236.0
315.49916284217915	223.0
315.50916344959774	215.0
315.5191640570164	215.0
315.529164664435	215.0
315.53916527185356	215.0
315.54916587927215	218.0
315.5591664866908	220.0
315.5691670941094	228.0
315.579167701528	236.0
315.5891683089466	242.0
315.5991689163652	250.0
315.6091695237838	259.0
315.6191701312024	265.0
315.62917073862104	272.0
315.63917134603963	275.0
315.6491719534582	278.0
315.65917256087687	278.0
315.66917316829546	278.0
315.67917377571405	278.0
315.68917438313264	278.0
315.6991749905513	275.0
315.7091755979699	275.0
315.71917620538846	275.0
315.7291768128071	275.0
315.7391774202257	275.0
315.7491780276443	275.0
315.7591786350629	278.0
315.7691792424815	278.0
315.7791798499001	278.0
315.7891804573187	278.0
315.7991810647373	278.0
315.80918167215594	278.0
315.81918227957453	278.0
315.8291828869931	272.0
315.83918349441177	262.0
315.84918410183036	259.0
315.85918470924895	259.0
315.86918531666754	256.0
315.8791859240862	256.0
315.8891865315048	259.0
315.89918713892337	268.0
315.909187746342	291.0
315.9191883537606	316.0
315.9291889611792	338.0
315.9391895685978	358.0
315.94919017601643	367.0
315.959190783435	375.0
315.9691913908536	371.0
315.97919199827226	367.0
315.98919260569085	354.0
315.99919321310944	334.0
316.009193820528	312.0
316.0191944279467	291.0
316.02919503536526	278.0
316.03919564278385	272.0
316.0491962502025	268.0
316.0591968576211	268.0
316.0691974650397	268.0
316.07919807245827	268.0
316.0891986798769	265.0
316.0991992872955	253.0
316.1091998947141	242.0
316.1192005021327	239.0
316.12920110955133	242.0
316.1392017169699	265.0
316.1492023243885	265.0
316.15920293180716	265.0
316.16920353922575	268.0
316.17920414664434	268.0
316.1892047540629	265.0
316.1992053614816	265.0
316.20920596890016	268.0
316.21920657631875	275.0
316.2292071837374	291.0
316.239207791156	312.0
316.2492083985746	331.0
316.25920900599317	350.0
316.2692096134118	384.0
316.2792102208304	412.0
316.289210828249	421.0
316.29921143566764	431.0
316.30921204308623	431.0
316.3192126505048	426.0
316.3292132579234	417.0
316.33921386534206	402.0
316.34921447276065	380.0
316.35921508017924	363.0
316.3692156875979	350.0
316.3792162950165	334.0
316.38921690243507	327.0
316.39921750985366	316.0
316.4092181172723	0.0
316.4192187246909	0.0
316.4292193321095	0.0
316.43921993952813	0.0
316.4492205469467	0.0
316.4592211543653	0.0
316.4692217617839	0.0
316.47922236920255	0.0
316.48922297662114	0.0
316.4992235840397	0.0
316.5092241914583	0.0
316.51922479887696	0.0
316.52922540629555	0.0
316.53922601371414	0.0
316.5492266211328	0.0
316.5592272285514	0.0
316.56922783596997	0.0
316.57922844338856	0.0
316.5892290508072	0.0
316.5992296582258	0.0
316.6092302656444	0.0
316.61923087306303	0.0
316.6292314804816	0.0
316.6392320879002	0.0
316.6492326953188	0.0
316.65923330273745	0.0
316.66923391015604	0.0
316.6792345175746	0.0
316.6892351249933	0.0
316.69923573241186	0.0
316.70923633983045	0.0
316.71923694724904	0.0
316.7292375546677	0.0
316.7392381620863	0.0
316.74923876950487	0.0
316.7592393769235	0.0
316.7692399843421	0.0
316.7792405917607	0.0
316.7892411991793	0.0
316.79924180659793	0.0
316.8092424140165	0.0
316.8192430214351	0.0
316.82924362885376	0.0
316.83924423627235	0.0
316.84924484369094	0.0
316.85924545110953	0.0
316.8692460585282	0.0
316.87924666594677	0.0
316.88924727336536	0.0
316.89924788078395	0.0
316.9092484882026	0.0
316.9192490956212	0.0
316.9292497030398	0.0
316.9392503104584	0.0
316.949250917877	0.0
316.9592515252956	0.0
316.9692521327142	0.0
316.97925274013284	0.0
316.9892533475514	0.0
316.99925395497	0.0
317.00925456238866	0.0
317.01925516980725	0.0
317.02925577722584	0.0
317.03925638464443	0.0
317.0492569920631	0.0
317.05925759948167	0.0
317.06925820690026	0.0
317.0792588143189	0.0
317.0892594217375	0.0
317.0992600291561	0.0
317.1092606365747	0.0
317.1192612439933	0.0
317.1292618514119	0.0
317.1392624588305	291.0
317.14926306624915	288.0
317.15926367366774	284.0
317.1692642810863	278.0
317.1792648885049	272.0
317.18926549592356	265.0
317.19926610334215	265.0
317.20926671076074	262.0
317.2192673181794	265.0
317.229267925598	275.0
317.23926853301657	288.0
317.24926914043516	305.0
317.2592697478538	323.0
317.2692703552724	338.0
317.279270962691	350.0
317.2892715701096	363.0
317.2992721775282	367.0
317.3092727849468	367.0
317.3192733923654	363.0
317.32927399978405	354.0
317.33927460720264	342.0
317.34927521462123	331.0
317.3592758220398	327.0
317.36927642945847	331.0
317.37927703687706	338.0
317.38927764429565	346.0
317.3992782517143	358.0
317.4092788591329	375.0
317.4192794665515	389.0
317.42928007397006	402.0
317.4392806813887	402.0
317.4492812888073	398.0
317.4592818962259	389.0
317.46928250364454	367.0
317.4792831110631	354.0
317.4892837184817	338.0
317.4992843259003	327.0
317.50928493331895	319.0
317.51928554073754	319.0
317.52928614815613	323.0
317.5392867555748	331.0
317.54928736299337	342.0
317.55928797041196	350.0
317.56928857783055	354.0
317.5792891852492	354.0
317.5892897926678	354.0
317.5992904000864	350.0
317.609291007505	346.0
317.6192916149236	334.0
317.6292922223422	262.0
317.6392928297608	256.0
317.64929343717944	248.0
317.659294044598	242.0
317.6692946520166	242.0
317.6792952594352	248.0
317.68929586685385	253.0
317.69929647427244	259.0
317.70929708169103	265.0
317.7192976891097	268.0
317.72929829652827	272.0
317.73929890394686	272.0
317.74929951136545	272.0
317.7593001187841	268.0
317.7693007262027	262.0
317.7793013336213	256.0
317.7893019410399	250.0
317.7993025484585	245.0
317.8093031558771	242.0
317.8193037632957	268.0
317.82930437071434	275.0
317.83930497813293	294.0
317.8493055855515	316.0
317.85930619297017	331.0
317.86930680038876	342.0
317.87930740780735	354.0
317.88930801522594	358.0
317.8993086226446	358.0
317.9093092300632	354.0
317.91930983748176	350.0
317.9293104449004	312.0
317.939311052319	301.0
317.9493116597376	298.0
317.9593122671562	298.0
317.9693128745748	301.0
317.9793134819934	312.0
317.989314089412	323.0
317.99931469683065	334.0
318.00931530424924	346.0
318.01931591166783	354.0
318.0293165190864	363.0
318.03931712650507	367.0
318.04931773392366	363.0
318.05931834134225	358.0
318.06931894876084	350.0
318.0793195561795	338.0
318.0893201635981	327.0
318.09932077101666	319.0
318.1093213784353	312.0
318.1193219858539	308.0
318.1293225932725	312.0
318.1393232006911	319.0
318.1493238081097	331.0
318.1593244155283	346.0
318.1693250229469	367.0
318.17932563036555	384.0
318.18932623778414	398.0
318.19932684520273	407.0
318.2093274526213	412.0
318.21932806003997	412.0
318.22932866745856	412.0
318.23932927487715	412.0
318.2493298822958	407.0
318.2593304897144	402.0
318.269331097133	398.0
318.27933170455157	398.0
318.2893323119702	398.0
318.2993329193888	398.0
318.3093335268074	402.0
318.31933413422604	402.0
318.32933474164463	407.0
318.3393353490632	407.0
318.3493359564818	412.0
318.35933656390046	412.0
318.36933717131905	407.0
318.37933777873764	402.0
318.3893383861563	407.0
318.3993389935749	0.0
318.40933960099346	0.0
318.41934020841205	0.0
318.4293408158307	0.0
318.4393414232493	389.0
318.4493420306679	375.0
318.45934263808647	363.0
318.4693432455051	346.0
318.4793438529237	327.0
318.4893444603423	316.0
318.49934506776094	316.0
318.50934567517953	316.0
318.5193462825981	323.0
318.5293468900167	334.0
318.53934749743536	342.0
318.54934810485395	350.0
318.55934871227254	354.0
318.5693493196912	354.0
318.5793499271098	350.0
318.58935053452836	346.0
318.59935114194695	331.0
318.6093517493656	319.0
318.6193523567842	312.0
318.6293529642028	312.0
318.6393535716214	316.0
318.64935417904	327.0
318.6593547864586	342.0
318.6693553938772	371.0
318.67935600129584	393.0
318.68935660871443	421.0
318.699357216133	436.0
318.70935782355167	447.0
318.71935843097026	447.0
318.72935903838885	441.0
318.73935964580744	431.0
318.7493602532261	412.0
318.7593608606447	389.0
318.76936146806327	358.0
318.77936207548186	342.0
318.7893626829005	331.0
318.7993632903191	331.0
318.8093638977377	331.0
318.81936450515633	338.0
318.8293651125749	346.0
318.8393657199935	350.0
318.8493663274121	350.0
318.85936693483075	350.0
318.86936754224934	342.0
318.8793681496679	331.0
318.8893687570866	319.0
318.89936936450516	288.0
318.90936997192375	272.0
318.91937057934234	262.0
318.929371186761	259.0
318.9393717941796	262.0
318.94937240159817	284.0
318.9593730090168	308.0
318.9693736164354	319.0
318.979374223854	342.0
318.9893748312726	358.0
318.99937543869123	363.0
319.0093760461098	367.0
319.0193766535284	363.0
319.02937726094706	358.0
319.03937786836565	301.0
319.04937847578424	0.0
319.0593790832028	253.0
319.0693796906215	250.0
319.07938029804006	256.0
319.08938090545865	272.0
319.0993815128773	275.0
319.1093821202959	275.0
319.1193827277145	268.0
319.12938333513307	265.0
319.1393839425517	262.0
319.1493845499703	265.0
319.1593851573889	265.0
319.1693857648075	265.0
319.17938637222613	268.0
319.1893869796447	268.0
319.1993875870633	268.0
319.20938819448196	268.0
319.21938880190055	268.0
319.22938940931914	268.0
319.23939001673773	268.0
319.2493906241564	268.0
319.25939123157497	272.0
319.26939183899356	272.0
319.2793924464122	272.0
319.2893930538308	272.0
319.2993936612494	275.0
319.309394268668	275.0
319.3193948760866	275.0
319.3293954835052	275.0
319.3393960909238	272.0
319.34939669834245	268.0
319.35939730576104	256.0
319.3693979131796	250.0
319.3793985205982	245.0
319.38939912801686	239.0
319.39939973543545	236.0
319.40940034285404	228.0
319.4194009502727	223.0
319.4294015576913	218.0
319.43940216510987	210.0
319.44940277252846	208.0
319.4594033799471	208.0
319.4694039873657	210.0
319.4794045947843	218.0
319.48940520220293	231.0
319.4994058096215	245.0
319.5094064170401	259.0
319.5194070244587	272.0
319.52940763187735	278.0
319.53940823929594	278.0
319.5494088467145	272.0
319.5594094541331	256.0
319.56941006155176	245.0
319.57941066897035	226.0
319.58941127638894	213.0
319.5994118838076	210.0
319.6094124912262	213.0
319.61941309864477	228.0
319.62941370606336	236.0
319.639414313482	250.0
319.6494149209006	265.0
319.6594155283192	278.0
319.66941613573783	281.0
319.6794167431564	281.0
319.689417350575	275.0
319.6994179579936	262.0
319.70941856541225	250.0
319.71941917283084	236.0
319.72941978024943	218.0
319.7394203876681	213.0
319.74942099508667	210.0
319.75942160250526	210.0
319.76942220992385	213.0
319.7794228173425	218.0
319.7894234247611	226.0
319.7994240321797	236.0
319.8094246395983	242.0
319.8194252470169	250.0
319.8294258544355	253.0
319.8394264618541	256.0
319.84942706927274	256.0
319.8594276766913	250.0
319.8694282841099	245.0
319.87942889152856	239.0
319.88942949894715	228.0
319.89943010636574	223.0
319.90943071378433	220.0
319.919431321203	223.0
319.92943192862157	226.0
319.93943253604016	234.0
319.94943314345875	242.0
319.9594337508774	250.0
319.969434358296	253.0
319.9794349657146	256.0
319.9894355731332	253.0
319.9994361805518	245.0
320.0094367879704	234.0
320.019437395389	220.0
320.02943800280764	203.0
320.0394386102262	196.0
320.0494392176448	196.0
320.05943982506346	199.0
320.06944043248205	201.0
320.07944103990064	203.0
320.08944164731923	206.0
320.0994422547379	206.0
320.10944286215647	206.0
320.11944346957506	206.0
320.1294440769937	206.0
320.1394446844123	203.0
320.1494452918309	201.0
320.1594458992495	201.0
320.1694465066681	199.0
320.1794471140867	201.0
320.1894477215053	201.0
320.19944832892395	203.0
320.20944893634254	206.0
320.21944954376113	210.0
320.2294501511797	218.0
320.23945075859837	226.0
320.24945136601696	234.0
320.25945197343555	239.0
320.2694525808542	242.0
320.2794531882728	245.0
320.2894537956914	245.0
320.29945440310996	242.0
320.3094550105286	236.0
320.3194556179472	231.0
320.3294562253658	226.0
320.3394568327844	220.0
320.349457440203	218.0
320.3594580476216	220.0
320.3694586550402	223.0
320.37945926245885	228.0
320.38945986987744	234.0
320.39946047729603	242.0
320.4094610847146	245.0
320.41946169213327	248.0
320.42946229955186	245.0
320.43946290697045	239.0
320.4494635143891	231.0
320.4594641218077	213.0
320.4694647292263	199.0
320.47946533664486	192.0
320.4894659440635	183.0
320.4994665514821	185.0
320.5094671589007	187.0
320.51946776631934	192.0
320.5294683737379	196.0
320.5394689811565	201.0
320.5494695885751	206.0
320.55947019599375	208.0
320.56947080341234	210.0
320.57947141083093	210.0
320.5894720182496	208.0
320.59947262566817	206.0
320.60947323308676	203.0
320.61947384050535	201.0
320.629474447924	196.0
320.6394750553426	196.0
320.6494756627612	196.0
320.6594762701798	199.0
320.6694768775984	203.0
320.679477485017	208.0
320.6894780924356	215.0
320.69947869985424	220.0
320.70947930727283	226.0
320.7194799146914	231.0
320.72948052211	234.0
320.73948112952866	234.0
320.74948173694725	231.0
320.75948234436584	226.0
320.7694829517845	223.0
320.7794835592031	218.0
320.78948416662166	215.0
320.79948477404025	215.0
320.8094853814589	215.0
320.8194859888775	218.0
320.8294865962961	220.0
320.8394872037147	226.0
320.8494878111333	231.0
320.8594884185519	239.0
320.8694890259705	248.0
320.87948963338914	256.0
320.88949024080773	259.0
320.8994908482263	253.0
320.90949145564497	245.0
320.91949206306356	242.0
320.92949267048215	242.0
320.93949327790074	239.0
320.9494938853194	231.0
320.959494492738	228.0
320.96949510015656	215.0
320.9794957075752	208.0
320.9894963149938	206.0
320.9994969224124	208.0
321.009497529831	210.0
321.0194981372496	215.0
321.0294987446682	226.0
321.0394993520868	239.0
321.04949995950545	245.0
321.05950056692404	248.0
321.06950117434263	248.0
321.0795017817612	248.0
321.08950238917987	239.0
321.09950299659846	231.0
321.10950360401705	220.0
321.11950421143564	210.0
321.1295048188543	206.0
321.1395054262729	201.0
321.14950603369147	199.0
321.1595066411101	0.0
321.1695072485287	0.0
321.1795078559473	0.0
321.1895084633659	0.0
321.19950907078453	0.0
321.2095096782031	0.0
321.2195102856217	0.0
321.22951089304036	0.0
321.23951150045895	0.0
321.24951210787754	0.0
321.2595127152961	0.0
321.2695133227148	0.0
321.27951393013336	0.0
321.28951453755195	0.0
321.2995151449706	0.0
321.3095157523892	0.0
321.3195163598078	0.0
321.32951696722637	0.0
321.339517574645	0.0
321.3495181820636	0.0
321.3595187894822	0.0
321.36951939690084	0.0
321.37952000431943	0.0
321.389520611738	0.0
321.3995212191566	0.0
321.40952182657526	0.0
321.41952243399385	0.0
321.42952304141244	0.0
321.439523648831	0.0
321.4495242562497	0.0
321.45952486366826	0.0
321.46952547108685	0.0
321.4795260785055	0.0
321.4895266859241	0.0
321.4995272933427	316.0
321.50952790076127	312.0
321.5195285081799	308.0
321.5295291155985	305.0
321.5395297230171	301.0
321.54953033043574	301.0
321.55953093785433	305.0
321.5695315452729	308.0
321.5795321526915	316.0
321.58953276011016	323.0
321.59953336752875	331.0
321.60953397494734	338.0
321.619534582366	346.0
321.6295351897846	358.0
321.63953579720317	367.0
321.64953640462176	380.0
321.6595370120404	389.0
321.669537619459	393.0
321.6795382268776	398.0
321.68953883429623	398.0
321.6995394417148	402.0
321.7095400491334	402.0
321.719540656552	402.0
321.72954126397065	402.0
321.73954187138924	402.0
321.7495424788078	402.0
321.7595430862265	398.0
321.76954369364506	398.0
321.77954430106365	393.0
321.78954490848224	389.0
321.7995455159009	346.0
321.8095461233195	342.0
321.81954673073807	346.0
321.82954733815666	375.0
321.8395479455753	389.0
321.8495485529939	402.0
321.8595491604125	407.0
321.86954976783113	407.0
321.8795503752497	407.0
321.8895509826683	407.0
321.8995515900869	412.0
321.90955219750555	412.0
321.91955280492414	412.0
321.9295534123427	407.0
321.9395540197614	407.0
321.94955462717996	402.0
321.95955523459855	393.0
321.96955584201714	375.0
321.9795564494358	371.0
321.9895570568544	389.0
321.99955766427297	398.0
322.0095582716916	407.0
322.0195588791102	417.0
322.0295594865288	431.0
322.0395600939474	447.0
322.04956070136603	457.0
322.0595613087846	457.0
322.0695619162032	457.0
322.07956252362186	457.0
322.08956313104045	452.0
322.09956373845904	447.0
322.10956434587763	436.0
322.1195649532963	431.0
322.12956556071487	421.0
322.13956616813346	367.0
322.1495667755521	452.0
322.1595673829707	462.0
322.1695679903893	468.0
322.1795685978079	473.0
322.1895692052265	479.0
322.1995698126451	484.0
322.2095704200637	490.0
322.2195710274823	490.0
322.22957163490094	490.0
322.2395722423195	479.0
322.2495728497381	468.0
322.25957345715676	462.0
322.26957406457535	441.0
322.27957467199394	407.0
322.28957527941253	338.0
322.2995758868312	338.0
322.30957649424977	375.0
322.31957710166836	384.0
322.329577709087	389.0
322.3395783165056	393.0
322.3495789239242	398.0
322.3595795313428	402.0
322.3695801387614	407.0
322.37958074618	407.0
322.3895813535986	407.0
322.39958196101725	407.0
322.40958256843584	407.0
322.4195831758544	402.0
322.429583783273	398.0
322.43958439069166	393.0
322.44958499811025	389.0
322.45958560552884	389.0
322.4695862129475	398.0
322.4795868203661	402.0
322.48958742778467	0.0
322.49958803520326	417.0
322.5095886426219	426.0
322.5195892500405	436.0
322.5295898574591	441.0
322.53959046487773	447.0
322.5495910722963	447.0
322.5595916797149	447.0
322.5695922871335	441.0
322.57959289455215	441.0
322.58959350197074	441.0
322.59959410938933	436.0
322.6095947168079	436.0
322.61959532422657	441.0
322.62959593164516	441.0
322.63959653906375	441.0
322.6495971464824	447.0
322.659597753901	447.0
322.6695983613196	447.0
322.67959896873816	452.0
322.6895995761568	452.0
322.6996001835754	452.0
322.709600790994	452.0
322.71960139841264	452.0
322.7296020058312	452.0
322.7396026132498	447.0
322.7496032206684	447.0
322.75960382808705	441.0
322.76960443550564	421.0
322.77960504292423	393.0
322.7896056503429	389.0
322.79960625776147	389.0
322.80960686518006	393.0
322.81960747259865	412.0
322.8296080800173	431.0
322.8396086874359	462.0
322.8496092948545	496.0
322.8596099022731	519.0
322.8696105096917	531.0
322.8796111171103	531.0
322.8896117245289	525.0
322.89961233194754	513.0
322.9096129393661	441.0
322.9196135467847	426.0
322.92961415420336	0.0
322.93961476162195	0.0
322.94961536904054	375.0
322.95961597645913	375.0
322.9696165838778	380.0
322.97961719129637	389.0
322.98961779871496	398.0
322.99961840613355	412.0
323.0096190135522	417.0
323.0196196209708	421.0
323.0296202283894	426.0
323.039620835808	426.0
323.0496214432266	421.0
323.0596220506452	421.0
323.0696226580638	417.0
323.07962326548244	363.0
323.08962387290103	342.0
323.0996244803196	334.0
323.10962508773827	327.0
323.11962569515686	327.0
323.12962630257545	323.0
323.13962690999404	327.0
323.1496275174127	338.0
323.1596281248313	354.0
323.16962873224986	367.0
323.1796293396685	375.0
323.1896299470871	375.0
323.1996305545057	375.0
323.2096311619243	371.0
323.2196317693429	358.0
323.2296323767615	308.0
323.2396329841801	288.0
323.24963359159875	259.0
323.25963419901734	256.0
323.26963480643593	253.0
323.2796354138545	253.0
323.28963602127317	250.0
323.29963662869176	253.0
323.30963723611035	256.0
323.319637843529	259.0
323.3296384509476	265.0
323.3396390583662	268.0
323.34963966578476	268.0
323.3596402732034	268.0
323.369640880622	268.0
323.3796414880406	268.0
323.3896420954592	265.0
323.3996427028778	262.0
323.4096433102964	259.0
323.419643917715	0.0
323.42964452513365	342.0
323.43964513255224	350.0
323.44964573997083	350.0
323.4596463473894	350.0
323.46964695480807	346.0
323.47964756222666	342.0
323.48964816964525	334.0
323.4996487770639	331.0
323.5096493844825	323.0
323.5196499919011	319.0
323.52965059931967	316.0
323.5396512067383	312.0
323.5496518141569	0.0
323.5596524215755	0.0
323.56965302899414	0.0
323.57965363641273	0.0
323.5896542438313	0.0
323.5996548512499	0.0
323.60965545866856	407.0
323.61965606608715	412.0
323.62965667350574	417.0
323.6396572809244	417.0
323.649657888343	417.0
323.65965849576156	412.0
323.66965910318015	407.0
323.6796597105988	393.0
323.6896603180174	371.0
323.699660925436	0.0
323.7096615328546	0.0
323.7196621402732	0.0
323.7296627476918	0.0
323.7396633551104	0.0
323.74966396252904	0.0
323.75966456994763	0.0
323.7696651773662	0.0
323.7796657847848	0.0
323.78966639220346	0.0
323.79966699962205	0.0
323.80966760704064	0.0
323.8196682144593	0.0
323.8296688218779	0.0
323.83966942929646	0.0
323.84967003671505	0.0
323.8596706441337	0.0
323.8696712515523	0.0
323.8796718589709	0.0
323.8896724663895	0.0
323.8996730738081	0.0
323.9096736812267	0.0
323.9196742886453	0.0
323.92967489606394	0.0
323.93967550348253	0.0
323.9496761109011	407.0
323.95967671831977	402.0
323.96967732573836	402.0
323.97967793315695	402.0
323.98967854057554	402.0
323.9996791479942	402.0
324.0096797554128	402.0
324.01968036283137	402.0
324.02968097025	402.0
324.0396815776686	402.0
324.0496821850872	402.0
324.0596827925058	398.0
324.06968339992443	393.0
324.079684007343	327.0
324.0896846147616	323.0
324.0996852221802	316.0
324.10968582959885	308.0
324.11968643701744	305.0
324.129687044436	305.0
324.1396876518547	312.0
324.14968825927326	319.0
324.15968886669185	331.0
324.16968947411044	363.0
324.1796900815291	380.0
324.1896906889477	384.0
324.19969129636627	380.0
324.2096919037849	371.0
324.2196925112035	363.0
324.2296931186221	350.0
324.2396937260407	319.0
324.24969433345933	319.0
324.2596949408779	323.0
324.2696955482965	338.0
324.27969615571516	380.0
324.28969676313375	402.0
324.29969737055234	431.0
324.3096979779709	452.0
324.3196985853896	531.0
324.32969919280816	519.0
324.33969980022675	531.0
324.3497004076454	537.0
324.359701015064	537.0
324.3697016224826	531.0
324.37970222990117	519.0
324.3897028373198	507.0
324.3997034447384	417.0
324.409704052157	407.0
324.41970465957564	384.0
324.42970526699423	384.0
324.4397058744128	384.0
324.4497064818314	393.0
324.45970708925006	398.0
324.46970769666865	402.0
324.47970830408724	402.0
324.48970891150583	402.0
324.4997095189245	402.0
324.50971012634307	402.0
324.51971073376166	398.0
324.5297113411803	398.0
324.5397119485989	393.0
324.5497125560175	389.0
324.5597131634361	380.0
324.5697137708547	371.0
324.5797143782733	367.0
324.5897149856919	358.0
324.59971559311055	342.0
324.60971620052914	327.0
324.6197168079477	319.0
324.6297174153663	316.0
324.63971802278496	316.0
324.64971863020355	323.0
324.65971923762214	331.0
324.6697198450408	338.0
324.6797204524594	346.0
324.68972105987797	358.0
324.69972166729656	363.0
324.7097222747152	363.0
324.7197228821338	363.0
324.7297234895524	358.0
324.73972409697103	346.0
324.7497247043896	334.0
324.7597253118082	327.0
324.7697259192268	327.0
324.77972652664545	327.0
324.78972713406404	334.0
324.7997277414826	342.0
324.8097283489013	358.0
324.81972895631986	371.0
324.82972956373845	375.0
324.83973017115704	375.0
324.8497307785757	371.0
324.8597313859943	363.0
324.86973199341287	354.0
324.87973260083146	342.0
324.8897332082501	342.0
324.8997338156687	338.0
324.9097344230873	334.0
324.91973503050593	331.0
324.9297356379245	327.0
324.9397362453431	327.0
324.9497368527617	338.0
324.95973746018035	354.0
324.96973806759894	371.0
324.97973867501753	407.0
324.9897392824362	421.0
324.99973988985477	431.0
325.00974049727336	431.0
325.01974110469195	426.0
325.0297417121106	417.0
325.0397423195292	384.0
325.0497429269478	363.0
325.0597435343664	350.0
325.069744141785	338.0
325.0797447492036	334.0
325.0897453566222	331.0
325.09974596404084	334.0
325.1097465714594	342.0
325.119747178878	350.0
325.12974778629666	367.0
325.13974839371525	371.0
325.14974900113384	371.0
325.15974960855243	367.0
325.1697502159711	358.0
325.17975082338967	350.0
325.18975143080826	334.0
325.1997520382269	316.0
325.2097526456455	259.0
325.2197532530641	259.0
325.2297538604827	265.0
325.2397544679013	268.0
325.2497550753199	272.0
325.2597556827385	272.0
325.2697562901571	272.0
325.27975689757574	272.0
325.2897575049943	272.0
325.2997581124129	272.0
325.30975871983156	272.0
325.31975932725015	272.0
325.32975993466874	268.0
325.33976054208733	268.0
325.349761149506	268.0
325.35976175692457	268.0
325.36976236434316	268.0
325.3797629717618	268.0
325.3897635791804	272.0
325.399764186599	272.0
325.4097647940176	275.0
325.4197654014362	278.0
325.4297660088548	278.0
325.4397666162734	278.0
325.44976722369205	278.0
325.45976783111064	278.0
325.46976843852923	278.0
325.4797690459478	272.0
325.48976965336647	239.0
325.49977026078506	231.0
325.50977086820365	226.0
325.5197714756223	220.0
325.5297720830409	215.0
325.5397726904595	210.0
325.54977329787806	208.0
325.5597739052967	206.0
325.5697745127153	208.0
325.5797751201339	215.0
325.58977572755254	220.0
325.5997763349711	228.0
325.6097769423897	248.0
325.6197775498083	250.0
325.62977815722695	253.0
325.63977876464554	253.0
325.64977937206413	245.0
325.6597799794827	234.0
325.66978058690137	223.0
325.67978119431996	215.0
325.68978180173855	210.0
325.6997824091572	210.0
325.7097830165758	210.0
325.7197836239944	213.0
325.72978423141296	226.0
325.7397848388316	239.0
325.7497854462502	248.0
325.7597860536688	253.0
325.76978666108744	256.0
325.779787268506	256.0
325.7897878759246	253.0
325.7997884833432	245.0
325.80978909076185	228.0
325.81978969818044	0.0
325.82979030559903	0.0
325.8397909130177	0.0
325.84979152043627	0.0
325.85979212785486	0.0
325.86979273527345	208.0
325.8797933426921	206.0
325.8897939501107	203.0
325.8997945575293	201.0
325.9097951649479	201.0
325.9197957723665	201.0
325.9297963797851	201.0
325.9397969872037	201.0
325.94979759462234	203.0
325.95979820204093	203.0
325.9697988094595	203.0
325.97979941687817	203.0
325.98980002429676	203.0
325.99980063171535	206.0
326.00980123913394	206.0
326.0198018465526	206.0
326.0298024539712	206.0
326.03980306138976	206.0
326.04980366880835	206.0
326.059804276227	203.0
326.0698048836456	201.0
326.0798054910642	201.0
326.0898060984828	199.0
326.0998067059014	196.0
326.10980731332	196.0
326.1198079207386	192.0
326.12980852815724	190.0
326.13980913557583	190.0
326.1498097429944	190.0
326.15981035041307	194.0
326.16981095783166	199.0
326.17981156525025	206.0
326.18981217266884	213.0
326.1998127800875	223.0
326.2098133875061	228.0
326.21981399492466	234.0
326.2298146023433	234.0
326.2398152097619	236.0
326.2498158171805	236.0
326.2598164245991	234.0
326.2698170320177	234.0
326.2798176394363	234.0
326.2898182468549	228.0
326.29981885427355	223.0
326.30981946169214	213.0
326.31982006911073	208.0
326.3298206765293	208.0
326.33982128394797	208.0
326.34982189136656	210.0
326.35982249878515	215.0
326.3698231062038	226.0
326.3798237136224	245.0
326.389824321041	259.0
326.39982492845957	288.0
326.4098255358782	294.0
326.4198261432968	298.0
326.4298267507154	298.0
326.439827358134	291.0
326.44982796555263	250.0
326.4598285729712	228.0
326.4698291803898	218.0
326.47982978780846	215.0
326.48983039522705	218.0
326.49983100264564	223.0
326.5098316100642	231.0
326.5198322174829	236.0
326.52983282490146	245.0
326.53983343232005	250.0
326.5498340397387	259.0
326.5598346471573	265.0
326.5698352545759	272.0
326.57983586199447	272.0
326.5898364694131	275.0
326.5998370768317	272.0
326.6098376842503	256.0
326.61983829166894	245.0
326.62983889908753	242.0
326.6398395065061	245.0
326.6498401139247	272.0
326.65984072134336	272.0
326.66984132876195	268.0
326.67984193618054	268.0
326.6898425435992	268.0
326.6998431510178	294.0
326.70984375843636	308.0
326.71984436585495	319.0
326.7298449732736	338.0
326.7398455806922	367.0
326.7498461881108	402.0
326.75984679552937	421.0
326.769847402948	431.0
326.7798480103666	436.0
326.7898486177852	436.0
326.79984922520384	426.0
326.80984983262243	407.0
326.819850440041	389.0
326.8298510474596	371.0
326.83985165487826	354.0
326.84985226229685	350.0
326.85985286971544	346.0
326.8698534771341	346.0
326.8798540845527	346.0
326.88985469197127	342.0
326.89985529938986	342.0
326.9098559068085	342.0
326.9198565142271	338.0
326.9298571216457	334.0
326.93985772906433	327.0
326.9498583364829	338.0
326.9598589439015	342.0
326.9698595513201	354.0
326.97986015873875	380.0
326.98986076615734	393.0
326.9998613735759	398.0
327.0098619809946	398.0
327.01986258841316	402.0
327.02986319583175	402.0
327.03986380325034	402.0
327.049864410669	402.0
327.0598650180876	402.0
327.06986562550617	402.0
327.0798662329248	402.0
327.0898668403434	402.0
327.099867447762	407.0
327.1098680551806	407.0
327.11986866259923	417.0
327.1298692700178	426.0
327.1398698774364	436.0
327.149870484855	447.0
327.15987109227365	457.0
327.16987169969224	462.0
327.1798723071108	462.0
327.1898729145295	462.0
327.19987352194806	457.0
327.20987412936665	452.0
327.21987473678524	447.0
327.2298753442039	436.0
327.2398759516225	431.0
327.24987655904107	421.0
327.2598771664597	412.0
327.2698777738783	431.0
327.2798783812969	452.0
327.2898789887155	452.0
327.29987959613413	452.0
327.3098802035527	452.0
327.3198808109713	452.0
327.32988141838996	457.0
327.33988202580855	462.0
327.34988263322714	468.0
327.35988324064573	479.0
327.3698838480644	479.0
327.37988445548297	479.0
327.38988506290156	479.0
327.3998856703202	473.0
327.4098862777388	468.0
327.4198868851574	436.0
327.429887492576	436.0
327.4398880999946	441.0
327.4498887074132	452.0
327.4598893148318	462.0
327.46988992225045	490.0
327.47989052966904	519.0
327.4898911370876	537.0
327.4998917445062	556.0
327.50989235192486	569.0
327.51989295934345	583.0
327.52989356676204	583.0
327.53989417418063	569.0
327.5498947815993	537.0
327.55989538901787	531.0
327.56989599643646	436.0
327.5798966038551	421.0
327.5898972112737	412.0
327.5998978186923	417.0
327.6098984261109	426.0
327.6198990335295	441.0
327.6298996409481	457.0
327.6399002483667	468.0
327.64990085578535	468.0
327.65990146320394	468.0
327.6699020706225	468.0
327.6799026780411	0.0
327.68990328545976	0.0
327.69990389287835	0.0
327.70990450029694	0.0
327.7199051077156	0.0
327.7299057151342	0.0
327.73990632255277	0.0
327.74990692997136	0.0
327.75990753739	0.0
327.7699081448086	0.0
327.7799087522272	0.0
327.78990935964583	0.0
327.7999099670644	0.0
327.809910574483	0.0
327.8199111819016	0.0
327.82991178932025	0.0
327.83991239673884	0.0
327.84991300415743	0.0
327.8599136115761	0.0
327.86991421899467	0.0
327.87991482641326	0.0
327.88991543383185	0.0
327.8999160412505	0.0
327.9099166486691	0.0
327.9199172560877	284.0
327.92991786350626	291.0
327.9399184709249	298.0
327.9499190783435	308.0
327.9599196857621	323.0
327.96992029318073	342.0
327.9799209005993	363.0
327.9899215080179	421.0
327.9999221154365	452.0
328.00992272285515	468.0
328.01992333027374	484.0
328.02992393769233	496.0
328.039924545111	496.0
328.04992515252957	490.0
328.05992575994816	462.0
328.06992636736675	426.0
328.0799269747854	421.0
328.089927582204	421.0
328.0999281896226	431.0
328.1099287970412	452.0
328.1199294044598	484.0
328.1299300118784	507.0
328.139930619297	525.0
328.14993122671564	537.0
328.1599318341342	544.0
328.1699324415528	531.0
328.17993304897146	531.0
328.18993365639005	525.0
328.19993426380864	417.0
328.20993487122723	389.0
328.2199354786459	354.0
328.22993608606447	342.0
328.23993669348306	358.0
328.2499373009017	375.0
328.2599379083203	384.0
328.2699385157389	398.0
328.2799391231575	407.0
328.2899397305761	412.0
328.2999403379947	412.0
328.3099409454133	412.0
328.3199415528319	412.0
328.32994216025054	407.0
328.33994276766913	398.0
328.3499433750877	375.0
328.35994398250637	331.0
328.36994458992496	323.0
328.37994519734355	316.0
328.38994580476214	312.0
328.3999464121808	312.0
328.4099470195994	312.0
328.41994762701796	323.0
328.4299482344366	334.0
328.4399488418552	346.0
328.4499494492738	350.0
328.4599500566924	354.0
328.469950664111	350.0
328.4799512715296	342.0
328.4899518789482	334.0
328.49995248636685	323.0
328.50995309378544	312.0
328.51995370120403	305.0
328.5299543086226	298.0
328.53995491604127	291.0
328.54995552345986	291.0
328.55995613087845	308.0
328.5699567382971	323.0
328.5799573457157	342.0
328.5899579531343	375.0
328.59995856055286	393.0
328.6099591679715	407.0
328.6199597753901	412.0
328.6299603828087	412.0
328.63996099022734	412.0
328.6499615976459	412.0
328.6599622050645	407.0
328.6699628124831	402.0
328.67996341990175	398.0
328.68996402732034	393.0
328.69996463473893	393.0
328.7099652421575	407.0
328.71996584957617	421.0
328.72996645699476	431.0
328.73996706441335	441.0
328.749967671832	457.0
328.7599682792506	462.0
328.7699688866692	468.0
328.77996949408777	473.0
328.7899701015064	473.0
328.799970708925	468.0
328.8099713163436	457.0
328.81997192376224	447.0
328.82997253118083	431.0
328.8399731385994	417.0
328.849973746018	0.0
328.85997435343666	0.0
328.86997496085525	0.0
328.87997556827384	0.0
328.8899761756925	407.0
328.8999767831111	417.0
328.90997739052966	426.0
328.91997799794825	452.0
328.9299786053669	496.0
328.9399792127855	519.0
328.9499798202041	537.0
328.9599804276227	537.0
328.9699810350413	531.0
328.9799816424599	519.0
328.9899822498785	496.0
328.99998285729714	468.0
329.00998346471573	412.0
329.0199840721343	398.0
329.0299846795529	389.0
329.03998528697156	380.0
329.04998589439015	380.0
329.05998650180874	384.0
329.0699871092274	393.0
329.079987716646	402.0
329.08998832406456	407.0
329.09998893148315	412.0
329.1099895389018	417.0
329.1199901463204	417.0
329.129990753739	412.0
329.1399913611576	402.0
329.1499919685762	402.0
329.1599925759948	358.0
329.1699931834134	338.0
329.17999379083204	327.0
329.18999439825063	323.0
329.1999950056692	323.0
329.20999561308787	327.0
329.21999622050646	331.0
329.22999682792505	346.0
329.23999743534364	350.0
329.2499980427623	350.0
329.2599986501809	350.0
329.26999925759947	350.0
329.2799998650181	342.0
329.2900004724367	0.0
329.3000010798553	253.0
329.3100016872739	248.0
329.32000229469253	236.0
329.3300029021111	236.0
329.3400035095297	236.0
329.35000411694836	242.0
329.36000472436695	245.0
329.37000533178553	250.0
329.3800059392041	256.0
329.39000654662277	262.0
329.40000715404136	265.0
329.41000776145995	268.0
329.42000836887854	268.0
329.4300089762972	265.0
329.4400095837158	265.0
329.45001019113437	262.0
329.460010798553	262.0
329.4700114059716	262.0
329.4800120133902	272.0
329.4900126208088	331.0
329.50001322822743	334.0
329.510013835646	342.0
329.5200144430646	346.0
329.53001505048326	350.0
329.54001565790185	350.0
329.55001626532044	350.0
329.560016872739	346.0
329.5700174801577	338.0
329.58001808757626	331.0
329.59001869499485	323.0
329.6000193024135	316.0
329.6100199098321	0.0
329.6200205172507	0.0
329.63002112466927	0.0
329.6400217320879	0.0
329.6500223395065	0.0
329.6600229469251	402.0
329.67002355434374	402.0
329.68002416176233	407.0
329.6900247691809	412.0
329.7000253765995	417.0
329.71002598401816	417.0
329.72002659143675	417.0
329.73002719885534	417.0
329.740027806274	417.0
329.7500284136926	412.0
329.76002902111117	412.0
329.77002962852976	402.0
329.7800302359484	380.0
329.790030843367	354.0
329.8000314507856	338.0
329.8100320582042	334.0
329.8200326656228	334.0
329.8300332730414	331.0
329.84003388046	334.0
329.85003448787864	350.0
329.86003509529723	367.0
329.8700357027158	389.0
329.8800363101344	412.0
329.89003691755306	436.0
329.90003752497165	441.0
329.91003813239024	441.0
329.9200387398089	426.0
329.9300393472275	407.0
329.94003995464607	384.0
329.95004056206466	350.0
329.9600411694833	338.0
329.9700417769019	327.0
329.9800423843205	331.0
329.99004299173913	334.0
330.0000435991577	342.0
330.0100442065763	354.0
330.0200448139949	363.0
330.03004542141355	367.0
330.04004602883214	367.0
330.0500466362507	363.0
330.0600472436694	354.0
330.07004785108796	342.0
330.08004845850655	275.0
330.09004906592514	253.0
330.1000496733438	250.0
330.1100502807624	250.0
330.12005088818097	253.0
330.1300514955996	256.0
330.1400521030182	259.0
330.1500527104368	262.0
330.1600533178554	265.0
330.17005392527403	265.0
330.1800545326926	265.0
330.1900551401112	262.0
330.2000557475298	259.0
330.21005635494845	256.0
330.22005696236704	248.0
330.23005756978563	236.0
330.2400581772043	223.0
330.25005878462287	210.0
330.26005939204146	201.0
330.27005999946005	199.0
330.2800606068787	199.0
330.2900612142973	201.0
330.3000618217159	203.0
330.3100624291345	208.0
330.3200630365531	215.0
330.3300636439717	228.0
330.3400642513903	239.0
330.35006485880893	248.0
330.3600654662275	250.0
330.3700660736461	253.0
330.38006668106476	250.0
330.39006728848335	245.0
330.40006789590194	236.0
330.41006850332053	231.0
330.4200691107392	228.0
330.43006971815777	226.0
330.44007032557636	226.0
330.450070932995	228.0
330.4600715404136	228.0
330.4700721478322	231.0
330.4800727552508	231.0
330.4900733626694	234.0
330.500073970088	234.0
330.5100745775066	231.0
330.52007518492525	228.0
330.53007579234384	226.0
330.5400763997624	223.0
330.550077007181	223.0
330.56007761459966	226.0
330.57007822201825	228.0
330.58007882943684	228.0
330.59007943685543	226.0
330.6000800442741	218.0
330.61008065169267	213.0
330.62008125911126	213.0
330.6300818665299	218.0
330.6400824739485	226.0
330.6500830813671	236.0
330.6600836887857	245.0
330.6700842962043	250.0
330.6800849036229	256.0
330.6900855110415	256.0
330.70008611846015	256.0
330.71008672587874	250.0
330.72008733329733	245.0
330.7300879407159	226.0
330.74008854813457	218.0
330.75008915555316	210.0
330.76008976297175	206.0
330.7700903703904	201.0
330.780090977809	201.0
330.7900915852276	201.0
330.80009219264616	199.0
330.8100928000648	199.0
330.8200934074834	199.0
330.830094014902	199.0
330.84009462232063	196.0
330.8500952297392	196.0
330.8600958371578	192.0
330.8700964445764	190.0
330.88009705199505	190.0
330.89009765941364	194.0
330.90009826683223	201.0
330.9100988742509	208.0
330.92009948166947	215.0
330.93010008908806	223.0
330.94010069650665	226.0
330.9501013039253	226.0
330.9601019113439	228.0
330.9701025187625	228.0
330.98010312618106	228.0
330.9901037335997	228.0
331.0001043410183	228.0
331.0101049484369	228.0
331.02010555585554	226.0
331.0301061632741	223.0
331.0401067706927	220.0
331.0501073781113	215.0
331.06010798552995	213.0
331.07010859294854	210.0
331.08010920036713	208.0
331.0901098077858	208.0
331.10011041520437	210.0
331.11011102262296	215.0
331.12011163004155	226.0
331.1301122374602	239.0
331.1401128448788	253.0
331.1501134522974	275.0
331.160114059716	288.0
331.1701146671346	294.0
331.1801152745532	298.0
331.1901158819718	298.0
331.20011648939044	294.0
331.21011709680903	288.0
331.2201177042276	275.0
331.23011831164627	259.0
331.24011891906486	245.0
331.25011952648345	234.0
331.26012013390203	213.0
331.2701207413207	206.0
331.28012134873927	203.0
331.29012195615786	201.0
331.3001225635765	203.0
331.3101231709951	206.0
331.3201237784137	213.0
331.3301243858323	228.0
331.3401249932509	242.0
331.3501256006695	250.0
331.3601262080881	262.0
331.3701268155067	268.0
331.38012742292534	272.0
331.39012803034393	272.0
331.4001286377625	272.0
331.41012924518117	272.0
331.42012985259976	268.0
331.43013046001835	268.0
331.44013106743694	268.0
331.4501316748556	265.0
331.4601322822742	265.0
331.47013288969276	265.0
331.4801334971114	265.0
331.49013410453	265.0
331.5001347119486	265.0
331.5101353193672	265.0
331.5201359267858	265.0
331.5301365342044	268.0
331.540137141623	268.0
331.55013774904165	268.0
331.56013835646024	268.0
331.57013896387883	268.0
331.5801395712974	268.0
331.59014017871607	268.0
331.60014078613466	268.0
331.61014139355325	272.0
331.6201420009719	272.0
331.6301426083905	272.0
331.6401432158091	272.0
331.65014382322767	272.0
331.6601444306463	272.0
331.6701450380649	272.0
331.6801456454835	272.0
331.6901462529021	272.0
331.70014686032073	272.0
331.7101474677393	272.0
331.7201480751579	272.0
331.73014868257656	272.0
331.74014928999514	272.0
331.75014989741373	272.0
331.7601505048323	268.0
331.77015111225097	268.0
331.78015171966956	265.0
331.79015232708815	259.0
331.8001529345068	253.0
331.8101535419254	245.0
331.820154149344	236.0
331.83015475676257	231.0
331.8401553641812	0.0
331.8501559715998	0.0
331.8601565790184	0.0
331.87015718643704	0.0
331.88015779385563	0.0
331.8901584012742	0.0
331.9001590086928	0.0
331.91015961611146	0.0
331.92016022353005	371.0
331.93016083094864	371.0
331.9401614383673	371.0
331.9501620457859	367.0
331.96016265320446	363.0
331.97016326062305	358.0
331.9801638680417	354.0
331.9901644754603	350.0
332.0001650828789	350.0
332.0101656902975	346.0
332.0201662977161	342.0
332.0301669051347	342.0
332.0401675125533	338.0
332.05016811997194	338.0
332.06016872739053	338.0
332.0701693348091	338.0
332.0801699422277	338.0
332.09017054964636	338.0
332.10017115706495	334.0
332.11017176448354	334.0
332.1201723719022	334.0
332.1301729793208	331.0
332.14017358673937	331.0
332.15017419415796	334.0
332.1601748015766	338.0
332.1701754089952	342.0
332.1801760164138	346.0
332.19017662383243	358.0
332.200177231251	363.0
332.2101778386696	367.0
332.2201784460882	371.0
332.23017905350684	375.0
332.24017966092543	375.0
332.250180268344	371.0
332.26018087576267	367.0
332.27018148318126	363.0
332.28018209059985	358.0
332.29018269801844	350.0
332.3001833054371	342.0
332.3101839128557	338.0
332.32018452027427	331.0
332.3301851276929	323.0
332.3401857351115	316.0
332.3501863425301	308.0
332.3601869499487	301.0
332.37018755736733	294.0
332.3801881647859	291.0
332.3901887722045	284.0
332.40018937962316	281.0
332.41018998704175	275.0
332.42019059446034	272.0
332.4301912018789	268.0
332.4401918092976	268.0
332.45019241671616	268.0
332.46019302413475	268.0
332.47019363155334	268.0
332.480194238972	265.0
332.4901948463906	259.0
332.50019545380917	248.0
332.5101960612278	234.0
332.5201966686464	226.0
332.530197276065	223.0
332.5401978834836	223.0
332.55019849090223	226.0
332.5601990983208	234.0
332.5701997057394	256.0
332.58020031315806	265.0
332.59020092057665	268.0
332.60020152799524	268.0
332.61020213541383	268.0
332.6202027428325	268.0
332.63020335025107	268.0
332.64020395766966	268.0
332.6502045650883	268.0
332.6602051725069	268.0
332.6702057799255	268.0
332.68020638734407	268.0
332.6902069947627	268.0
332.7002076021813	268.0
332.7102082095999	268.0
332.72020881701854	268.0
332.73020942443713	268.0
332.7402100318557	268.0
332.7502106392743	268.0
332.76021124669296	268.0
332.77021185411155	268.0
332.78021246153014	272.0
332.7902130689488	272.0
332.8002136763674	272.0
332.81021428378597	272.0
332.82021489120456	272.0
332.8302154986232	272.0
332.8402161060418	272.0
332.8502167134604	272.0
332.860217320879	272.0
332.8702179282976	272.0
332.8802185357162	268.0
332.8902191431348	268.0
332.90021975055345	268.0
332.91022035797204	268.0
332.9202209653906	268.0
332.9302215728092	268.0
332.94022218022786	268.0
332.95022278764645	268.0
332.96022339506504	268.0
332.9702240024837	268.0
332.9802246099023	268.0
332.99022521732087	268.0
333.00022582473946	268.0
333.0102264321581	268.0
333.0202270395767	268.0
333.0302276469953	272.0
333.04022825441393	275.0
333.0502288618325	281.0
333.0602294692511	294.0
333.0702300766697	308.0
333.08023068408835	319.0
333.09023129150694	338.0
333.10023189892553	358.0
333.1102325063442	375.0
333.12023311376277	393.0
333.13023372118136	407.0
333.14023432859995	412.0
333.1502349360186	417.0
333.1602355434372	417.0
333.17023615085577	412.0
333.1802367582744	402.0
333.190237365693	393.0
333.2002379731116	384.0
333.2102385805302	375.0
333.22023918794883	371.0
333.2302397953674	363.0
333.240240402786	358.0
333.2502410102046	354.0
333.26024161762325	350.0
333.27024222504184	346.0
333.28024283246043	346.0
333.2902434398791	342.0
333.30024404729767	342.0
333.31024465471626	338.0
333.32024526213485	338.0
333.3302458695535	338.0
333.3402464769721	338.0
333.3502470843907	342.0
333.3602476918093	346.0
333.3702482992279	354.0
333.3802489066465	358.0
333.3902495140651	367.0
333.40025012148374	375.0
333.4102507289023	380.0
333.4202513363209	380.0
333.43025194373956	375.0
333.44025255115815	371.0
333.45025315857674	367.0
333.46025376599533	358.0
333.470254373414	354.0
333.48025498083257	342.0
333.49025558825116	331.0
333.5002561956698	316.0
333.5102568030884	0.0
333.520257410507	0.0
333.5302580179256	0.0
333.5402586253442	0.0
333.5502592327628	0.0
333.5602598401814	0.0
333.57026044760005	0.0
333.58026105501864	0.0
333.59026166243723	0.0
333.6002622698558	0.0
333.61026287727447	0.0
333.62026348469306	0.0
333.63026409211164	0.0
333.64026469953023	0.0
333.6502653069489	0.0
333.66026591436747	0.0
333.67026652178606	0.0
333.6802671292047	0.0
333.6902677366233	0.0
333.7002683440419	0.0
333.7102689514605	0.0
333.7202695588791	0.0
333.7302701662977	0.0
333.7402707737163	0.0
333.75027138113495	0.0
333.76027198855354	0.0
333.77027259597213	0.0
333.7802732033907	0.0
333.79027381080937	0.0
333.80027441822796	0.0
333.81027502564655	0.0
333.8202756330652	0.0
333.8302762404838	0.0
333.8402768479024	0.0
333.85027745532096	0.0
333.8602780627396	0.0
333.8702786701582	0.0
333.8802792775768	0.0
333.89027988499544	0.0
333.900280492414	0.0
333.9102810998326	0.0
333.9202817072512	0.0
333.93028231466985	0.0
333.94028292208844	0.0
333.95028352950703	0.0
333.9602841369257	0.0
333.97028474434427	0.0
333.98028535176286	0.0
333.99028595918145	0.0
334.0002865666001	0.0
334.0102871740187	0.0
334.0202877814373	0.0
334.03028838885587	0.0
334.0402889962745	213.0
334.0502896036931	208.0
334.0602902111117	208.0
334.07029081853034	208.0
334.08029142594893	210.0
334.0902920333675	215.0
334.1002926407861	220.0
334.11029324820475	223.0
334.12029385562334	231.0
334.13029446304193	236.0
334.1402950704606	242.0
334.15029567787917	250.0
334.16029628529776	268.0
334.17029689271635	291.0
334.180297500135	316.0
334.1902981075536	331.0
334.2002987149722	342.0
334.2102993223908	354.0
334.2202999298094	363.0
334.230300537228	367.0
334.2403011446466	371.0
334.25030175206524	371.0
334.26030235948383	371.0
334.2703029669024	367.0
334.28030357432107	363.0
334.29030418173966	363.0
334.30030478915825	358.0
334.31030539657684	354.0
334.3203060039955	354.0
334.3303066114141	350.0
334.34030721883266	350.0
334.35030782625125	346.0
334.3603084336699	346.0
334.3703090410885	346.0
334.3803096485071	342.0
334.3903102559257	342.0
334.4003108633443	338.0
334.4103114707629	338.0
334.4203120781815	338.0
334.43031268560014	334.0
334.44031329301873	334.0
334.4503139004373	334.0
334.46031450785597	338.0
334.47031511527456	338.0
334.48031572269315	342.0
334.49031633011174	350.0
334.5003169375304	358.0
334.510317544949	363.0
334.52031815236757	367.0
334.5303187597862	367.0
334.5403193672048	367.0
334.5503199746234	367.0
334.560320582042	367.0
334.5703211894606	367.0
334.5803217968792	363.0
334.5903224042978	358.0
334.60032301171645	354.0
334.61032361913504	350.0
334.62032422655363	346.0
334.6303248339722	342.0
334.64032544139087	338.0
334.65032604880946	334.0
334.66032665622805	334.0
334.6703272636467	331.0
334.6803278710653	327.0
334.6903284784839	327.0
334.70032908590247	327.0
334.7103296933211	327.0
334.7203303007397	334.0
334.7303309081583	342.0
334.7403315155769	350.0
334.75033212299553	363.0
334.7603327304141	375.0
334.7703333378327	398.0
334.78033394525136	412.0
334.79033455266995	421.0
334.80033516008854	421.0
334.8103357675071	421.0
334.8203363749258	421.0
334.83033698234436	417.0
334.84033758976295	407.0
334.8503381971816	398.0
334.8603388046002	389.0
334.8703394120188	380.0
334.88034001943737	371.0
334.890340626856	367.0
334.9003412342746	363.0
334.9103418416932	358.0
334.92034244911184	354.0
334.93034305653043	350.0
334.940343663949	350.0
334.9503442713676	346.0
334.96034487878626	346.0
334.97034548620485	346.0
334.98034609362344	346.0
334.9903467010421	346.0
335.0003473084607	346.0
335.01034791587927	342.0
335.02034852329786	342.0
335.0303491307165	342.0
335.0403497381351	342.0
335.0503503455537	346.0
335.0603509529723	350.0
335.0703515603909	354.0
335.0803521678095	358.0
335.0903527752281	367.0
335.10035338264674	371.0
335.11035399006533	375.0
335.1203545974839	375.0
335.1303552049025	375.0
335.14035581232116	375.0
335.15035641973975	371.0
335.16035702715834	367.0
335.170357634577	363.0
335.1803582419956	358.0
335.19035884941417	350.0
335.20035945683276	342.0
335.2103600642514	334.0
335.22036067167	327.0
335.2303612790886	319.0
335.24036188650723	308.0
335.2503624939258	301.0
335.2603631013444	298.0
335.270363708763	291.0
335.28036431618165	284.0
335.29036492360024	281.0
335.3003655310188	278.0
335.3103661384375	278.0
335.32036674585606	275.0
335.33036735327465	275.0
335.34036796069324	272.0
335.3503685681119	272.0
335.3603691755305	272.0
335.37036978294907	268.0
335.3803703903677	265.0
335.3903709977863	262.0
335.4003716052049	253.0
335.4103722126235	248.0
335.42037282004213	248.0
335.4303734274607	248.0
335.4403740348793	253.0
335.45037464229796	259.0
335.46037524971655	278.0
335.47037585713514	319.0
335.48037646455373	346.0
335.4903770719724	358.0
335.50037767939097	367.0
335.51037828680955	371.0
335.52037889422814	371.0
335.5303795016468	371.0
335.5403801090654	367.0
335.55038071648397	363.0
335.5603813239026	358.0
335.5703819313212	358.0
335.5803825387398	354.0
335.5903831461584	350.0
335.60038375357703	350.0
335.6103843609956	350.0
335.6203849684142	346.0
335.63038557583286	346.0
335.64038618325145	342.0
335.65038679067004	342.0
335.66038739808863	338.0
335.6703880055073	338.0
335.68038861292587	338.0
335.69038922034446	338.0
335.7003898277631	338.0
335.7103904351817	342.0
335.7203910426003	346.0
335.7303916500189	354.0
335.7403922574375	358.0
335.7503928648561	363.0
335.7603934722747	363.0
335.77039407969335	367.0
335.78039468711194	363.0
335.7903952945305	363.0
335.8003959019491	354.0
335.81039650936776	346.0
335.82039711678635	331.0
335.83039772420494	319.0
335.8403983316236	294.0
335.8503989390422	265.0
335.86039954646077	262.0
335.87040015387936	262.0
335.880400761298	265.0
335.8904013687166	278.0
335.9004019761352	294.0
335.9104025835538	308.0
335.9204031909724	319.0
335.930403798391	331.0
335.9404044058096	342.0
335.95040501322825	350.0
335.96040562064684	354.0
335.97040622806543	354.0
335.980406835484	350.0
335.99040744290267	346.0
336.00040805032125	346.0
336.01040865773984	342.0
336.0204092651585	342.0
336.0304098725771	342.0
336.04041047999567	346.0
336.05041108741426	346.0
336.0604116948329	346.0
336.0704123022515	342.0
336.0804129096701	342.0
336.09041351708873	338.0
336.1004141245073	334.0
336.1104147319259	327.0
336.1204153393445	323.0
336.13041594676315	316.0
336.14041655418174	305.0
336.15041716160033	305.0
336.160417769019	305.0
336.17041837643757	312.0
336.18041898385616	323.0
336.19041959127475	342.0
336.2004201986934	363.0
336.210420806112	375.0
336.2204214135306	389.0
336.2304220209492	398.0
336.2404226283678	402.0
336.2504232357864	407.0
336.260423843205	407.0
336.27042445062364	407.0
336.2804250580422	402.0
336.2904256654608	402.0
336.3004262728794	402.0
336.31042688029805	402.0
336.32042748771664	402.0
336.33042809513523	402.0
336.3404287025539	402.0
336.35042930997247	407.0
336.36042991739106	407.0
336.37043052480965	407.0
336.3804311322283	407.0
336.3904317396469	407.0
336.4004323470655	407.0
336.4104329544841	407.0
336.4204335619027	407.0
336.4304341693213	407.0
336.4404347767399	407.0
336.45043538415854	407.0
336.4604359915771	407.0
336.4704365989957	407.0
336.48043720641436	402.0
336.49043781383295	402.0
336.50043842125154	402.0
336.51043902867013	402.0
336.5204396360888	402.0
336.53044024350737	398.0
336.54044085092596	398.0
336.5504414583446	402.0
336.5604420657632	402.0
336.5704426731818	402.0
336.5804432806004	402.0
336.590443888019	402.0
336.6004444954376	407.0
336.6104451028562	407.0
336.62044571027485	407.0
336.63044631769344	407.0
336.64044692511203	407.0
336.6504475325306	407.0
336.66044813994927	402.0
336.67044874736786	402.0
336.68044935478645	402.0
336.69044996220504	402.0
336.7004505696237	398.0
336.7104511770423	398.0
336.72045178446086	398.0
336.7304523918795	398.0
336.7404529992981	393.0
336.7504536067167	0.0
336.7604542141353	0.0
336.7704548215539	0.0
336.7804554289725	0.0
336.7904560363911	0.0
336.80045664380975	0.0
336.81045725122834	0.0
336.82045785864693	0.0
336.8304584660655	393.0
336.84045907348417	389.0
336.85045968090276	380.0
336.86046028832135	375.0
336.87046089574	371.0
336.8804615031586	367.0
336.8904621105772	363.0
336.90046271799577	358.0
336.9104633254144	350.0
336.920463932833	346.0
336.9304645402516	338.0
336.94046514767024	334.0
336.9504657550888	331.0
336.9604663625074	327.0
336.970466969926	327.0
336.98046757734465	327.0
336.99046818476324	327.0
337.00046879218183	331.0
337.0104693996004	334.0
337.02047000701907	338.0
337.03047061443766	346.0
337.04047122185625	354.0
337.0504718292749	363.0
337.0604724366935	367.0
337.0704730441121	371.0
337.08047365153067	371.0
337.0904742589493	371.0
337.1004748663679	367.0
337.1104754737865	363.0
337.12047608120514	358.0
337.13047668862373	358.0
337.1404772960423	354.0
337.1504779034609	346.0
337.16047851087956	342.0
337.17047911829815	338.0
337.18047972571674	338.0
337.1904803331354	338.0
337.200480940554	334.0
337.21048154797256	338.0
337.22048215539115	338.0
337.2304827628098	342.0
337.2404833702284	346.0
337.250483977647	354.0
337.2604845850656	363.0
337.2704851924842	375.0
337.2804857999028	384.0
337.2904864073214	393.0
337.30048701474004	398.0
337.31048762215863	402.0
337.3204882295772	402.0
337.33048883699587	402.0
337.34048944441446	402.0
337.35049005183305	402.0
337.36049065925164	402.0
337.3704912666703	402.0
337.3804918740889	402.0
337.39049248150747	402.0
337.40049308892605	402.0
337.4104936963447	402.0
337.4204943037633	402.0
337.4304949111819	402.0
337.4404955186005	402.0
337.4504961260191	402.0
337.4604967334377	402.0
337.4704973408563	402.0
337.48049794827494	402.0
337.49049855569353	402.0
337.5004991631121	402.0
337.51049977053077	402.0
337.52050037794936	402.0
337.53050098536795	402.0
337.54050159278654	402.0
337.5505022002052	402.0
337.5605028076238	402.0
337.57050341504237	402.0
337.580504022461	402.0
337.5905046298796	402.0
337.6005052372982	402.0
337.6105058447168	407.0
337.62050645213543	407.0
337.630507059554	407.0
337.6405076669726	407.0
337.65050827439126	407.0
337.66050888180985	407.0
337.67050948922844	402.0
337.680510096647	402.0
337.6905107040657	402.0
337.70051131148426	402.0
337.71051191890285	402.0
337.7205125263215	402.0
337.7305131337401	402.0
337.7405137411587	402.0
337.75051434857727	402.0
337.7605149559959	398.0
337.7705155634145	398.0
337.7805161708331	393.0
337.7905167782517	384.0
337.80051738567033	371.0
337.8105179930889	358.0
337.8205186005075	334.0
337.83051920792616	323.0
337.84051981534475	312.0
337.85052042276334	308.0
337.8605210301819	312.0
337.8705216376006	316.0
337.88052224501916	327.0
337.89052285243775	338.0
337.9005234598564	354.0
337.910524067275	367.0
337.9205246746936	380.0
337.93052528211217	389.0
337.9405258895308	398.0
337.9505264969494	407.0
337.960527104368	412.0
337.97052771178664	412.0
337.98052831920523	412.0
337.9905289266238	407.0
338.0005295340424	407.0
338.01053014146106	402.0
338.02053074887965	398.0
338.03053135629824	393.0
338.0405319637169	389.0
338.0505325711355	384.0
338.06053317855407	375.0
338.07053378597266	371.0
338.0805343933913	363.0
338.0905350008099	358.0
338.1005356082285	354.0
338.11053621564713	350.0
338.1205368230657	346.0
338.1305374304843	342.0
338.1405380379029	342.0
338.15053864532155	342.0
338.16053925274014	338.0
338.1705398601587	338.0
338.1805404675773	342.0
338.19054107499596	342.0
338.20054168241455	342.0
338.21054228983314	342.0
338.2205428972518	346.0
338.2305435046704	354.0
338.24054411208897	363.0
338.25054471950756	367.0
338.2605453269262	375.0
338.2705459343448	380.0
338.2805465417634	384.0
338.29054714918203	384.0
338.3005477566006	375.0
338.3105483640192	338.0
338.3205489714378	331.0
338.33054957885645	319.0
338.34055018627504	268.0
338.3505507936936	256.0
338.3605514011123	248.0
338.37055200853086	245.0
338.38055261594945	245.0
338.39055322336804	248.0
338.4005538307867	250.0
338.4105544382053	259.0
338.42055504562387	262.0
338.4305556530425	265.0
338.4405562604611	265.0
338.4505568678797	268.0
338.4605574752983	268.0
338.47055808271693	268.0
338.4805586901355	268.0
338.4905592975541	268.0
338.50055990497276	268.0
338.51056051239135	268.0
338.52056111980994	268.0
338.53056172722853	272.0
338.5405623346472	272.0
338.55056294206577	272.0
338.56056354948436	272.0
338.57056415690295	268.0
338.5805647643216	265.0
338.5905653717402	262.0
338.6005659791588	259.0
338.6105665865774	0.0
338.620567193996	0.0
338.6305678014146	0.0
338.6405684088332	0.0
338.65056901625184	0.0
338.6605696236704	0.0
338.670570231089	0.0
338.68057083850766	0.0
338.69057144592625	0.0
338.70057205334484	0.0
338.71057266076343	0.0
338.7205732681821	0.0
338.73057387560067	0.0
338.74057448301926	0.0
338.7505750904379	0.0
338.7605756978565	0.0
338.7705763052751	0.0
338.7805769126937	0.0
338.7905775201123	0.0
338.8005781275309	0.0
338.8105787349495	0.0
338.82057934236815	0.0
338.83057994978674	0.0
338.8405805572053	0.0
338.8505811646239	0.0
338.86058177204256	0.0
338.87058237946115	0.0
338.88058298687974	0.0
338.8905835942984	0.0
338.900584201717	0.0
338.91058480913557	0.0
338.92058541655416	0.0
338.9305860239728	0.0
338.9405866313914	0.0
338.95058723881	0.0
338.9605878462286	0.0
338.9705884536472	196.0
338.9805890610658	196.0
338.9905896684844	196.0
339.00059027590305	199.0
339.01059088332164	201.0
339.02059149074023	203.0
339.0305920981588	206.0
339.04059270557747	206.0
339.05059331299606	206.0
339.06059392041465	206.0
339.0705945278333	206.0
339.0805951352519	206.0
339.0905957426705	206.0
339.10059635008906	210.0
339.1105969575077	215.0
339.1205975649263	223.0
339.1305981723449	236.0
339.14059877976354	250.0
339.1505993871821	265.0
339.1605999946007	275.0
339.1706006020193	284.0
339.18060120943795	288.0
339.19060181685654	288.0
339.20060242427513	284.0
339.2106030316938	281.0
339.22060363911237	275.0
339.23060424653096	265.0
339.24060485394955	262.0
339.2506054613682	256.0
339.2606060687868	250.0
339.2706066762054	245.0
339.280607283624	242.0
339.2906078910426	236.0
339.3006084984612	231.0
339.3106091058798	226.0
339.32060971329844	220.0
339.330610320717	218.0
339.3406109281356	215.0
339.3506115355542	213.0
339.36061214297285	215.0
339.37061275039144	218.0
339.38061335781003	223.0
339.3906139652287	231.0
339.40061457264727	239.0
339.41061518006586	248.0
339.42061578748445	253.0
339.4306163949031	259.0
339.4406170023217	265.0
339.4506176097403	265.0
339.4606182171589	265.0
339.4706188245775	265.0
339.4806194319961	262.0
339.4906200394147	259.0
339.50062064683334	256.0
339.51062125425193	250.0
339.5206218616705	248.0
339.53062246908917	242.0
339.54062307650776	239.0
339.55062368392635	234.0
339.56062429134494	231.0
339.5706248987636	231.0
339.5806255061822	228.0
339.59062611360076	226.0
339.6006267210194	223.0
339.610627328438	220.0
339.6206279358566	220.0
339.6306285432752	223.0
339.6406291506938	228.0
339.6506297581124	236.0
339.660630365531	245.0
339.6706309729496	250.0
339.68063158036824	253.0
339.69063218778683	291.0
339.7006327952054	294.0
339.71063340262407	294.0
339.72063401004266	294.0
339.73063461746125	291.0
339.74063522487984	284.0
339.7506358322985	275.0
339.7606364397171	262.0
339.77063704713566	250.0
339.7806376545543	239.0
339.7906382619729	226.0
339.8006388693915	218.0
339.8106394768101	213.0
339.8206400842287	213.0
339.8306406916473	213.0
339.8406412990659	215.0
339.85064190648455	220.0
339.86064251390314	223.0
339.87064312132173	226.0
339.8806437287403	228.0
339.89064433615897	231.0
339.90064494357756	234.0
339.91064555099615	236.0
339.9206461584148	239.0
339.9306467658334	242.0
339.940647373252	242.0
339.95064798067057	245.0
339.9606485880892	245.0
339.9706491955078	245.0
339.9806498029264	248.0
339.99065041034504	248.0
340.00065101776363	248.0
340.0106516251822	248.0
340.0206522326008	248.0
340.03065284001946	248.0
340.04065344743805	245.0
340.05065405485664	242.0
340.0606546622752	239.0
340.0706552696939	236.0
340.08065587711246	234.0
340.09065648453105	231.0
340.1006570919497	228.0
340.1106576993683	226.0
340.1206583067869	226.0
340.13065891420547	226.0
340.1406595216241	226.0
340.1506601290427	226.0
340.1606607364613	226.0
340.17066134387994	228.0
340.18066195129853	228.0
340.1906625587171	228.0
340.2006631661357	228.0
340.21066377355436	228.0
340.22066438097295	228.0
340.23066498839154	228.0
340.2406655958102	228.0
340.2506662032288	228.0
340.26066681064736	226.0
340.27066741806595	226.0
340.2806680254846	226.0
340.2906686329032	228.0
340.3006692403218	228.0
340.3106698477404	228.0
340.320670455159	228.0
340.3306710625776	228.0
340.3406716699962	231.0
340.35067227741484	234.0
340.36067288483343	236.0
340.370673492252	239.0
340.38067409967067	242.0
340.39067470708926	245.0
340.40067531450785	245.0
340.41067592192644	248.0
340.4206765293451	248.0
340.4306771367637	245.0
340.44067774418227	245.0
340.45067835160086	245.0
340.4606789590195	242.0
340.4706795664381	242.0
340.4806801738567	239.0
340.49068078127533	236.0
340.5006813886939	236.0
340.5106819961125	234.0
340.5206826035311	228.0
340.53068321094975	226.0
340.54068381836834	223.0
340.5506844257869	220.0
340.5606850332056	215.0
340.57068564062416	213.0
340.58068624804275	210.0
340.59068685546134	210.0
340.60068746288	208.0
340.6106880702986	208.0
340.62068867771717	206.0
340.6306892851358	206.0
340.6406898925544	206.0
340.650690499973	206.0
340.6606911073916	206.0
340.67069171481023	206.0
340.6806923222288	206.0
340.6906929296474	203.0
340.70069353706606	203.0
340.71069414448465	203.0
340.72069475190324	201.0
340.7306953593218	201.0
340.7406959667405	203.0
340.75069657415906	206.0
340.76069718157765	208.0
340.7706977889963	210.0
340.7806983964149	218.0
340.7906990038335	223.0
340.80069961125207	231.0
340.8107002186707	234.0
340.8207008260893	236.0
340.8307014335079	239.0
340.8407020409265	239.0
340.85070264834513	239.0
340.8607032557637	239.0
340.8707038631823	239.0
340.88070447060096	239.0
340.89070507801955	236.0
340.90070568543814	234.0
340.91070629285673	234.0
340.9207069002754	231.0
340.93070750769397	231.0
340.94070811511256	231.0
340.9507087225312	228.0
340.9607093299498	228.0
340.9707099373684	228.0
340.980710544787	228.0
340.9907111522056	228.0
341.0007117596242	228.0
341.0107123670428	228.0
341.02071297446145	228.0
341.03071358188004	228.0
341.0407141892986	228.0
341.0507147967172	228.0
341.06071540413586	228.0
341.07071601155445	228.0
341.08071661897304	228.0
341.0907172263917	228.0
341.1007178338103	228.0
341.11071844122887	228.0
341.12071904864746	228.0
341.1307196560661	231.0
341.1407202634847	234.0
341.1507208709033	236.0
341.16072147832193	239.0
341.1707220857405	242.0
341.1807226931591	245.0
341.1907233005777	245.0
341.20072390799635	245.0
341.21072451541494	242.0
341.2207251228335	236.0
341.2307257302521	234.0
341.24072633767076	231.0
341.25072694508935	228.0
341.26072755250794	226.0
341.2707281599266	226.0
341.2807287673452	226.0
341.29072937476377	226.0
341.30072998218236	226.0
341.310730589601	226.0
341.3207311970196	226.0
341.3307318044382	226.0
341.34073241185683	226.0
341.3507330192754	226.0
341.360733626694	226.0
341.3707342341126	226.0
341.38073484153125	226.0
341.39073544894984	226.0
341.40073605636843	226.0
341.4107366637871	226.0
341.42073727120567	226.0
341.43073787862426	226.0
341.44073848604285	226.0
341.4507390934615	231.0
341.4607397008801	236.0
341.4707403082987	242.0
341.4807409157173	245.0
341.4907415231359	248.0
341.5007421305545	248.0
341.5107427379731	250.0
341.52074334539174	250.0
341.5307439528103	250.0
341.5407445602289	248.0
341.55074516764756	248.0
341.56074577506615	248.0
341.57074638248474	248.0
341.58074698990333	248.0
341.590747597322	248.0
341.60074820474057	248.0
341.61074881215916	248.0
341.62074941957775	245.0
341.6307500269964	245.0
341.640750634415	245.0
341.6507512418336	242.0
341.6607518492522	239.0
341.6707524566708	239.0
341.6807530640894	236.0
341.690753671508	234.0
341.70075427892664	231.0
341.7107548863452	228.0
341.7207554937638	226.0
341.73075610118246	220.0
341.74075670860105	218.0
341.75075731601964	215.0
341.76075792343823	210.0
341.7707585308569	208.0
341.78075913827547	206.0
341.79075974569406	203.0
341.8007603531127	201.0
341.8107609605313	201.0
341.8207615679499	199.0
341.8307621753685	199.0
341.8407627827871	199.0
341.8507633902057	201.0
341.8607639976243	203.0
341.87076460504295	206.0
341.88076521246154	208.0
341.89076581988013	213.0
341.9007664272987	218.0
341.91076703471737	226.0
341.92076764213596	228.0
341.93076824955455	231.0
341.94076885697314	231.0
341.9507694643918	231.0
341.9607700718104	231.0
341.97077067922896	231.0
341.9807712866476	231.0
341.9907718940662	231.0
342.0007725014848	228.0
342.0107731089034	228.0
342.020773716322	228.0
342.0307743237406	226.0
342.0407749311592	226.0
342.05077553857785	223.0
342.06077614599644	223.0
342.07077675341503	223.0
342.0807773608336	223.0
342.09077796825227	223.0
342.10077857567086	223.0
342.11077918308945	223.0
342.1207797905081	223.0
342.1307803979267	226.0
342.1407810053453	226.0
342.15078161276386	226.0
342.1607822201825	228.0
342.1707828276011	228.0
342.1807834350197	228.0
342.19078404243834	228.0
342.2007846498569	228.0
342.2107852572755	228.0
342.2207858646941	228.0
342.23078647211275	228.0
342.24078707953134	228.0
342.25078768694993	228.0
342.2607882943686	228.0
342.27078890178717	228.0
342.28078950920576	228.0
342.29079011662435	228.0
342.300790724043	226.0
342.3107913314616	226.0
342.3207919388802	226.0
342.33079254629877	223.0
342.3407931537174	223.0
342.350793761136	220.0
342.3607943685546	220.0
342.37079497597324	220.0
342.38079558339183	223.0
342.3907961908104	228.0
342.400796798229	236.0
342.41079740564766	242.0
342.42079801306625	248.0
342.43079862048484	256.0
342.4407992279035	262.0
342.4507998353221	265.0
342.46080044274066	268.0
342.47080105015925	275.0
342.4808016575779	278.0
342.4908022649965	284.0
342.5008028724151	284.0
342.5108034798337	284.0
342.5208040872523	278.0
342.5308046946709	272.0
342.5408053020895	265.0
342.55080590950814	262.0
342.56080651692673	259.0
342.5708071243453	253.0
342.58080773176397	248.0
342.59080833918256	242.0
342.60080894660115	234.0
342.61080955401974	226.0
342.6208101614384	220.0
342.630810768857	215.0
342.64081137627556	213.0
342.6508119836942	213.0
342.6608125911128	213.0
342.6708131985314	215.0
342.68081380595	220.0
342.6908144133686	226.0
342.7008150207872	236.0
342.7108156282058	245.0
342.7208162356244	250.0
342.73081684304304	256.0
342.74081745046163	262.0
342.7508180578802	268.0
342.76081866529887	272.0
342.77081927271746	272.0
342.78081988013605	272.0
342.79082048755464	272.0
342.8008210949733	272.0
342.8108217023919	272.0
342.82082230981047	272.0
342.8308229172291	272.0
342.8408235246477	272.0
342.8508241320663	272.0
342.8608247394849	272.0
342.87082534690353	272.0
342.8808259543221	272.0
342.8908265617407	272.0
342.90082716915936	272.0
342.91082777657795	272.0
342.92082838399654	272.0
342.9308289914151	272.0
342.9408295988338	272.0
342.95083020625236	272.0
342.96083081367095	272.0
342.9708314210896	272.0
342.9808320285082	272.0
342.9908326359268	272.0
343.00083324334537	272.0
343.010833850764	272.0
343.0208344581826	272.0
343.0308350656012	272.0
343.04083567301984	272.0
343.05083628043843	272.0
343.060836887857	272.0
343.0708374952756	268.0
343.08083810269426	268.0
343.09083871011285	268.0
343.10083931753144	268.0
343.11083992495	268.0
343.1208405323687	268.0
343.13084113978726	265.0
343.14084174720585	265.0
343.1508423546245	265.0
343.1608429620431	262.0
343.1708435694617	259.0
343.18084417688027	256.0
343.1908447842989	253.0
343.2008453917175	250.0
343.2108459991361	248.0
343.22084660655474	248.0
343.23084721397333	250.0
343.2408478213919	259.0
343.2508484288105	0.0
343.26084903622916	0.0
343.27084964364775	342.0
343.28085025106634	354.0
343.290850858485	363.0
343.3008514659036	367.0
343.31085207332217	363.0
343.32085268074076	363.0
343.3308532881594	358.0
343.340853895578	354.0
343.3508545029966	350.0
343.36085511041523	346.0
343.3708557178338	342.0
343.3808563252524	338.0
343.390856932671	338.0
343.40085754008965	338.0
343.41085814750824	342.0
343.4208587549268	342.0
343.4308593623455	342.0
343.44085996976406	342.0
343.45086057718265	338.0
343.46086118460124	338.0
343.4708617920199	338.0
343.4808623994385	338.0
343.49086300685707	334.0
343.50086361427566	338.0
343.5108642216943	338.0
343.5208648291129	342.0
343.5308654365315	346.0
343.54086604395013	358.0
343.5508666513687	363.0
343.5608672587873	367.0
343.5708678662059	371.0
343.58086847362455	375.0
343.59086908104314	375.0
343.6008696884617	371.0
343.6108702958804	367.0
343.62087090329896	367.0
343.63087151071755	358.0
343.64087211813614	354.0
343.6508727255548	346.0
343.6608733329734	338.0
343.67087394039197	331.0
343.6808745478106	323.0
343.6908751552292	316.0
343.7008757626478	308.0
343.7108763700664	305.0
343.72087697748503	298.0
343.7308775849036	294.0
343.7408781923222	291.0
343.75087879974086	284.0
343.76087940715945	284.0
343.77088001457804	281.0
343.78088062199663	278.0
343.7908812294153	275.0
343.80088183683387	272.0
343.81088244425246	265.0
343.8208830516711	262.0
343.8308836590897	253.0
343.8408842665083	245.0
343.8508848739269	236.0
343.8608854813455	231.0
343.8708860887641	228.0
343.8808866961827	228.0
343.8908873036013	231.0
343.90088791101994	239.0
343.9108885184385	256.0
343.9208891258571	262.0
343.93088973327576	265.0
343.94089034069435	268.0
343.95089094811294	268.0
343.96089155553153	268.0
343.9708921629502	268.0
343.98089277036877	268.0
343.99089337778736	268.0
344.000893985206	268.0
344.0108945926246	268.0
344.0208952000432	268.0
344.0308958074618	268.0
344.0408964148804	268.0
344.050897022299	268.0
344.0608976297176	268.0
344.07089823713625	268.0
344.08089884455484	268.0
344.0908994519734	268.0
344.100900059392	268.0
344.11090066681066	268.0
344.12090127422925	268.0
344.13090188164784	268.0
344.1409024890665	268.0
344.1509030964851	268.0
344.16090370390367	268.0
344.17090431132226	268.0
344.1809049187409	268.0
344.1909055261595	268.0
344.2009061335781	268.0
344.21090674099673	268.0
344.2209073484153	268.0
344.2309079558339	268.0
344.2409085632525	268.0
344.25090917067115	268.0
344.26090977808974	268.0
344.27091038550833	268.0
344.2809109929269	268.0
344.29091160034557	268.0
344.30091220776416	265.0
344.31091281518275	265.0
344.3209134226014	265.0
344.33091403002	265.0
344.3409146374386	265.0
344.35091524485716	265.0
344.3609158522758	268.0
344.3709164596944	268.0
344.380917067113	268.0
344.39091767453164	268.0
344.4009182819502	268.0
344.4109188893688	268.0
344.4209194967874	268.0
344.43092010420605	265.0
344.44092071162464	265.0
344.45092131904323	265.0
344.4609219264619	262.0
344.47092253388047	262.0
344.48092314129906	259.0
344.49092374871765	262.0
344.5009243561363	265.0
344.5109249635549	278.0
344.5209255709735	301.0
344.5309261783921	323.0
344.5409267858107	338.0
344.5509273932293	354.0
344.5609280006479	371.0
344.57092860806654	393.0
344.5809292154851	407.0
344.5909298229037	412.0
344.6009304303223	412.0
344.61093103774095	407.0
344.62093164515954	393.0
344.63093225257813	389.0
344.6409328599968	375.0
344.65093346741537	371.0
344.66093407483396	367.0
344.67093468225255	363.0
344.6809352896712	358.0
344.6909358970898	354.0
344.7009365045084	350.0
344.710937111927	346.0
344.7209377193456	342.0
344.7309383267642	342.0
344.7409389341828	338.0
344.75093954160144	334.0
344.76094014902003	334.0
344.7709407564386	334.0
344.78094136385727	334.0
344.79094197127586	334.0
344.80094257869445	334.0
344.81094318611304	334.0
344.8209437935317	334.0
344.8309444009503	338.0
344.84094500836886	342.0
344.8509456157875	346.0
344.8609462232061	350.0
344.8709468306247	354.0
344.8809474380433	363.0
344.8909480454619	367.0
344.9009486528805	367.0
344.9109492602991	367.0
344.92094986771775	367.0
344.93095047513634	367.0
344.94095108255493	363.0
344.9509516899735	363.0
344.96095229739217	358.0
344.97095290481076	354.0
344.98095351222935	354.0
344.99095411964794	350.0
345.0009547270666	346.0
345.0109553344852	342.0
345.02095594190376	342.0
345.0309565493224	338.0
345.040957156741	338.0
345.0509577641596	338.0
345.0609583715782	338.0
345.0709589789968	338.0
345.0809595864154	338.0
345.090960193834	338.0
345.10096080125265	338.0
345.11096140867124	334.0
345.12096201608983	334.0
345.1309626235084	334.0
345.14096323092707	334.0
345.15096383834566	334.0
345.16096444576425	334.0
345.1709650531829	331.0
345.1809656606015	331.0
345.1909662680201	331.0
345.20096687543867	331.0
345.2109674828573	334.0
345.2209680902759	334.0
345.2309686976945	338.0
345.24096930511314	342.0
345.25096991253173	350.0
345.2609705199503	354.0
345.2709711273689	363.0
345.28097173478756	367.0
345.29097234220615	367.0
345.30097294962474	367.0
345.3109735570434	363.0
345.320974164462	363.0
345.33097477188056	358.0
345.34097537929915	354.0
345.3509759867178	354.0
345.3609765941364	350.0
345.370977201555	346.0
345.38097780897357	346.0
345.3909784163922	342.0
345.4009790238108	342.0
345.4109796312294	342.0
345.42098023864804	342.0
345.43098084606663	342.0
345.4409814534852	342.0
345.4509820609038	342.0
345.46098266832246	342.0
345.47098327574105	342.0
345.48098388315964	342.0
345.4909844905783	342.0
345.5009850979969	338.0
345.51098570541546	338.0
345.52098631283405	338.0
345.5309869202527	338.0
345.5409875276713	338.0
345.5509881350899	338.0
345.5609887425085	338.0
345.5709893499271	338.0
345.5809899573457	342.0
345.5909905647643	342.0
345.60099117218294	346.0
345.61099177960153	354.0
345.6209923870201	358.0
345.63099299443877	358.0
345.64099360185736	363.0
345.65099420927595	363.0
345.66099481669454	363.0
345.6709954241132	363.0
345.6809960315318	358.0
345.69099663895037	354.0
345.700997246369	354.0
345.7109978537876	350.0
345.7209984612062	346.0
345.7309990686248	342.0
345.74099967604343	342.0
345.751000283462	342.0
345.7610008908806	338.0
345.7710014982992	338.0
345.78100210571785	338.0
345.79100271313644	338.0
345.801003320555	338.0
345.8110039279737	338.0
345.82100453539226	338.0
345.83100514281085	338.0
345.84100575022944	338.0
345.8510063576481	338.0
345.8610069650667	338.0
345.87100757248527	338.0
345.8810081799039	342.0
345.8910087873225	346.0
345.9010093947411	354.0
345.9110100021597	367.0
345.92101060957833	380.0
345.9310112169969	393.0
345.9410118244155	402.0
345.95101243183416	412.0
345.96101303925275	412.0
345.97101364667134	407.0
345.9810142540899	402.0
345.9910148615086	398.0
346.00101546892716	393.0
346.01101607634575	384.0
346.0210166837644	380.0
346.031017291183	371.0
346.0410178986016	367.0
346.05101850602017	363.0
346.0610191134388	354.0
346.0710197208574	350.0
346.081020328276	350.0
346.09102093569464	350.0
346.10102154311323	346.0
346.1110221505318	342.0
346.1210227579504	338.0
346.13102336536906	338.0
346.14102397278765	338.0
346.15102458020624	338.0
346.16102518762483	338.0
346.1710257950435	338.0
346.18102640246207	338.0
346.19102700988066	338.0
346.2010276172993	338.0
346.2110282247179	338.0
346.2210288321365	342.0
346.2310294395551	346.0
346.2410300469737	350.0
346.2510306543923	358.0
346.2610312618109	363.0
346.27103186922955	363.0
346.28103247664814	367.0
346.2910330840667	367.0
346.3010336914853	367.0
346.31103429890396	367.0
346.32103490632255	363.0
346.33103551374114	363.0
346.3410361211598	358.0
346.3510367285784	354.0
346.36103733599697	350.0
346.37103794341556	346.0
346.3810385508342	342.0
346.3910391582528	334.0
346.4010397656714	327.0
346.41104037309003	319.0
346.4210409805086	308.0
346.4310415879272	301.0
346.4410421953458	294.0
346.45104280276445	288.0
346.46104341018304	281.0
346.4710440176016	278.0
346.4810446250203	275.0
346.49104523243886	272.0
346.50104583985745	272.0
346.51104644727604	272.0
346.5210470546947	272.0
346.5310476621133	272.0
346.54104826953187	272.0
346.55104887695046	272.0
346.5610494843691	268.0
346.5710500917877	268.0
346.5810506992063	268.0
346.59105130662493	265.0
346.6010519140435	265.0
346.6110525214621	262.0
346.6210531288807	259.0
346.63105373629935	259.0
346.64105434371794	0.0
346.65105495113653	0.0
346.6610555585552	0.0
346.67105616597377	268.0
346.68105677339236	272.0
346.69105738081095	284.0
346.7010579882296	0.0
346.7110585956482	334.0
346.7210592030668	346.0
346.7310598104854	354.0
346.741060417904	354.0
346.7510610253226	354.0
346.7610616327412	350.0
346.77106224015984	346.0
346.7810628475784	342.0
346.791063454997	338.0
346.80106406241566	338.0
346.81106466983425	338.0
346.82106527725284	338.0
346.83106588467143	338.0
346.8410664920901	338.0
346.85106709950867	338.0
346.86106770692726	338.0
346.8710683143459	338.0
346.8810689217645	338.0
346.8910695291831	338.0
346.9010701366017	338.0
346.9110707440203	338.0
346.9210713514389	338.0
346.9310719588575	338.0
346.9410725662761	342.0
346.95107317369474	346.0
346.9610737811133	350.0
346.9710743885319	358.0
346.98107499595056	363.0
346.99107560336915	363.0
347.00107621078774	363.0
347.01107681820633	358.0
347.021077425625	350.0
347.03107803304357	338.0
347.04107864046216	323.0
347.0510792478808	291.0
347.0610798552994	259.0
347.071080462718	250.0
347.0810810701366	239.0
347.0910816775552	242.0
347.1010822849738	248.0
347.1110828923924	265.0
347.12108349981105	281.0
347.13108410722964	294.0
347.14108471464823	308.0
347.1510853220668	319.0
347.16108592948547	327.0
347.17108653690406	334.0
347.18108714432265	338.0
347.1910877517413	342.0
347.2010883591599	342.0
347.2110889665785	342.0
347.22108957399706	338.0
347.2310901814157	338.0
347.2410907888343	338.0
347.2510913962529	342.0
347.2610920036715	342.0
347.2710926110901	342.0
347.2810932185087	346.0
347.2910938259273	346.0
347.30109443334595	346.0
347.31109504076454	346.0
347.32109564818313	342.0
347.3310962556017	342.0
347.34109686302037	338.0
347.35109747043896	331.0
347.36109807785755	327.0
347.3710986852762	323.0
347.3810992926948	323.0
347.3910999001134	323.0
347.40110050753196	319.0
347.4111011149506	323.0
347.4211017223692	0.0
347.4311023297878	0.0
347.44110293720644	0.0
347.451103544625	380.0
347.4611041520436	398.0
347.4711047594622	407.0
347.48110536688085	412.0
347.49110597429944	417.0
347.50110658171803	0.0
347.5111071891367	0.0
347.52110779655527	0.0
347.53110840397386	0.0
347.54110901139245	407.0
347.5511096188111	407.0
347.5611102262297	402.0
347.5711108336483	402.0
347.5811114410669	407.0
347.5911120484855	407.0
347.6011126559041	407.0
347.6111132633227	407.0
347.62111387074134	407.0
347.63111447815993	407.0
347.6411150855785	407.0
347.6511156929971	407.0
347.66111630041576	412.0
347.67111690783435	412.0
347.68111751525294	412.0
347.6911181226716	412.0
347.7011187300902	407.0
347.71111933750876	0.0
347.72111994492735	0.0
347.731120552346	0.0
347.7411211597646	0.0
347.7511217671832	0.0
347.7611223746018	0.0
347.7711229820204	0.0
347.781123589439	0.0
347.7911241968576	0.0
347.80112480427624	0.0
347.81112541169483	0.0
347.8211260191134	0.0
347.83112662653207	0.0
347.84112723395066	0.0
347.85112784136925	0.0
347.86112844878784	0.0
347.8711290562065	0.0
347.8811296636251	0.0
347.89113027104366	0.0
347.9011308784623	0.0
347.9111314858809	0.0
347.9211320932995	0.0
347.9311327007181	0.0
347.9411333081367	0.0
347.9511339155553	0.0
347.9611345229739	0.0
347.97113513039255	0.0
347.98113573781114	0.0
347.99113634522973	0.0
348.0011369526483	0.0
348.01113756006697	0.0
348.02113816748556	0.0
348.03113877490415	0.0
348.04113938232274	0.0
348.0511399897414	0.0
348.06114059716	0.0
348.07114120457857	0.0
348.0811418119972	0.0
348.0911424194158	0.0
348.1011430268344	0.0
348.111143634253	0.0
348.12114424167163	0.0
348.1311448490902	0.0
348.1411454565088	0.0
348.15114606392746	0.0
348.16114667134605	0.0
348.17114727876464	0.0
348.1811478861832	0.0
348.1911484936019	0.0
348.20114910102046	0.0
348.21114970843905	0.0
348.2211503158577	0.0
348.2311509232763	0.0
348.2411515306949	0.0
348.25115213811347	0.0
348.2611527455321	0.0
348.2711533529507	0.0
348.2811539603693	0.0
348.29115456778794	0.0
348.30115517520653	0.0
348.3111557826251	0.0
348.3211563900437	0.0
348.33115699746236	0.0
348.34115760488095	0.0
348.35115821229954	0.0
348.3611588197182	0.0
348.3711594271368	0.0
348.38116003455536	0.0
348.39116064197395	0.0
348.4011612493926	0.0
348.4111618568112	0.0
348.4211624642298	0.0
348.43116307164837	0.0
348.441163679067	0.0
348.4511642864856	0.0
348.4611648939042	0.0
348.47116550132284	0.0
348.48116610874143	0.0
348.49116671616	0.0
348.5011673235786	384.0
348.51116793099726	0.0
348.52116853841585	0.0
348.53116914583444	0.0
348.5411697532531	0.0
348.5511703606717	0.0
348.56117096809027	0.0
348.57117157550886	0.0
348.5811721829275	0.0
348.5911727903461	0.0
348.6011733977647	334.0
348.61117400518333	334.0
348.6211746126019	334.0
348.6311752200205	338.0
348.6411758274391	0.0
348.65117643485775	342.0
348.66117704227634	0.0
348.6711776496949	367.0
348.6811782571136	375.0
348.69117886453216	384.0
348.70117947195075	393.0
348.71118007936934	402.0
348.721180686788	407.0
348.7311812942066	412.0
348.74118190162517	412.0
348.7511825090438	417.0
348.7611831164624	417.0
348.771183723881	417.0
348.7811843312996	412.0
348.79118493871823	412.0
348.8011855461368	412.0
348.8111861535554	407.0
348.821186760974	407.0
348.83118736839265	407.0
348.84118797581124	407.0
348.8511885832298	407.0
348.8611891906485	407.0
348.87118979806706	407.0
348.88119040548565	407.0
348.89119101290424	407.0
348.9011916203229	407.0
348.9111922277415	407.0
348.92119283516007	407.0
348.9311934425787	407.0
348.9411940499973	407.0
348.9511946574159	407.0
348.9611952648345	407.0
348.97119587225313	407.0
348.9811964796717	407.0
348.9911970870903	407.0
349.00119769450896	407.0
349.01119830192755	407.0
349.02119890934614	407.0
349.03119951676473	402.0
349.0412001241834	402.0
349.05120073160197	402.0
349.06120133902056	402.0
349.0712019464392	402.0
349.0812025538578	407.0
349.0912031612764	407.0
349.101203768695	407.0
349.1112043761136	407.0
349.1212049835322	407.0
349.1312055909508	402.0
349.14120619836945	402.0
349.15120680578804	398.0
349.1612074132066	398.0
349.1712080206252	393.0
349.18120862804386	384.0
349.19120923546245	375.0
349.20120984288104	367.0
349.21121045029963	354.0
349.2212110577183	338.0
349.23121166513687	327.0
349.24121227255546	316.0
349.2512128799741	312.0
349.2612134873927	312.0
349.2712140948113	319.0
349.2812147022299	327.0
349.2912153096485	342.0
349.3012159170671	354.0
349.3112165244857	371.0
349.32121713190435	384.0
349.33121773932294	393.0
349.3412183467415	407.0
349.3512189541601	412.0
349.36121956157876	417.0
349.37122016899735	417.0
349.38122077641594	412.0
349.3912213838346	412.0
349.4012219912532	402.0
349.41122259867177	398.0
349.42122320609036	389.0
349.431223813509	380.0
349.4412244209276	375.0
349.4512250283462	367.0
349.46122563576483	363.0
349.4712262431834	358.0
349.481226850602	350.0
349.4912274580206	346.0
349.50122806543925	342.0
349.51122867285784	342.0
349.52122928027643	338.0
349.5312298876951	338.0
349.54123049511367	338.0
349.55123110253226	334.0
349.56123170995085	334.0
349.5712323173695	334.0
349.5812329247881	334.0
349.5912335322067	334.0
349.60123413962526	338.0
349.6112347470439	338.0
349.6212353544625	342.0
349.6312359618811	354.0
349.64123656929974	363.0
349.6512371767183	371.0
349.6612377841369	380.0
349.6712383915555	389.0
349.68123899897415	389.0
349.69123960639274	384.0
349.70124021381133	375.0
349.71124082123	338.0
349.72124142864857	331.0
349.73124203606716	0.0
349.74124264348575	259.0
349.7512432509044	250.0
349.761243858323	242.0
349.7712444657416	236.0
349.7812450731602	234.0
349.7912456805788	236.0
349.8012462879974	242.0
349.811246895416	250.0
349.82124750283464	256.0
349.8312481102532	262.0
349.8412487176718	265.0
349.85124932509046	265.0
349.86124993250905	268.0
349.87125053992764	268.0
349.88125114734623	268.0
349.8912517547649	272.0
349.90125236218347	272.0
349.91125296960206	272.0
349.92125357702065	272.0
349.9312541844393	272.0
349.9412547918579	272.0
349.9512553992765	268.0
349.9612560066951	268.0
349.9712566141137	268.0
349.9812572215323	268.0
349.9912578289509	268.0
350.00125843636954	268.0
350.01125904378813	268.0
350.0212596512067	268.0
350.03126025862537	268.0
350.04126086604396	268.0
350.05126147346255	272.0
350.06126208088114	272.0
350.0712626882998	272.0
350.0812632957184	272.0
350.09126390313696	268.0
350.1012645105556	268.0
350.1112651179742	268.0
350.1212657253928	268.0
350.1312663328114	268.0
350.14126694023	268.0
350.1512675476486	268.0
350.1612681550672	268.0
350.17126876248585	268.0
350.18126936990444	268.0
350.19126997732303	268.0
350.2012705847416	268.0
350.21127119216027	268.0
350.22127179957886	265.0
350.23127240699745	262.0
350.2412730144161	256.0
350.2512736218347	242.0
350.2612742292533	236.0
350.27127483667186	234.0
350.2812754440905	236.0
350.2912760515091	242.0
350.3012766589277	253.0
350.3112772663463	262.0
350.3212778737649	268.0
350.3312784811835	272.0
350.3412790886021	275.0
350.35127969602075	275.0
350.36128030343934	272.0
350.37128091085793	272.0
350.3812815182765	272.0
350.39128212569517	272.0
350.40128273311376	272.0
350.41128334053235	272.0
350.421283947951	272.0
350.4312845553696	272.0
350.4412851627882	272.0
350.45128577020677	272.0
350.4612863776254	272.0
350.471286985044	272.0
350.4812875924626	272.0
350.49128819988124	272.0
350.50128880729983	272.0
350.5112894147184	272.0
350.521290022137	272.0
350.53129062955566	272.0
350.54129123697425	268.0
350.55129184439284	268.0
350.5612924518115	265.0
350.5712930592301	262.0
350.58129366664866	256.0
350.59129427406725	250.0
350.6012948814859	242.0
350.6112954889045	234.0
350.6212960963231	220.0
350.6312967037417	215.0
350.6412973111603	213.0
350.6512979185789	213.0
350.6612985259975	213.0
350.67129913341614	218.0
350.68129974083473	223.0
350.6913003482533	231.0
350.7013009556719	239.0
350.71130156309056	248.0
350.72130217050915	256.0
350.73130277792774	265.0
350.7413033853464	272.0
350.751303992765	275.0
350.76130460018356	275.0
350.77130520760215	275.0
350.7813058150208	272.0
350.7913064224394	268.0
350.801307029858	265.0
350.8113076372766	262.0
350.8213082446952	259.0
350.8313088521138	256.0
350.8413094595324	253.0
350.85131006695104	248.0
350.86131067436963	245.0
350.8713112817882	242.0
350.88131188920687	239.0
350.89131249662546	236.0
350.90131310404405	234.0
350.91131371146264	231.0
350.9213143188813	228.0
350.9313149262999	228.0
350.94131553371847	228.0
350.9513161411371	228.0
350.9613167485557	231.0
350.9713173559743	236.0
350.9813179633929	245.0
350.99131857081153	253.0
351.0013191782301	265.0
351.0113197856487	278.0
351.02132039306736	288.0
351.03132100048595	291.0
351.04132160790454	291.0
351.0513222153231	288.0
351.0613228227418	284.0
351.07132343016036	272.0
351.08132403757895	259.0
351.09132464499754	245.0
351.1013252524162	226.0
351.1113258598348	218.0
351.12132646725337	213.0
351.131327074672	210.0
351.1413276820906	208.0
351.1513282895092	210.0
351.1613288969278	213.0
351.17132950434643	215.0
351.181330111765	218.0
351.1913307191836	223.0
351.20133132660226	223.0
351.21133193402085	226.0
351.22133254143944	228.0
351.231333148858	231.0
351.2413337562767	234.0
351.25133436369526	234.0
351.26133497111385	236.0
351.2713355785325	236.0
351.2813361859511	239.0
351.2913367933697	239.0
351.30133740078827	239.0
351.3113380082069	239.0
351.3213386156255	239.0
351.3313392230441	239.0
351.34133983046274	242.0
351.35134043788133	242.0
351.3613410452999	242.0
351.3713416527185	242.0
351.38134226013716	242.0
351.39134286755575	239.0
351.40134347497434	236.0
351.411344082393	231.0
351.4213446898116	228.0
351.43134529723017	223.0
351.44134590464876	220.0
351.4513465120674	218.0
351.461347119486	218.0
351.4713477269046	218.0
351.4813483343232	220.0
351.4913489417418	220.0
351.5013495491604	223.0
351.511350156579	223.0
351.52135076399765	223.0
351.53135137141624	223.0
351.5413519788348	223.0
351.5513525862534	223.0
351.56135319367206	223.0
351.57135380109065	223.0
351.58135440850924	223.0
351.5913550159279	223.0
351.6013556233465	223.0
351.61135623076507	223.0
351.62135683818366	223.0
351.6313574456023	223.0
351.6413580530209	223.0
351.6513586604395	226.0
351.66135926785813	226.0
351.6713598752767	228.0
351.6813604826953	231.0
351.6913610901139	234.0
351.70136169753255	234.0
351.71136230495114	236.0
351.7213629123697	236.0
351.7313635197884	236.0
351.74136412720696	236.0
351.75136473462555	236.0
351.76136534204414	236.0
351.7713659494628	234.0
351.7813665568814	234.0
351.79136716429997	234.0
351.8013677717186	234.0
351.8113683791372	234.0
351.8213689865558	234.0
351.8313695939744	234.0
351.84137020139303	234.0
351.8513708088116	234.0
351.8613714162302	231.0
351.8713720236488	226.0
351.88137263106745	223.0
351.89137323848604	218.0
351.90137384590463	215.0
351.9113744533233	210.0
351.92137506074187	208.0
351.93137566816046	206.0
351.94137627557905	203.0
351.9513768829977	203.0
351.9613774904163	203.0
351.9713780978349	201.0
351.9813787052535	201.0
351.9913793126721	201.0
352.0013799200907	203.0
352.0113805275093	203.0
352.02138113492794	203.0
352.0313817423465	203.0
352.0413823497651	203.0
352.05138295718376	203.0
352.06138356460235	203.0
352.07138417202094	201.0
352.08138477943953	201.0
352.0913853868582	201.0
352.10138599427677	199.0
352.11138660169536	199.0
352.121387209114	199.0
352.1313878165326	196.0
352.1413884239512	196.0
352.1513890313698	196.0
352.1613896387884	196.0
352.171390246207	196.0
352.1813908536256	199.0
352.19139146104425	201.0
352.20139206846284	203.0
352.2113926758814	206.0
352.2213932833	210.0
352.23139389071866	213.0
352.24139449813725	218.0
352.25139510555584	223.0
352.26139571297443	226.0
352.2713963203931	231.0
352.28139692781167	231.0
352.29139753523026	234.0
352.3013981426489	236.0
352.3113987500675	236.0
352.3213993574861	236.0
352.3313999649047	236.0
352.3414005723233	236.0
352.3514011797419	234.0
352.3614017871605	234.0
352.37140239457915	234.0
352.38140300199774	234.0
352.39140360941633	234.0
352.4014042168349	231.0
352.41140482425357	231.0
352.42140543167216	231.0
352.43140603909075	231.0
352.4414066465094	231.0
352.451407253928	231.0
352.4614078613466	234.0
352.47140846876516	239.0
352.4814090761838	242.0
352.4914096836024	256.0
352.501410291021	262.0
352.51141089843964	268.0
352.5214115058582	275.0
352.5314121132768	278.0
352.5414127206954	275.0
352.55141332811405	272.0
352.56141393553264	268.0
352.57141454295123	265.0
352.5814151503698	262.0
352.59141575778847	256.0
352.60141636520706	248.0
352.61141697262565	242.0
352.6214175800443	234.0
352.6314181874629	228.0
352.6414187948815	223.0
352.65141940230006	220.0
352.6614200097187	220.0
352.6714206171373	220.0
352.6814212245559	223.0
352.69142183197454	228.0
352.7014224393931	234.0
352.7114230468117	239.0
352.7214236542303	248.0
352.73142426164895	259.0
352.74142486906754	275.0
352.75142547648613	291.0
352.7614260839048	294.0
352.77142669132337	298.0
352.78142729874196	301.0
352.79142790616055	301.0
352.8014285135792	298.0
352.8114291209978	291.0
352.8214297284164	284.0
352.831430335835	272.0
352.8414309432536	262.0
352.8514315506722	250.0
352.8614321580908	223.0
352.87143276550944	213.0
352.88143337292803	210.0
352.8914339803466	210.0
352.90143458776527	210.0
352.91143519518386	213.0
352.92143580260245	215.0
352.93143641002104	218.0
352.9414370174397	220.0
352.9514376248583	223.0
352.96143823227686	226.0
352.97143883969545	228.0
352.9814394471141	228.0
352.9914400545327	228.0
353.0014406619513	228.0
353.0114412693699	226.0
353.0214418767885	226.0
353.0314424842071	226.0
353.0414430916257	226.0
353.05144369904434	226.0
353.06144430646293	226.0
353.0714449138815	228.0
353.08144552130017	228.0
353.09144612871876	228.0
353.10144673613735	228.0
353.11144734355594	228.0
353.1214479509746	228.0
353.1314485583932	228.0
353.14144916581176	228.0
353.1514497732304	228.0
353.161450380649	228.0
353.1714509880676	228.0
353.1814515954862	228.0
353.1914522029048	231.0
353.2014528103234	231.0
353.211453417742	234.0
353.22145402516065	234.0
353.23145463257924	236.0
353.24145523999783	239.0
353.2514558474164	242.0
353.26145645483507	245.0
353.27145706225366	245.0
353.28145766967225	245.0
353.2914582770909	242.0
353.3014588845095	242.0
353.3114594919281	242.0
353.32146009934667	239.0
353.3314607067653	236.0
353.3414613141839	236.0
353.3514619216025	234.0
353.3614625290211	231.0
353.37146313643973	231.0
353.3814637438583	231.0
353.3914643512769	231.0
353.40146495869556	231.0
353.41146556611415	231.0
353.42146617353274	231.0
353.4314667809513	231.0
353.44146738837	228.0
353.45146799578856	228.0
353.46146860320715	228.0
353.4714692106258	228.0
353.4814698180444	228.0
353.491470425463	228.0
353.50147103288157	228.0
353.5114716403002	228.0
353.5214722477188	228.0
353.5314728551374	228.0
353.54147346255604	228.0
353.55147406997463	228.0
353.5614746773932	228.0
353.5714752848118	228.0
353.58147589223046	228.0
353.59147649964905	228.0
353.60147710706764	228.0
353.6114777144863	228.0
353.6214783219049	228.0
353.63147892932346	231.0
353.64147953674205	234.0
353.6514801441607	239.0
353.6614807515793	242.0
353.6714813589979	245.0
353.6814819664165	248.0
353.6914825738351	250.0
353.7014831812537	250.0
353.7114837886723	248.0
353.72148439609094	248.0
353.73148500350953	242.0
353.7414856109281	239.0
353.7514862183467	236.0
353.76148682576536	234.0
353.77148743318395	231.0
353.78148804060254	231.0
353.7914886480212	231.0
353.8014892554398	228.0
353.81148986285837	228.0
353.82149047027696	228.0
353.8314910776956	228.0
353.8414916851142	228.0
353.8514922925328	228.0
353.86149289995143	228.0
353.87149350737	226.0
353.8814941147886	226.0
353.8914947222072	226.0
353.90149532962585	226.0
353.91149593704444	226.0
353.921496544463	226.0
353.9314971518817	226.0
353.94149775930026	226.0
353.95149836671885	228.0
353.96149897413744	231.0
353.9714995815561	234.0
353.9815001889747	236.0
353.99150079639327	242.0
354.0015014038119	245.0
354.0115020112305	248.0
354.0215026186491	248.0
354.0315032260677	248.0
354.04150383348633	248.0
354.0515044409049	245.0
354.0615050483235	242.0
354.07150565574216	236.0
354.08150626316075	234.0
354.09150687057934	234.0
354.1015074779979	231.0
354.1115080854166	231.0
354.12150869283516	228.0
354.13150930025375	228.0
354.14150990767234	228.0
354.151510515091	226.0
354.1615111225096	226.0
354.17151172992817	226.0
354.1815123373468	226.0
354.1915129447654	226.0
354.201513552184	226.0
354.2115141596026	226.0
354.22151476702123	226.0
354.2315153744398	226.0
354.2415159818584	228.0
354.25151658927706	231.0
354.26151719669565	236.0
354.27151780411424	239.0
354.28151841153283	245.0
354.2915190189515	248.0
354.30151962637007	250.0
354.31152023378866	248.0
354.3215208412073	248.0
354.3315214486259	245.0
354.3415220560445	245.0
354.3515226634631	242.0
354.3615232708817	239.0
354.3715238783003	236.0
354.3815244857189	234.0
354.39152509313755	234.0
354.40152570055614	231.0
354.4115263079747	231.0
354.4215269153933	228.0
354.43152752281196	228.0
354.44152813023055	226.0
354.45152873764914	223.0
354.4615293450678	218.0
354.4715299524864	213.0
354.48153055990497	210.0
354.49153116732356	208.0
354.5015317747422	0.0
354.5115323821608	0.0
354.5215329895794	0.0
354.531533596998	0.0
354.5415342044166	0.0
354.5515348118352	0.0
354.5615354192538	0.0
354.57153602667245	0.0
354.58153663409104	0.0
354.5915372415096	0.0
354.6015378489282	0.0
354.61153845634686	0.0
354.62153906376545	0.0
354.63153967118404	0.0
354.6415402786027	0.0
354.6515408860213	0.0
354.66154149343987	0.0
354.67154210085846	0.0
354.6815427082771	0.0
354.6915433156957	0.0
354.7015439231143	0.0
354.71154453053293	0.0
354.7215451379515	0.0
354.7315457453701	0.0
354.7415463527887	0.0
354.75154696020735	0.0
354.76154756762594	0.0
354.77154817504453	0.0
354.7815487824632	0.0
354.79154938988177	0.0
354.80154999730036	0.0
354.81155060471895	0.0
354.8215512121376	0.0
354.8315518195562	0.0
354.8415524269748	0.0
354.85155303439336	0.0
354.861553641812	0.0
354.8715542492306	0.0
354.8815548566492	0.0
354.89155546406784	0.0
354.9015560714864	0.0
354.911556678905	0.0
354.9215572863236	0.0
354.93155789374225	0.0
354.94155850116084	0.0
354.95155910857943	0.0
354.9615597159981	0.0
354.97156032341667	0.0
354.98156093083526	0.0
354.99156153825385	0.0
355.0015621456725	0.0
355.0115627530911	0.0
355.0215633605097	0.0
355.0315639679283	0.0
355.0415645753469	0.0
355.0515651827655	0.0
355.0615657901841	0.0
355.07156639760274	0.0
355.0815670050213	0.0
355.0915676124399	0.0
355.10156821985856	0.0
355.11156882727715	0.0
355.12156943469574	0.0
355.13157004211433	0.0
355.141570649533	0.0
355.15157125695157	0.0
355.16157186437016	0.0
355.1715724717888	0.0
355.1815730792074	0.0
355.191573686626	0.0
355.2015742940446	0.0
355.2115749014632	0.0
355.2215755088818	0.0
355.2315761163004	0.0
355.241576723719	0.0
355.25157733113764	0.0
355.26157793855623	0.0
355.2715785459748	0.0
355.28157915339347	0.0
355.29157976081206	0.0
355.30158036823065	0.0
355.31158097564924	0.0
355.3215815830679	0.0
355.3315821904865	0.0
355.34158279790506	0.0
355.3515834053237	0.0
355.3615840127423	0.0
355.3715846201609	0.0
355.3815852275795	0.0
355.3915858349981	0.0
355.4015864424167	0.0
355.4115870498353	0.0
355.42158765725395	0.0
355.43158826467254	0.0
355.44158887209113	0.0
355.4515894795097	0.0
355.46159008692837	0.0
355.47159069434696	0.0
355.48159130176555	0.0
355.4915919091842	0.0
355.5015925166028	0.0
355.5115931240214	0.0
355.52159373143996	0.0
355.5315943388586	0.0
355.5415949462772	0.0
355.5515955536958	0.0
355.56159616111444	0.0
355.571596768533	0.0
355.5815973759516	0.0
355.5915979833702	0.0
355.60159859078885	0.0
355.61159919820744	0.0
355.62159980562603	0.0
355.6316004130446	0.0
355.64160102046327	0.0
355.65160162788186	0.0
355.66160223530045	0.0
355.6716028427191	0.0
355.6816034501377	0.0
355.6916040575563	0.0
355.70160466497487	0.0
355.7116052723935	0.0
355.7216058798121	0.0
355.7316064872307	0.0
355.74160709464934	0.0
355.75160770206793	0.0
355.7616083094865	0.0
355.7716089169051	0.0
355.78160952432376	0.0
355.79161013174235	0.0
355.80161073916094	0.0
355.8116113465796	0.0
355.8216119539982	0.0
355.83161256141676	0.0
355.84161316883535	0.0
355.851613776254	0.0
355.8616143836726	0.0
355.8716149910912	0.0
355.8816155985098	0.0
355.8916162059284	0.0
355.901616813347	0.0
355.9116174207656	0.0
355.92161802818424	0.0
355.93161863560283	0.0
355.9416192430214	0.0
355.95161985044007	0.0
355.96162045785866	0.0
355.97162106527725	0.0
355.98162167269584	0.0
355.9916222801145	0.0
356.0016228875331	0.0
356.01162349495166	0.0
356.02162410237025	0.0
356.0316247097889	0.0
356.0416253172075	0.0
356.0516259246261	0.0
356.0616265320447	0.0
356.0716271394633	0.0
356.0816277468819	0.0
356.0916283543005	0.0
356.10162896171914	0.0
356.11162956913773	0.0
356.1216301765563	0.0
356.13163078397497	0.0
356.14163139139356	0.0
356.15163199881215	0.0
356.16163260623074	0.0
356.1716332136494	0.0
356.181633821068	0.0
356.19163442848657	0.0
356.2016350359052	0.0
356.2116356433238	0.0
356.2216362507424	0.0
356.231636858161	0.0
356.24163746557963	0.0
356.2516380729982	0.0
356.2616386804168	242.0
356.27163928783546	239.0
356.28163989525405	239.0
356.29164050267264	0.0
356.3016411100912	0.0
356.3116417175099	0.0
356.32164232492846	0.0
356.33164293234705	239.0
356.3416435397657	239.0
356.3516441471843	239.0
356.3616447546029	239.0
356.37164536202147	236.0
356.3816459694401	236.0
356.3916465768587	234.0
356.4016471842773	234.0
356.4116477916959	231.0
356.42164839911453	231.0
356.4316490065331	231.0
356.4416496139517	231.0
356.45165022137036	228.0
356.46165082878895	228.0
356.47165143620754	228.0
356.4816520436261	228.0
356.4916526510448	228.0
356.50165325846336	228.0
356.51165386588195	226.0
356.5216544733006	226.0
356.5316550807192	226.0
356.5416556881378	226.0
356.55165629555637	226.0
356.561656902975	226.0
356.5716575103936	226.0
356.5816581178122	226.0
356.59165872523084	226.0
356.60165933264943	226.0
356.611659940068	226.0
356.6216605474866	226.0
356.63166115490526	226.0
356.64166176232385	226.0
356.65166236974244	226.0
356.6616629771611	226.0
356.6716635845797	226.0
356.68166419199827	226.0
356.69166479941686	226.0
356.7016654068355	226.0
356.7116660142541	226.0
356.7216666216727	228.0
356.73166722909133	228.0
356.7416678365099	228.0
356.7516684439285	228.0
356.7616690513471	231.0
356.77166965876575	231.0
356.78167026618434	228.0
356.7916708736029	228.0
356.8016714810215	228.0
356.81167208844016	228.0
356.82167269585875	228.0
356.83167330327734	228.0
356.841673910696	228.0
356.8516745181146	228.0
356.86167512553317	228.0
356.87167573295176	228.0
356.8816763403704	226.0
356.891676947789	226.0
356.9016775552076	228.0
356.91167816262623	228.0
356.9216787700448	228.0
356.9316793774634	228.0
356.941679984882	228.0
356.95168059230065	228.0
356.96168119971924	228.0
356.9716818071378	228.0
356.9816824145565	226.0
356.99168302197506	226.0
357.00168362939365	226.0
357.01168423681224	226.0
357.0216848442309	226.0
357.0316854516495	226.0
357.04168605906807	226.0
357.0516866664867	226.0
357.0616872739053	226.0
357.0716878813239	226.0
357.0816884887425	226.0
357.09168909616113	223.0
357.1016897035797	223.0
357.1116903109983	223.0
357.12169091841696	223.0
357.13169152583555	223.0
357.14169213325414	223.0
357.15169274067273	223.0
357.1616933480914	226.0
357.17169395550997	228.0
357.18169456292856	231.0
357.19169517034715	239.0
357.2016957777658	245.0
357.2116963851844	253.0
357.221696992603	259.0
357.2316976000216	259.0
357.2416982074402	256.0
357.2516988148588	250.0
357.2616994222774	245.0
357.27170002969604	234.0
357.2817006371146	223.0
357.2917012445332	218.0
357.30170185195186	215.0
357.31170245937045	218.0
357.32170306678904	226.0
357.33170367420763	239.0
357.3417042816263	248.0
357.35170488904487	259.0
357.36170549646346	275.0
357.3717061038821	288.0
357.3817067113007	294.0
357.3917073187193	294.0
357.4017079261379	294.0
357.4117085335565	288.0
357.4217091409751	281.0
357.4317097483937	272.0
357.44171035581235	259.0
357.45171096323094	245.0
357.4617115706495	226.0
357.4717121780681	218.0
357.48171278548676	213.0
357.49171339290535	213.0
357.50171400032394	218.0
357.51171460774253	226.0
357.5217152151612	234.0
357.53171582257977	242.0
357.54171642999836	248.0
357.551717037417	253.0
357.5617176448356	256.0
357.5717182522542	256.0
357.5817188596728	253.0
357.5917194670914	248.0
357.60172007451	245.0
357.6117206819286	245.0
357.62172128934725	236.0
357.63172189676584	228.0
357.64172250418443	223.0
357.651723111603	218.0
357.66172371902167	215.0
357.67172432644026	218.0
357.68172493385885	223.0
357.6917255412775	228.0
357.7017261486961	234.0
357.7117267561147	242.0
357.72172736353326	248.0
357.7317279709519	250.0
357.7417285783705	250.0
357.7517291857891	248.0
357.76172979320773	242.0
357.7717304006263	236.0
357.7817310080449	226.0
357.7917316154635	218.0
357.80173222288215	213.0
357.81173283030074	210.0
357.82173343771933	210.0
357.831734045138	210.0
357.84173465255657	210.0
357.85173525997516	210.0
357.86173586739375	210.0
357.8717364748124	210.0
357.881737082231	210.0
357.8917376896496	210.0
357.90173829706816	210.0
357.9117389044868	208.0
357.9217395119054	206.0
357.931740119324	203.0
357.94174072674264	203.0
357.9517413341612	206.0
357.9617419415798	210.0
357.9717425489984	220.0
357.98174315641705	231.0
357.99174376383564	250.0
358.00174437125423	275.0
358.0117449786729	291.0
358.02174558609147	301.0
358.03174619351006	305.0
358.04174680092865	305.0
358.0517474083473	298.0
358.0617480157659	291.0
358.0717486231845	272.0
358.0817492306031	259.0
358.0917498380217	248.0
358.1017504454403	236.0
358.1117510528589	223.0
358.12175166027754	218.0
358.13175226769613	218.0
358.1417528751147	218.0
358.15175348253337	223.0
358.16175408995196	228.0
358.17175469737055	234.0
358.18175530478914	239.0
358.1917559122078	245.0
358.2017565196264	250.0
358.21175712704496	253.0
358.2217577344636	253.0
358.2317583418822	250.0
358.2417589493008	245.0
358.2517595567194	239.0
358.261760164138	228.0
358.2717607715566	218.0
358.2817613789752	210.0
358.2917619863938	203.0
358.30176259381244	201.0
358.31176320123103	201.0
358.3217638086496	201.0
358.33176441606827	201.0
358.34176502348686	201.0
358.35176563090545	203.0
358.36176623832404	203.0
358.3717668457427	203.0
358.3817674531613	206.0
358.39176806057986	206.0
358.4017686679985	206.0
358.4117692754171	208.0
358.4217698828357	208.0
358.4317704902543	208.0
358.4417710976729	208.0
358.4517717050915	208.0
358.4617723125101	208.0
358.47177291992875	206.0
358.48177352734734	206.0
358.49177413476593	206.0
358.5017747421845	203.0
358.51177534960317	201.0
358.52177595702176	199.0
358.53177656444035	196.0
358.541777171859	194.0
358.5517777792776	192.0
358.5617783866962	190.0
358.57177899411477	187.0
358.5817796015334	185.0
358.591780208952	183.0
358.6017808163706	183.0
358.61178142378924	181.0
358.62178203120783	181.0
358.6317826386264	181.0
358.641783246045	179.0
358.65178385346366	179.0
358.66178446088225	177.0
358.67178506830084	175.0
358.6817856757194	173.0
358.6917862831381	173.0
358.70178689055666	171.0
358.71178749797525	171.0
358.7217881053939	171.0
358.7317887128125	171.0
358.7417893202311	169.0
358.75178992764967	169.0
358.7617905350683	167.0
358.7717911424869	167.0
358.7817917499055	167.0
358.79179235732414	167.0
358.80179296474273	167.0
358.8117935721613	167.0
358.8217941795799	167.0
358.83179478699856	167.0
358.84179539441715	169.0
358.85179600183574	173.0
358.8617966092544	177.0
358.871797216673	181.0
358.88179782409156	183.0
358.89179843151015	185.0
358.9017990389288	185.0
358.9117996463474	185.0
358.921800253766	183.0
358.9318008611846	181.0
358.9418014686032	177.0
358.9518020760218	175.0
358.9618026834404	175.0
358.97180329085904	173.0
358.98180389827763	171.0
358.9918045056962	171.0
359.00180511311487	171.0
359.01180572053346	173.0
359.02180632795205	173.0
359.03180693537064	173.0
359.0418075427893	171.0
359.0518081502079	171.0
359.06180875762647	171.0
359.07180936504506	171.0
359.0818099724637	171.0
359.0918105798823	171.0
359.1018111873009	175.0
359.11181179471953	179.0
359.1218124021381	181.0
359.1318130095567	185.0
359.1418136169753	187.0
359.15181422439395	185.0
359.16181483181253	183.0
359.1718154392311	179.0
359.1818160466498	175.0
359.19181665406836	171.0
359.20181726148695	169.0
359.21181786890554	167.0
359.2218184763242	167.0
359.2318190837428	167.0
359.24181969116137	169.0
359.25182029858	169.0
359.2618209059986	171.0
359.2718215134172	175.0
359.2818221208358	177.0
359.29182272825443	177.0
359.301823335673	179.0
359.3118239430916	177.0
359.32182455051026	175.0
359.33182515792885	0.0
359.34182576534744	0.0
359.351826372766	0.0
359.3618269801847	0.0
359.37182758760326	0.0
359.38182819502185	0.0
359.3918288024405	0.0
359.4018294098591	0.0
359.4118300172777	0.0
359.42183062469627	0.0
359.4318312321149	0.0
359.4418318395335	0.0
359.4518324469521	0.0
359.4618330543707	0.0
359.47183366178933	0.0
359.4818342692079	0.0
359.4918348766265	0.0
359.50183548404516	0.0
359.51183609146375	0.0
359.52183669888234	0.0
359.53183730630093	0.0
359.5418379137196	0.0
359.55183852113817	0.0
359.56183912855676	0.0
359.5718397359754	0.0
359.581840343394	0.0
359.5918409508126	0.0
359.6018415582312	0.0
359.6118421656498	0.0
359.6218427730684	0.0
359.631843380487	0.0
359.64184398790565	0.0
359.65184459532423	0.0
359.6618452027428	0.0
359.6718458101614	0.0
359.68184641758006	0.0
359.69184702499865	0.0
359.70184763241724	0.0
359.7118482398359	0.0
359.7218488472545	0.0
359.73184945467307	0.0
359.74185006209166	259.0
359.7518506695103	256.0
359.7618512769289	256.0
359.7718518843475	253.0
359.78185249176613	250.0
359.7918530991847	250.0
359.8018537066033	250.0
359.8118543140219	248.0
359.82185492144055	245.0
359.83185552885914	242.0
359.8418561362777	239.0
359.8518567436963	236.0
359.86185735111496	234.0
359.87185795853355	231.0
359.88185856595214	228.0
359.8918591733708	228.0
359.9018597807894	228.0
359.91186038820797	228.0
359.92186099562656	231.0
359.9318616030452	234.0
359.9418622104638	236.0
359.9518628178824	239.0
359.96186342530103	242.0
359.9718640327196	245.0
359.9818646401382	248.0
359.9918652475568	250.0
360.00186585497545	248.0
360.01186646239404	248.0
360.02186706981263	245.0
360.0318676772313	242.0
360.04186828464987	239.0
360.05186889206846	234.0
360.06186949948705	231.0
360.0718701069057	226.0
360.0818707143243	223.0
360.0918713217429	220.0
360.1018719291615	215.0
360.1118725365801	213.0
360.1218731439987	210.0
360.1318737514173	208.0
360.14187435883593	206.0
360.1518749662545	206.0
360.1618755736731	206.0
360.1718761810917	206.0
360.18187678851035	203.0
360.19187739592894	201.0
360.20187800334753	199.0
360.2118786107662	194.0
360.22187921818477	192.0
360.23187982560336	192.0
360.24188043302195	190.0
360.2518810404406	187.0
360.2618816478592	185.0
360.2718822552778	183.0
360.2818828626964	181.0
360.291883470115	179.0
360.3018840775336	177.0
360.3118846849522	177.0
360.32188529237084	177.0
360.3318858997894	177.0
360.341886507208	175.0
360.35188711462666	175.0
360.36188772204525	175.0
360.37188832946384	175.0
360.38188893688243	175.0
360.3918895443011	175.0
360.40189015171967	175.0
360.41189075913826	175.0
360.4218913665569	175.0
360.4318919739755	175.0
360.4418925813941	175.0
360.4518931888127	175.0
360.4618937962313	175.0
360.4718944036499	177.0
360.4818950110685	177.0
360.49189561848715	179.0
360.50189622590574	181.0
360.51189683332433	183.0
360.5218974407429	183.0
360.53189804816157	183.0
360.54189865558016	183.0
360.55189926299875	183.0
360.56189987041734	181.0
360.571900477836	179.0
360.5819010852546	177.0
360.59190169267316	177.0
360.6019023000918	175.0
360.6119029075104	173.0
360.621903514929	173.0
360.6319041223476	171.0
360.6419047297662	171.0
360.6519053371848	171.0
360.6619059446034	173.0
360.67190655202205	173.0
360.68190715944064	173.0
360.69190776685923	175.0
360.7019083742778	175.0
360.71190898169647	175.0
360.72190958911506	177.0
360.73191019653365	177.0
360.7419108039523	179.0
360.7519114113709	181.0
360.7619120187895	183.0
360.77191262620806	187.0
360.7819132336267	190.0
360.7919138410453	192.0
360.8019144484639	196.0
360.81191505588254	199.0
360.8219156633011	199.0
360.8319162707197	201.0
360.8419168781383	201.0
360.85191748555695	201.0
360.86191809297554	203.0
360.87191870039413	203.0
360.8819193078128	203.0
360.89191991523137	203.0
360.90192052264996	203.0
360.91192113006855	206.0
360.9219217374872	206.0
360.9319223449058	206.0
360.9419229523244	206.0
360.95192355974297	206.0
360.9619241671616	206.0
360.9719247745802	203.0
360.9819253819988	203.0
360.99192598941744	203.0
361.00192659683603	203.0
361.0119272042546	203.0
361.0219278116732	203.0
361.03192841909186	203.0
361.04192902651045	203.0
361.05192963392903	203.0
361.0619302413477	203.0
361.07193084876627	203.0
361.08193145618486	203.0
361.09193206360345	203.0
361.1019326710221	203.0
361.1119332784407	201.0
361.1219338858593	203.0
361.1319344932779	203.0
361.1419351006965	203.0
361.1519357081151	203.0
361.1619363155337	203.0
361.17193692295234	203.0
361.18193753037093	203.0
361.1919381377895	201.0
361.20193874520817	201.0
361.21193935262676	201.0
361.22193996004535	201.0
361.23194056746394	201.0
361.2419411748826	201.0
361.2519417823012	201.0
361.26194238971976	201.0
361.2719429971384	201.0
361.281943604557	201.0
361.2919442119756	201.0
361.3019448193942	201.0
361.3119454268128	201.0
361.3219460342314	201.0
361.33194664165	201.0
361.3419472490686	201.0
361.35194785648724	201.0
361.36194846390583	201.0
361.3719490713244	201.0
361.38194967874307	201.0
361.39195028616166	201.0
361.40195089358025	201.0
361.41195150099884	201.0
361.4219521084175	201.0
361.4319527158361	201.0
361.44195332325467	201.0
361.4519539306733	0.0
361.4619545380919	0.0
361.4719551455105	0.0
361.4819557529291	0.0
361.49195636034773	0.0
361.5019569677663	0.0
361.5119575751849	0.0
361.52195818260356	0.0
361.53195879002214	0.0
361.54195939744073	0.0
361.5519600048593	0.0
361.56196061227797	0.0
361.57196121969656	0.0
361.58196182711515	0.0
361.5919624345338	0.0
361.6019630419524	0.0
361.611963649371	0.0
361.62196425678957	0.0
361.6319648642082	0.0
361.6419654716268	0.0
361.6519660790454	0.0
361.66196668646404	0.0
361.67196729388263	0.0
361.6819679013012	0.0
361.6919685087198	0.0
361.70196911613846	0.0
361.71196972355705	0.0
361.72197033097564	0.0
361.7319709383942	0.0
361.7419715458129	0.0
361.75197215323146	0.0
361.76197276065005	0.0
361.7719733680687	0.0
361.7819739754873	0.0
361.7919745829059	0.0
361.80197519032447	0.0
361.8119757977431	0.0
361.8219764051617	0.0
361.8319770125803	0.0
361.84197761999894	0.0
361.85197822741753	0.0
361.8619788348361	0.0
361.8719794422547	0.0
361.88198004967336	0.0
361.89198065709195	0.0
361.90198126451054	0.0
361.9119818719292	0.0
361.9219824793478	0.0
361.93198308676637	0.0
361.94198369418496	0.0
361.9519843016036	0.0
361.9619849090222	0.0
361.9719855164408	0.0
361.98198612385943	0.0
361.991986731278	0.0
362.0019873386966	0.0
362.0119879461152	0.0
362.02198855353384	0.0
362.03198916095243	0.0
362.041989768371	0.0
362.05199037578967	0.0
362.06199098320826	0.0
362.07199159062685	0.0
362.08199219804544	0.0
362.0919928054641	0.0
362.1019934128827	0.0
362.11199402030127	0.0
362.12199462771986	0.0
362.1319952351385	0.0
362.1419958425571	0.0
362.1519964499757	0.0
362.16199705739433	0.0
362.1719976648129	0.0
362.1819982722315	0.0
362.1919988796501	0.0
362.20199948706875	0.0
362.21200009448734	0.0
362.2220007019059	0.0
362.2320013093246	0.0
362.24200191674316	0.0
362.25200252416175	0.0
362.26200313158034	0.0
362.272003738999	0.0
362.2820043464176	0.0
362.29200495383617	0.0
362.3020055612548	0.0
362.3120061686734	0.0
362.322006776092	0.0
362.3320073835106	0.0
362.34200799092923	0.0
362.3520085983478	0.0
362.3620092057664	0.0
362.37200981318506	0.0
362.38201042060365	0.0
362.39201102802224	0.0
362.40201163544083	0.0
362.4120122428595	0.0
362.42201285027807	0.0
362.43201345769666	0.0
362.4420140651153	0.0
362.4520146725339	0.0
362.4620152799525	0.0
362.4720158873711	0.0
362.4820164947897	0.0
362.4920171022083	0.0
362.5020177096269	0.0
362.5120183170455	0.0
362.52201892446413	0.0
362.5320195318827	0.0
362.5420201393013	0.0
362.55202074671996	0.0
362.56202135413855	0.0
362.57202196155714	0.0
362.58202256897573	0.0
362.5920231763944	0.0
362.60202378381297	0.0
362.61202439123156	0.0
362.6220249986502	0.0
362.6320256060688	0.0
362.6420262134874	0.0
362.652026820906	0.0
362.6620274283246	0.0
362.6720280357432	0.0
362.6820286431618	0.0
362.69202925058045	0.0
362.70202985799904	0.0
362.7120304654176	0.0
362.7220310728362	0.0
362.73203168025486	0.0
362.74203228767345	0.0
362.75203289509204	0.0
362.7620335025107	0.0
362.7720341099293	0.0
362.78203471734787	0.0
362.79203532476646	0.0
362.8020359321851	0.0
362.8120365396037	0.0
362.8220371470223	0.0
362.8320377544409	0.0
362.8420383618595	0.0
362.8520389692781	0.0
362.8620395766967	0.0
362.87204018411535	0.0
362.88204079153394	0.0
362.89204139895253	0.0
362.9020420063711	0.0
362.91204261378977	0.0
362.92204322120836	0.0
362.93204382862695	0.0
362.9420444360456	0.0
362.9520450434642	0.0
362.96204565088277	0.0
362.97204625830136	0.0
362.98204686572	0.0
362.9920474731386	0.0
363.0020480805572	0.0
363.01204868797583	0.0
363.0220492953944	0.0
363.032049902813	0.0
363.0420505102316	0.0
363.05205111765025	0.0
363.06205172506884	0.0
363.07205233248743	0.0
363.0820529399061	0.0
363.09205354732467	0.0
363.10205415474326	0.0
363.11205476216185	0.0
363.1220553695805	0.0
363.1320559769991	0.0
363.1420565844177	0.0
363.1520571918363	0.0
363.1620577992549	0.0
363.1720584066735	0.0
363.1820590140921	0.0
363.19205962151074	0.0
363.2020602289293	0.0
363.2120608363479	0.0
363.2220614437665	0.0
363.23206205118515	0.0
363.24206265860374	0.0
363.25206326602233	0.0
363.262063873441	0.0
363.27206448085957	0.0
363.28206508827816	0.0
363.29206569569675	0.0
363.3020663031154	0.0
363.312066910534	0.0
363.3220675179526	0.0
363.3320681253712	0.0
363.3420687327898	0.0
363.3520693402084	0.0
363.362069947627	0.0
363.37207055504564	0.0
363.38207116246423	0.0
363.3920717698828	0.0
363.40207237730147	0.0
363.41207298472006	0.0
363.42207359213864	0.0
363.43207419955723	0.0
363.4420748069759	0.0
363.45207541439447	0.0
363.46207602181306	0.0
363.4720766292317	0.0
363.4820772366503	0.0
363.4920778440689	0.0
363.5020784514875	0.0
363.5120790589061	0.0
363.5220796663247	0.0
363.5320802737433	0.0
363.54208088116195	0.0
363.55208148858054	0.0
363.56208209599913	0.0
363.5720827034177	0.0
363.58208331083637	0.0
363.59208391825496	0.0
363.60208452567355	0.0
363.61208513309214	0.0
363.6220857405108	0.0
363.6320863479294	0.0
363.64208695534796	0.0
363.6520875627666	0.0
363.6620881701852	0.0
363.6720887776038	0.0
363.6820893850224	0.0
363.692089992441	0.0
363.7020905998596	0.0
363.7120912072782	0.0
363.72209181469685	0.0
363.73209242211544	0.0
363.74209302953403	0.0
363.7520936369526	0.0
363.76209424437127	0.0
363.77209485178986	0.0
363.78209545920845	0.0
363.7920960666271	0.0
363.8020966740457	0.0
363.8120972814643	0.0
363.82209788888287	0.0
363.8320984963015	0.0
363.8420991037201	0.0
363.8520997111387	0.0
363.86210031855734	0.0
363.87210092597593	0.0
363.8821015333945	0.0
363.8921021408131	0.0
363.90210274823175	0.0
363.91210335565034	0.0
363.92210396306893	0.0
363.9321045704876	0.0
363.94210517790617	0.0
363.95210578532476	0.0
363.96210639274335	0.0
363.972107000162	0.0
363.9821076075806	0.0
363.9921082149992	0.0
364.00210882241777	0.0
364.0121094298364	0.0
364.022110037255	0.0
364.0321106446736	0.0
364.04211125209224	0.0
364.05211185951083	0.0
364.0621124669294	0.0
364.072113074348	0.0
364.08211368176666	0.0
364.09211428918525	0.0
364.10211489660384	0.0
364.1121155040225	0.0
364.1221161114411	0.0
364.13211671885966	0.0
364.14211732627825	0.0
364.1521179336969	0.0
364.1621185411155	0.0
364.1721191485341	0.0
364.1821197559527	0.0
364.1921203633713	0.0
364.2021209707899	0.0
364.2121215782085	0.0
364.22212218562714	0.0
364.23212279304573	0.0
364.2421234004643	0.0
364.25212400788297	0.0
364.26212461530156	0.0
364.27212522272015	0.0
364.28212583013874	0.0
364.2921264375574	0.0
364.302127044976	0.0
364.31212765239457	0.0
364.3221282598132	0.0
364.3321288672318	0.0
364.3421294746504	0.0
364.352130082069	0.0
364.3621306894876	0.0
364.3721312969062	0.0
364.3821319043248	0.0
364.3921325117434	0.0
364.40213311916204	0.0
364.41213372658063	0.0
364.4221343339992	0.0
364.43213494141787	0.0
364.44213554883646	0.0
364.45213615625505	0.0
364.46213676367364	0.0
364.4721373710923	0.0
364.4821379785109	0.0
364.49213858592947	0.0
364.5021391933481	0.0
364.5121398007667	0.0
364.5221404081853	0.0
364.5321410156039	0.0
364.54214162302253	0.0
364.5521422304411	0.0
364.5621428378597	0.0
364.57214344527836	0.0
364.58214405269695	0.0
364.59214466011554	0.0
364.6021452675341	0.0
364.6121458749528	0.0
364.62214648237136	0.0
364.63214708978995	0.0
364.6421476972086	0.0
364.6521483046272	0.0
364.6621489120458	0.0
364.67214951946437	0.0
364.682150126883	0.0
364.6921507343016	0.0
364.7021513417202	0.0
364.71215194913884	0.0
364.72215255655743	0.0
364.732153163976	0.0
364.7421537713946	0.0
364.75215437881326	0.0
364.76215498623185	0.0
364.77215559365044	0.0
364.78215620106903	0.0
364.7921568084877	0.0
364.80215741590627	0.0
364.81215802332486	0.0
364.8221586307435	0.0
364.8321592381621	0.0
364.8421598455807	0.0
364.85216045299927	0.0
364.8621610604179	0.0
364.8721616678365	0.0
364.8821622752551	0.0
364.89216288267374	0.0
364.90216349009233	0.0
364.9121640975109	0.0
364.9221647049295	0.0
364.93216531234816	0.0
364.94216591976675	0.0
364.95216652718534	0.0
364.962167134604	0.0
364.9721677420226	0.0
364.98216834944117	0.0
364.99216895685976	0.0
365.0021695642784	0.0
365.012170171697	0.0
365.0221707791156	0.0
365.03217138653423	0.0
365.0421719939528	0.0
365.0521726013714	0.0
365.06217320879	0.0
365.07217381620865	0.0
365.08217442362724	0.0
365.0921750310458	0.0
365.1021756384645	0.0
365.11217624588306	0.0
365.12217685330165	0.0
365.13217746072024	0.0
365.1421780681389	0.0
365.1521786755575	0.0
365.16217928297607	0.0
365.17217989039466	0.0
365.1821804978133	0.0
365.1921811052319	0.0
365.2021817126505	0.0
365.21218232006913	0.0
365.2221829274877	0.0
365.2321835349063	0.0
365.2421841423249	0.0
365.25218474974355	0.0
365.26218535716214	0.0
365.27218596458073	0.0
365.2821865719994	0.0
365.29218717941797	0.0
365.30218778683656	0.0
365.31218839425514	0.0
365.3221890016738	0.0
365.3321896090924	0.0
365.34219021651097	0.0
365.3521908239296	0.0
365.3621914313482	0.0
365.3721920387668	0.0
365.3821926461854	0.0
365.39219325360403	0.0
365.4021938610226	0.0
365.4121944684412	0.0
365.42219507585986	0.0
365.43219568327845	0.0
365.44219629069704	0.0
365.45219689811563	0.0
365.4621975055343	0.0
365.47219811295287	0.0
365.48219872037146	0.0
365.49219932779005	0.0
365.5021999352087	0.0
365.5122005426273	0.0
365.5222011500459	0.0
365.5322017574645	0.0
365.5422023648831	0.0
365.5522029723017	0.0
365.5622035797203	0.0
365.57220418713894	0.0
365.5822047945575	0.0
365.5922054019761	0.0
365.60220600939476	0.0
365.61220661681335	0.0
365.62220722423194	0.0
365.63220783165053	0.0
365.6422084390692	0.0
365.65220904648777	0.0
365.66220965390636	0.0
365.672210261325	0.0
365.6822108687436	0.0
365.6922114761622	0.0
365.7022120835808	0.0
365.7122126909994	0.0
365.722213298418	0.0
365.7322139058366	0.0
365.74221451325525	0.0
365.75221512067384	0.0
365.76221572809243	0.0
365.772216335511	0.0
365.78221694292967	0.0
365.79221755034825	0.0
365.80221815776684	0.0
365.8122187651855	0.0
365.8222193726041	0.0
365.83221998002267	0.0
365.84222058744126	0.0
365.8522211948599	0.0
365.8622218022785	0.0
365.8722224096971	0.0
365.8822230171157	0.0
365.8922236245343	0.0
365.9022242319529	0.0
365.9122248393715	0.0
365.92222544679015	0.0
365.93222605420874	0.0
365.94222666162733	0.0
365.9522272690459	0.0
365.96222787646457	0.0
365.97222848388316	0.0
365.98222909130175	0.0
365.9922296987204	0.0
366.002230306139	0.0
366.0122309135576	0.0
366.02223152097616	0.0
366.0322321283948	0.0
366.0422327358134	0.0
366.052233343232	0.0
366.06223395065064	0.0
366.0722345580692	0.0
366.0822351654878	0.0
366.0922357729064	0.0
366.10223638032505	0.0
366.11223698774364	0.0
366.12223759516223	0.0
366.1322382025809	0.0
366.14223880999947	0.0
366.15223941741806	0.0
366.16224002483665	0.0
366.1722406322553	0.0
366.1822412396739	0.0
366.1922418470925	0.0
366.2022424545111	0.0
366.2122430619297	0.0
366.2222436693483	0.0
366.2322442767669	0.0
366.24224488418554	0.0
366.2522454916041	0.0
366.2622460990227	0.0
366.2722467064413	0.0
366.28224731385995	0.0
366.29224792127854	0.0
366.30224852869713	0.0
366.3122491361158	0.0
366.32224974353437	0.0
366.33225035095296	0.0
366.34225095837155	0.0
366.3522515657902	0.0
366.3622521732088	0.0
366.3722527806274	0.0
366.382253388046	0.0
366.3922539954646	0.0
366.4022546028832	0.0
366.4122552103018	0.0
366.42225581772044	0.0
366.43225642513903	0.0
366.4422570325576	0.0
366.45225763997627	0.0
366.46225824739486	0.0
366.47225885481345	0.0
366.48225946223204	0.0
366.4922600696507	0.0
366.5022606770693	0.0
366.51226128448786	0.0
366.5222618919065	0.0
366.5322624993251	0.0
366.5422631067437	0.0
366.5522637141623	0.0
366.5622643215809	0.0
366.5722649289995	0.0
366.5822655364181	0.0
366.59226614383675	0.0
366.60226675125534	0.0
366.61226735867393	0.0
366.6222679660925	0.0
366.63226857351117	0.0
366.64226918092976	0.0
366.65226978834835	0.0
366.66227039576694	0.0
366.6722710031856	0.0
366.6822716106042	0.0
366.69227221802277	0.0
366.7022728254414	0.0
366.71227343286	0.0
366.7222740402786	0.0
366.7322746476972	0.0
366.7422752551158	0.0
366.7522758625344	0.0
366.762276469953	0.0
366.77227707737165	0.0
366.78227768479024	0.0
366.79227829220883	0.0
366.8022788996274	0.0
366.81227950704607	0.0
366.82228011446466	0.0
366.83228072188325	0.0
366.8422813293019	0.0
366.8522819367205	0.0
366.8622825441391	0.0
366.87228315155767	0.0
366.8822837589763	0.0
366.8922843663949	0.0
366.9022849738135	0.0
366.91228558123214	0.0
366.92228618865073	0.0
366.9322867960693	0.0
366.9422874034879	0.0
366.95228801090656	0.0
366.96228861832515	0.0
366.97228922574374	0.0
366.9822898331624	0.0
366.992290440581	0.0
367.00229104799956	0.0
367.01229165541815	0.0
367.0222922628368	0.0
367.0322928702554	0.0
367.042293477674	0.0
367.05229408509257	0.0
367.0622946925112	0.0
367.0722952999298	0.0
367.0822959073484	0.0
367.09229651476704	0.0
367.10229712218563	0.0
367.1122977296042	0.0
367.1222983370228	0.0
367.13229894444146	0.0
367.14229955186005	0.0
367.15230015927864	0.0
367.1623007666973	0.0
367.1723013741159	0.0
367.18230198153447	0.0
367.19230258895305	0.0
367.2023031963717	0.0
367.2123038037903	0.0
367.2223044112089	0.0
367.2323050186275	0.0
367.2423056260461	0.0
367.2523062334647	0.0
367.2623068408833	0.0
367.27230744830194	0.0
367.28230805572053	0.0
367.2923086631391	0.0
367.30230927055777	0.0
367.31230987797636	0.0
367.32231048539495	0.0
367.33231109281354	0.0
367.3423117002322	0.0
367.3523123076508	0.0
367.36231291506937	0.0
367.372313522488	0.0
367.3823141299066	0.0
367.3923147373252	0.0
367.4023153447438	0.0
367.41231595216243	0.0
367.422316559581	0.0
367.4323171669996	0.0
367.4423177744182	0.0
367.45231838183685	0.0
367.46231898925544	0.0
367.472319596674	0.0
367.4823202040927	0.0
367.49232081151126	0.0
367.50232141892985	0.0
367.51232202634844	0.0
367.5223226337671	0.0
367.5323232411857	0.0
367.54232384860427	0.0
367.5523244560229	0.0
367.5623250634415	0.0
367.5723256708601	0.0
367.5823262782787	0.0
367.59232688569733	0.0
367.6023274931159	0.0
367.6123281005345	0.0
367.62232870795316	0.0
367.63232931537175	0.0
367.64232992279034	0.0
367.6523305302089	0.0
367.6623311376276	0.0
367.67233174504616	0.0
367.68233235246475	0.0
367.6923329598834	0.0
367.702333567302	0.0
367.7123341747206	0.0
367.72233478213917	0.0
367.7323353895578	0.0
367.7423359969764	0.0
367.752336604395	0.0
367.7623372118136	0.0
367.77233781923223	0.0
367.7823384266508	0.0
367.7923390340694	0.0
367.80233964148806	0.0
367.81234024890665	0.0
367.82234085632524	0.0
367.83234146374383	0.0
367.8423420711625	0.0
367.85234267858107	0.0
367.86234328599966	0.0
367.8723438934183	0.0
367.8823445008369	0.0
367.8923451082555	0.0
367.9023457156741	0.0
367.9123463230927	0.0
367.9223469305113	0.0
367.9323475379299	0.0
367.94234814534855	0.0
367.95234875276714	0.0
367.9623493601857	0.0
367.9723499676043	0.0
367.98235057502296	0.0
367.99235118244155	0.0
368.00235178986014	0.0
368.0123523972788	0.0
368.0223530046974	0.0
368.03235361211597	0.0
368.04235421953456	0.0
368.0523548269532	0.0
368.0623554343718	0.0
368.0723560417904	0.0
368.08235664920903	0.0
368.0923572566276	0.0
368.1023578640462	0.0
368.1123584714648	0.0
368.12235907888345	0.0
368.13235968630204	0.0
368.1423602937206	0.0
368.1523609011392	0.0
368.16236150855786	0.0
368.17236211597645	0.0
368.18236272339504	0.0
368.1923633308137	0.0
368.2023639382323	0.0
368.21236454565087	0.0
368.22236515306946	0.0
368.2323657604881	0.0
368.2423663679067	0.0
368.2523669753253	0.0
368.26236758274393	0.0
368.2723681901625	0.0
368.2823687975811	0.0
368.2923694049997	0.0
368.30237001241835	0.0
368.31237061983694	0.0
368.32237122725553	0.0
368.3323718346742	0.0
368.34237244209277	0.0
368.35237304951136	0.0
368.36237365692995	0.0
368.3723742643486	0.0
368.3823748717672	0.0
368.3923754791858	0.0
368.4023760866044	0.0
368.412376694023	0.0
368.4223773014416	0.0
368.4323779088602	0.0
368.44237851627884	0.0
368.4523791236974	0.0
368.462379731116	0.0
368.47238033853466	0.0
368.48238094595325	0.0
368.49238155337184	0.0
368.50238216079043	0.0
368.5123827682091	0.0
368.52238337562767	0.0
368.53238398304626	0.0
368.54238459046485	0.0
368.5523851978835	0.0
368.5623858053021	0.0
368.5723864127207	0.0
368.5823870201393	0.0
368.5923876275579	0.0
368.6023882349765	0.0
368.6123888423951	0.0
368.62238944981374	0.0
368.6323900572323	0.0
368.6423906646509	0.0
368.65239127206956	0.0
368.66239187948815	0.0
368.67239248690674	0.0
368.68239309432533	0.0
368.692393701744	0.0
368.70239430916257	0.0
368.71239491658116	0.0
368.7223955239998	0.0
368.7323961314184	0.0
368.742396738837	0.0
368.7523973462556	0.0
368.7623979536742	0.0
368.7723985610928	0.0
368.7823991685114	0.0
368.79239977593005	0.0
368.80240038334864	0.0
368.81240099076723	0.0
368.8224015981858	0.0
368.83240220560447	0.0
368.84240281302306	0.0
368.85240342044165	0.0
368.8624040278603	0.0
368.8724046352789	0.0
368.8824052426975	0.0
368.89240585011606	0.0
368.9024064575347	0.0
368.9124070649533	0.0
368.9224076723719	0.0
368.9324082797905	0.0
368.9424088872091	0.0
368.9524094946277	0.0
368.9624101020463	0.0
368.97241070946495	0.0
368.98241131688354	0.0
368.99241192430213	0.0
369.0024125317207	0.0
369.01241313913937	0.0
369.02241374655796	0.0
369.03241435397655	0.0
369.0424149613952	0.0
369.0524155688138	0.0
369.0624161762324	0.0
369.07241678365097	0.0
369.0824173910696	0.0
369.0924179984882	0.0
369.1024186059068	0.0
369.11241921332544	0.0
369.122419820744	0.0
369.1324204281626	0.0
369.1424210355812	0.0
369.15242164299985	0.0
369.16242225041844	0.0
369.17242285783703	0.0
369.1824234652557	0.0
369.19242407267427	0.0
369.20242468009286	0.0
369.21242528751145	0.0
369.2224258949301	0.0
369.2324265023487	0.0
369.2424271097673	0.0
369.2524277171859	0.0
369.2624283246045	0.0
369.2724289320231	0.0
369.2824295394417	0.0
369.29243014686034	0.0
369.30243075427893	0.0
369.3124313616975	0.0
369.3224319691161	0.0
369.33243257653476	0.0
369.34243318395335	0.0
369.35243379137194	0.0
369.3624343987906	0.0
369.3724350062092	0.0
369.38243561362776	0.0
369.39243622104635	0.0
369.402436828465	0.0
369.4124374358836	0.0
369.4224380433022	0.0
369.4324386507208	0.0
369.4424392581394	0.0
369.452439865558	0.0
369.4624404729766	0.0
369.47244108039524	0.0
369.48244168781383	0.0
369.4924422952324	0.0
369.50244290265107	0.0
369.51244351006966	0.0
369.52244411748825	0.0
369.53244472490684	0.0
369.5424453323255	0.0
369.5524459397441	0.0
369.56244654716266	0.0
369.5724471545813	0.0
369.5824477619999	0.0
369.5924483694185	0.0
369.6024489768371	0.0
369.6124495842557	0.0
369.6224501916743	0.0
369.6324507990929	0.0
369.64245140651155	0.0
369.65245201393014	0.0
369.66245262134873	0.0
369.6724532287673	0.0
369.68245383618597	0.0
369.69245444360456	0.0
369.70245505102315	0.0
369.71245565844174	0.0
369.7224562658604	0.0
369.732456873279	0.0
369.74245748069757	0.0
369.7524580881162	0.0
369.7624586955348	0.0
369.7724593029534	0.0
369.782459910372	0.0
369.79246051779063	0.0
369.8024611252092	0.0
369.8124617326278	0.0
369.82246234004646	0.0
369.83246294746505	0.0
369.84246355488364	0.0
369.8524641623022	0.0
369.8624647697209	0.0
369.87246537713946	0.0
369.88246598455805	0.0
369.8924665919767	0.0
369.9024671993953	0.0
369.9124678068139	0.0
369.92246841423247	0.0
369.9324690216511	0.0
369.9424696290697	0.0
369.9524702364883	0.0
369.96247084390694	0.0
369.97247145132553	0.0
369.9824720587441	0.0
369.9924726661627	0.0
370.00247327358136	0.0
370.01247388099995	0.0
370.02247448841854	0.0
370.0324750958372	0.0
370.0424757032558	0.0
370.05247631067436	0.0
370.06247691809295	0.0
370.0724775255116	0.0
370.0824781329302	0.0
370.0924787403488	0.0
370.10247934776737	0.0
370.112479955186	0.0
370.1224805626046	0.0
370.1324811700232	0.0
370.14248177744184	0.0
370.15248238486043	0.0
370.162482992279	0.0
370.1724835996976	0.0
370.18248420711626	0.0
370.19248481453485	0.0
370.20248542195344	0.0
370.2124860293721	0.0
370.2224866367907	0.0
370.23248724420927	0.0
370.24248785162786	0.0
370.2524884590465	0.0
370.2624890664651	0.0
370.2724896738837	0.0
370.28249028130233	0.0
370.2924908887209	0.0
370.3024914961395	0.0
370.3124921035581	0.0
370.32249271097675	0.0
370.33249331839534	0.0
370.3424939258139	0.0
370.3524945332326	0.0
370.36249514065116	0.0
370.37249574806975	0.0
370.38249635548834	0.0
370.392496962907	0.0
370.4024975703256	0.0
370.41249817774417	0.0
370.42249878516276	0.0
370.4324993925814	0.0
370.4425	0.0
